FORMAT 2
KERNEL J
SOURCE (s|J|s)^(m)
SHELLS 5 1
ORDERS 5 6

# E <id> <alpha> <beta> <mu> <p>
E 0 0 4 0 -5
E 1 0 4 1 -5

# G <id> <2k> <L> <M>
G 0 0 4 4
G 1 0 4 -4
G 2 0 4 3
G 3 0 4 -3
G 4 0 4 2
G 5 0 4 -2
G 6 0 4 1
G 7 0 4 -1
G 8 0 4 0
G 9 0 6 4
G 10 0 6 6
G 11 2 4 4
G 12 0 6 -5
G 13 0 6 -6
G 14 0 6 -4
G 15 2 4 -4
G 16 0 6 3
G 17 0 6 5
G 18 2 4 3
G 19 0 6 -3
G 20 2 4 -3
G 21 0 6 2
G 22 2 4 2
G 23 0 6 -2
G 24 2 4 -2
G 25 0 6 1
G 26 2 4 1
G 27 0 6 -1
G 28 2 4 -1
G 29 0 6 0
G 30 2 4 0

# TABLE <l> <l'> <rows> [SYMMETRIC]
# ROW <m> <m'> <terms>
# T <prefactor> <num> <den> <radicand> <geometry> <boys order>

TABLE 5 1 33
ROW -5 -1 4
T 0  3 4 10  0  5
T 1  1 22 2  9  6
T 1  1 11 33  10  6
T 1  -3 22 10  11  6
ROW -5 0 1
T 1  -1 11 11  12  6
ROW -5 1 4
T 0  3 4 10  1  5
T 1  -1 11 33  13  6
T 1  1 22 2  14  6
T 1  -3 22 10  15  6
ROW -4 -1 4
T 0  3 2 2  2  5
T 1  1 22 6  16  6
T 1  1 22 110  17  6
T 1  -3 11 2  18  6
ROW -4 0 3
T 0  3 2 1  1  5
T 1  -2 11 5  14  6
T 1  -3 11 1  15  6
ROW -4 1 4
T 0  3 2 2  3  5
T 1  -1 22 110  12  6
T 1  1 22 6  19  6
T 1  -3 11 2  20  6
ROW -3 -1 6
T 0  1 2 14  4  5
T 0  1 4 2  0  5
T 1  1 11 3  21  6
T 1  3 22 10  9  6
T 1  -1 11 14  22  6
T 1  -1 22 2  11  6
ROW -3 0 3
T 0  2 1 1  3  5
T 1  -3 11 3  19  6
T 1  -4 11 1  20  6
ROW -3 1 6
T 0  -1 4 2  1  5
T 0  1 2 14  5  5
T 1  -3 22 10  14  6
T 1  1 11 3  23  6
T 1  1 22 2  15  6
T 1  -1 11 14  24  6
ROW -2 -1 6
T 0  1 4 42  6  5
T 0  1 4 6  2  5
T 1  1 11 5  25  6
T 1  3 11 2  16  6
T 1  -1 22 42  26  6
T 1  -1 22 6  18  6
ROW -2 0 3
T 0  1 2 21  5  5
T 1  -4 11 2  23  6
T 1  -1 11 21  24  6
ROW -2 1 6
T 0  -1 4 6  3  5
T 0  1 4 42  7  5
T 1  -3 11 2  19  6
T 1  1 11 5  27  6
T 1  1 22 6  20  6
T 1  -1 22 42  28  6
ROW -1 -1 6
T 0  1 2 15  8  5
T 0  1 2 3  4  5
T 1  1 11 15  29  6
T 1  1 11 14  21  6
T 1  -1 11 15  30  6
T 1  -1 11 3  22  6
ROW -1 0 3
T 0  1 1 6  7  5
T 1  -1 11 35  27  6
T 1  -2 11 6  28  6
ROW -1 1 3
T 0  -1 2 3  5  5
T 1  -1 11 14  23  6
T 1  1 11 3  24  6
ROW 0 -1 3
T 0  -1 2 10  7  5
T 1  -1 11 21  27  6
T 1  1 11 10  28  6
ROW 0 0 3
T 0  5 2 1  8  5
T 1  -6 11 1  29  6
T 1  -5 11 1  30  6
ROW 0 1 3
T 0  -1 2 10  6  5
T 1  -1 11 21  25  6
T 1  1 11 10  26  6
ROW 1 -1 3
T 0  -1 2 3  5  5
T 1  -1 11 14  23  6
T 1  1 11 3  24  6
ROW 1 0 3
T 0  1 1 6  6  5
T 1  -1 11 35  25  6
T 1  -2 11 6  26  6
ROW 1 1 6
T 0  1 2 15  8  5
T 0  -1 2 3  4  5
T 1  1 11 15  29  6
T 1  -1 11 14  21  6
T 1  -1 11 15  30  6
T 1  1 11 3  22  6
ROW 2 -1 6
T 0  -1 4 6  3  5
T 0  -1 4 42  7  5
T 1  -3 11 2  19  6
T 1  -1 11 5  27  6
T 1  1 22 6  20  6
T 1  1 22 42  28  6
ROW 2 0 3
T 0  1 2 21  4  5
T 1  -4 11 2  21  6
T 1  -1 11 21  22  6
ROW 2 1 6
T 0  1 4 42  6  5
T 0  -1 4 6  2  5
T 1  1 11 5  25  6
T 1  -3 11 2  16  6
T 1  -1 22 42  26  6
T 1  1 22 6  18  6
ROW 3 -1 6
T 0  -1 4 2  1  5
T 0  -1 2 14  5  5
T 1  -3 22 10  14  6
T 1  -1 11 3  23  6
T 1  1 22 2  15  6
T 1  1 11 14  24  6
ROW 3 0 3
T 0  2 1 1  2  5
T 1  -3 11 3  16  6
T 1  -4 11 1  18  6
ROW 3 1 6
T 0  1 2 14  4  5
T 0  -1 4 2  0  5
T 1  1 11 3  21  6
T 1  -3 22 10  9  6
T 1  -1 11 14  22  6
T 1  1 22 2  11  6
ROW 4 -1 4
T 0  -3 2 2  3  5
T 1  -1 22 110  12  6
T 1  -1 22 6  19  6
T 1  3 11 2  20  6
ROW 4 0 3
T 0  3 2 1  0  5
T 1  -2 11 5  9  6
T 1  -3 11 1  11  6
ROW 4 1 4
T 0  3 2 2  2  5
T 1  1 22 6  16  6
T 1  -1 22 110  17  6
T 1  -3 11 2  18  6
ROW 5 -1 4
T 0  -3 4 10  1  5
T 1  -1 11 33  13  6
T 1  -1 22 2  14  6
T 1  3 22 10  15  6
ROW 5 0 1
T 1  -1 11 11  17  6
ROW 5 1 4
T 0  3 4 10  0  5
T 1  1 22 2  9  6
T 1  -1 11 33  10  6
T 1  -3 22 10  11  6
