FORMAT 2
KERNEL J
SOURCE (s|J|s)^(m)
SHELLS 3 4
ORDERS 4 7

# E <id> <alpha> <beta> <mu> <p>
E 0 1 0 0 -4
E 1 1 0 1 -4
E 2 1 0 2 -4
E 3 1 0 3 -4

# G <id> <2k> <L> <M>
G 0 0 1 1
G 1 0 1 0
G 2 0 1 -1
G 3 0 3 1
G 4 2 1 1
G 5 0 3 0
G 6 2 1 0
G 7 0 3 2
G 8 0 3 -3
G 9 0 3 -2
G 10 0 3 -1
G 11 2 1 -1
G 12 0 3 3
G 13 0 5 1
G 14 2 3 1
G 15 4 1 1
G 16 0 5 0
G 17 2 3 0
G 18 4 1 0
G 19 0 5 5
G 20 0 5 2
G 21 0 5 4
G 22 2 3 2
G 23 0 5 -3
G 24 2 3 -3
G 25 0 5 -4
G 26 0 5 -2
G 27 2 3 -2
G 28 0 5 -5
G 29 0 5 -1
G 30 2 3 -1
G 31 4 1 -1
G 32 0 5 3
G 33 2 3 3
G 34 0 7 1
G 35 0 7 7
G 36 2 5 1
G 37 4 3 1
G 38 6 1 1
G 39 0 7 0
G 40 0 7 6
G 41 2 5 0
G 42 4 3 0
G 43 6 1 0
G 44 0 7 5
G 45 2 5 5
G 46 0 7 2
G 47 0 7 4
G 48 2 5 2
G 49 2 5 4
G 50 4 3 2
G 51 0 7 -3
G 52 2 5 -3
G 53 4 3 -3
G 54 0 7 -4
G 55 0 7 -2
G 56 2 5 -4
G 57 2 5 -2
G 58 4 3 -2
G 59 0 7 -5
G 60 0 7 -1
G 61 2 5 -5
G 62 2 5 -1
G 63 4 3 -1
G 64 6 1 -1
G 65 0 7 -6
G 66 0 7 -7
G 67 0 7 3
G 68 2 5 3
G 69 4 3 3

# TABLE <l> <l'> <rows> [SYMMETRIC]
# ROW <m> <m'> <terms>
# T <prefactor> <num> <den> <radicand> <geometry> <boys order>

TABLE 3 4 63
ROW -3 -4 11
T 0  15 8 14  0  4
T 1  3 4 21  3  5
T 1  -9 4 14  4  5
T 2  1 42 210  13  6
T 2  -1 3 21  14  6
T 2  9 14 14  15  6
T 3  5 858 2  34  7
T 3  5 858 6006  35  7
T 3  -1 273 210  36  7
T 3  1 33 21  37  7
T 3  -1 21 14  38  7
ROW -3 -3 11
T 0  15 8 7  1  4
T 1  9 4 7  5  5
T 1  -9 4 7  6  5
T 2  5 14 7  16  6
T 2  -1 1 7  17  6
T 2  9 14 7  18  6
T 3  5 429 7  39  7
T 3  5 429 858  40  7
T 3  -5 91 7  41  7
T 3  1 11 7  42  7
T 3  -1 21 7  43  7
ROW -3 -2 13
T 0  -15 16 2  0  4
T 1  -9 4 3  3  5
T 1  9 8 2  4  5
T 2  -5 28 30  13  6
T 2  5 14 7  19  6
T 2  1 1 3  14  6
T 2  -9 28 2  15  6
T 3  -5 429 14  34  7
T 3  5 429 462  44  7
T 3  5 182 30  36  7
T 3  -5 91 7  45  7
T 3  -1 11 3  37  7
T 3  1 42 2  38  7
ROW -3 -1 9
T 1  3 4 15  7  5
T 2  5 42 105  20  6
T 2  3 14 35  21  6
T 2  -1 3 15  22  6
T 3  5 429 42  46  7
T 3  5 429 231  47  7
T 3  -5 273 105  48  7
T 3  -3 91 35  49  7
T 3  1 33 15  50  7
ROW -3 0 6
T 1  -9 4 1  8  5
T 2  -5 7 7  23  6
T 2  1 1 1  24  6
T 3  -5 429 210  51  7
T 3  10 91 7  52  7
T 3  -1 11 1  53  7
ROW -3 1 9
T 1  3 4 15  9  5
T 2  -3 14 35  25  6
T 2  5 42 105  26  6
T 2  -1 3 15  27  6
T 3  -5 429 231  54  7
T 3  5 429 42  55  7
T 3  3 91 35  56  7
T 3  -5 273 105  57  7
T 3  1 33 15  58  7
ROW -3 2 13
T 0  -15 16 2  2  4
T 1  -9 4 3  10  5
T 1  9 8 2  11  5
T 2  -5 14 7  28  6
T 2  -5 28 30  29  6
T 2  1 1 3  30  6
T 2  -9 28 2  31  6
T 3  -5 429 462  59  7
T 3  -5 429 14  60  7
T 3  5 91 7  61  7
T 3  5 182 30  62  7
T 3  -1 11 3  63  7
T 3  1 42 2  64  7
ROW -3 3 1
T 3  -5 429 858  65  7
ROW -3 4 11
T 0  -15 8 14  2  4
T 1  -3 4 21  10  5
T 1  9 4 14  11  5
T 2  -1 42 210  29  6
T 2  1 3 21  30  6
T 2  -9 14 14  31  6
T 3  -5 858 6006  66  7
T 3  -5 858 2  60  7
T 3  1 273 210  62  7
T 3  -1 33 21  63  7
T 3  1 21 14  64  7
ROW -2 -4 7
T 1  -3 4 35  7  5
T 2  -1 3 5  20  6
T 2  1 3 35  22  6
T 3  -5 286 2  46  7
T 3  5 286 286  40  7
T 3  2 39 5  48  7
T 3  -1 33 35  50  7
ROW -2 -3 13
T 0  15 16 42  0  4
T 1  -3 4 7  3  5
T 1  -9 8 42  4  5
T 2  -11 84 70  13  6
T 2  -5 6 3  19  6
T 2  1 3 7  14  6
T 2  9 28 42  15  6
T 3  -10 429 6  34  7
T 3  10 143 22  44  7
T 3  11 546 70  36  7
T 3  5 39 3  45  7
T 3  -1 33 7  37  7
T 3  -1 42 42  38  7
ROW -2 -2 13
T 0  15 4 3  1  4
T 1  3 4 3  5  5
T 1  -9 2 3  6  5
T 2  -20 21 3  16  6
T 2  -2 21 105  21  6
T 2  -1 3 3  17  6
T 2  9 7 3  18  6
T 3  -35 429 3  39  7
T 3  5 143 77  47  7
T 3  40 273 3  41  7
T 3  4 273 105  49  7
T 3  1 33 3  42  7
T 3  -2 21 3  43  7
ROW -2 -1 16
T 0  -15 16 6  0  4
T 1  -3 1 1  3  5
T 1  -3 4 15  12  5
T 1  9 8 6  4  5
T 2  25 84 10  13  6
T 2  -1 42 105  32  6
T 2  4 3 1  14  6
T 2  1 3 15  33  6
T 2  -9 28 6  15  6
T 3  10 429 42  34  7
T 3  10 143 14  67  7
T 3  -25 546 10  36  7
T 3  1 273 105  68  7
T 3  -4 33 1  37  7
T 3  -1 33 15  69  7
T 3  1 42 6  38  7
ROW -2 0 6
T 1  21 4 1  9  5
T 2  -5 21 7  26  6
T 2  -7 3 1  27  6
T 3  -5 143 70  55  7
T 3  10 273 7  57  7
T 3  7 33 1  58  7
ROW -2 1 16
T 0  -15 16 6  2  4
T 1  3 4 15  8  5
T 1  -3 1 1  10  5
T 1  9 8 6  11  5
T 2  1 42 105  23  6
T 2  25 84 10  29  6
T 2  -1 3 15  24  6
T 2  4 3 1  30  6
T 2  -9 28 6  31  6
T 3  -10 143 14  51  7
T 3  10 429 42  60  7
T 3  -1 273 105  52  7
T 3  -25 546 10  62  7
T 3  1 33 15  53  7
T 3  -4 33 1  63  7
T 3  1 42 6  64  7
ROW -2 2 3
T 2  2 21 105  25  6
T 3  -5 143 77  54  7
T 3  -4 273 105  56  7
ROW -2 3 13
T 0  -15 16 42  2  4
T 1  3 4 7  10  5
T 1  9 8 42  11  5
T 2  5 6 3  28  6
T 2  11 84 70  29  6
T 2  -1 3 7  30  6
T 2  -9 28 42  31  6
T 3  -10 143 22  59  7
T 3  10 429 6  60  7
T 3  -5 39 3  61  7
T 3  -11 546 70  62  7
T 3  1 33 7  63  7
T 3  1 42 42  64  7
ROW -2 4 7
T 1  3 4 35  9  5
T 2  1 3 5  26  6
T 2  -1 3 35  27  6
T 3  -5 286 286  65  7
T 3  5 286 2  55  7
T 3  -2 39 5  57  7
T 3  1 33 35  58  7
ROW -1 -4 9
T 1  3 4 21  12  5
T 2  2 3 3  32  6
T 2  1 3 15  19  6
T 2  -1 3 21  33  6
T 3  5 286 10  67  7
T 3  5 286 110  44  7
T 3  -4 39 3  68  7
T 3  -2 39 15  45  7
T 3  1 33 21  69  7
ROW -1 -3 9
T 1  -3 4 7  7  5
T 2  7 6 1  20  6
T 2  -1 6 3  21  6
T 2  1 3 7  22  6
T 3  5 143 10  46  7
T 3  5 143 55  47  7
T 3  -7 39 1  48  7
T 3  1 39 3  49  7
T 3  -1 33 7  50  7
ROW -1 -2 16
T 0  15 16 30  0  4
T 1  -3 2 5  3  5
T 1  9 4 3  12  5
T 1  -9 8 30  4  5
T 2  43 84 2  13  6
T 2  -3 14 21  32  6
T 2  2 3 5  14  6
T 2  -1 1 3  33  6
T 2  9 28 30  15  6
T 3  5 429 210  34  7
T 3  5 143 70  67  7
T 3  -43 546 2  36  7
T 3  3 91 21  68  7
T 3  -2 33 5  37  7
T 3  1 11 3  69  7
T 3  -1 42 30  38  7
ROW -1 -1 16
T 0  15 8 15  1  4
T 1  -3 4 15  5  5
T 1  3 1 1  7  5
T 1  -9 4 15  6  5
T 2  1 42 15  16  6
T 2  -8 21 7  20  6
T 2  1 3 15  17  6
T 2  -4 3 1  22  6
T 2  9 14 15  18  6
T 3  35 429 15  39  7
T 3  5 143 70  46  7
T 3  -1 273 15  41  7
T 3  16 273 7  48  7
T 3  -1 33 15  42  7
T 3  4 33 1  50  7
T 3  -1 21 15  43  7
ROW -1 0 10
T 0  -15 8 6  2  4
T 1  -3 4 1  10  5
T 1  9 4 6  11  5
T 2  11 42 10  29  6
T 2  1 3 1  30  6
T 2  -9 14 6  31  6
T 3  -25 429 42  60  7
T 3  -11 273 10  62  7
T 3  -1 33 1  63  7
T 3  1 21 6  64  7
ROW -1 1 6
T 1  -3 1 1  9  5
T 2  8 21 7  26  6
T 2  4 3 1  27  6
T 3  -5 143 70  55  7
T 3  -16 273 7  57  7
T 3  -4 33 1  58  7
ROW -1 2 16
T 0  -15 16 30  2  4
T 1  -9 4 3  8  5
T 1  3 2 5  10  5
T 1  9 8 30  11  5
T 2  3 14 21  23  6
T 2  -43 84 2  29  6
T 2  1 1 3  24  6
T 2  -2 3 5  30  6
T 2  -9 28 30  31  6
T 3  -5 143 70  51  7
T 3  -5 429 210  60  7
T 3  -3 91 21  52  7
T 3  43 546 2  62  7
T 3  -1 11 3  53  7
T 3  2 33 5  63  7
T 3  1 42 30  64  7
ROW -1 3 9
T 1  3 4 7  9  5
T 2  1 6 3  25  6
T 2  -7 6 1  26  6
T 2  -1 3 7  27  6
T 3  -5 143 55  54  7
T 3  -5 143 10  55  7
T 3  -1 39 3  56  7
T 3  7 39 1  57  7
T 3  1 33 7  58  7
ROW -1 4 9
T 1  -3 4 21  8  5
T 2  -1 3 15  28  6
T 2  -2 3 3  23  6
T 2  1 3 21  24  6
T 3  -5 286 110  59  7
T 3  -5 286 10  51  7
T 3  2 39 15  61  7
T 3  4 39 3  52  7
T 3  -1 33 21  53  7
ROW 0 -4 3
T 2  -2 1 1  25  6
T 3  -5 429 165  54  7
T 3  4 13 1  56  7
ROW 0 -3 6
T 1  9 4 7  8  5
T 2  -1 1 1  23  6
T 2  -1 1 7  24  6
T 3  -20 429 30  51  7
T 3  2 13 1  52  7
T 3  1 11 7  53  7
ROW 0 -2 6
T 1  3 4 3  9  5
T 2  1 21 21  26  6
T 2  -1 3 3  27  6
T 3  -10 429 210  55  7
T 3  -2 273 21  57  7
T 3  1 33 3  58  7
ROW 0 -1 10
T 0  15 8 10  2  4
T 1  -3 4 15  10  5
T 1  -9 4 10  11  5
T 2  19 42 6  29  6
T 2  1 3 15  30  6
T 2  9 14 10  31  6
T 3  -20 429 70  60  7
T 3  -19 273 6  62  7
T 3  -1 33 15  63  7
T 3  -1 21 10  64  7
ROW 0 0 10
T 0  15 2 1  1  4
T 1  -9 2 1  5  5
T 1  -9 1 1  6  5
T 2  10 7 1  16  6
T 2  2 1 1  17  6
T 2  18 7 1  18  6
T 3  -175 429 1  39  7
T 3  -20 91 1  41  7
T 3  -2 11 1  42  7
T 3  -4 21 1  43  7
ROW 0 1 10
T 0  15 8 10  0  4
T 1  -3 4 15  3  5
T 1  -9 4 10  4  5
T 2  19 42 6  13  6
T 2  1 3 15  14  6
T 2  9 14 10  15  6
T 3  -20 429 70  34  7
T 3  -19 273 6  36  7
T 3  -1 33 15  37  7
T 3  -1 21 10  38  7
ROW 0 2 6
T 1  3 4 3  7  5
T 2  1 21 21  20  6
T 2  -1 3 3  22  6
T 3  -10 429 210  46  7
T 3  -2 273 21  48  7
T 3  1 33 3  50  7
ROW 0 3 6
T 1  9 4 7  12  5
T 2  -1 1 1  32  6
T 2  -1 1 7  33  6
T 3  -20 429 30  67  7
T 3  2 13 1  68  7
T 3  1 11 7  69  7
ROW 0 4 3
T 2  -2 1 1  21  6
T 3  -5 429 165  47  7
T 3  4 13 1  49  7
ROW 1 -4 9
T 1  3 4 21  8  5
T 2  -1 3 15  28  6
T 2  2 3 3  23  6
T 2  -1 3 21  24  6
T 3  -5 286 110  59  7
T 3  5 286 10  51  7
T 3  2 39 15  61  7
T 3  -4 39 3  52  7
T 3  1 33 21  53  7
ROW 1 -3 9
T 1  -3 4 7  9  5
T 2  1 6 3  25  6
T 2  7 6 1  26  6
T 2  1 3 7  27  6
T 3  -5 143 55  54  7
T 3  5 143 10  55  7
T 3  -1 39 3  56  7
T 3  -7 39 1  57  7
T 3  -1 33 7  58  7
ROW 1 -2 16
T 0  15 16 30  2  4
T 1  -9 4 3  8  5
T 1  -3 2 5  10  5
T 1  -9 8 30  11  5
T 2  3 14 21  23  6
T 2  43 84 2  29  6
T 2  1 1 3  24  6
T 2  2 3 5  30  6
T 2  9 28 30  31  6
T 3  -5 143 70  51  7
T 3  5 429 210  60  7
T 3  -3 91 21  52  7
T 3  -43 546 2  62  7
T 3  -1 11 3  53  7
T 3  -2 33 5  63  7
T 3  -1 42 30  64  7
ROW 1 -1 6
T 1  -3 1 1  9  5
T 2  8 21 7  26  6
T 2  4 3 1  27  6
T 3  -5 143 70  55  7
T 3  -16 273 7  57  7
T 3  -4 33 1  58  7
ROW 1 0 10
T 0  -15 8 6  0  4
T 1  -3 4 1  3  5
T 1  9 4 6  4  5
T 2  11 42 10  13  6
T 2  1 3 1  14  6
T 2  -9 14 6  15  6
T 3  -25 429 42  34  7
T 3  -11 273 10  36  7
T 3  -1 33 1  37  7
T 3  1 21 6  38  7
ROW 1 1 16
T 0  15 8 15  1  4
T 1  -3 4 15  5  5
T 1  -3 1 1  7  5
T 1  -9 4 15  6  5
T 2  1 42 15  16  6
T 2  8 21 7  20  6
T 2  1 3 15  17  6
T 2  4 3 1  22  6
T 2  9 14 15  18  6
T 3  35 429 15  39  7
T 3  -5 143 70  46  7
T 3  -1 273 15  41  7
T 3  -16 273 7  48  7
T 3  -1 33 15  42  7
T 3  -4 33 1  50  7
T 3  -1 21 15  43  7
ROW 1 2 16
T 0  15 16 30  0  4
T 1  -3 2 5  3  5
T 1  -9 4 3  12  5
T 1  -9 8 30  4  5
T 2  43 84 2  13  6
T 2  3 14 21  32  6
T 2  2 3 5  14  6
T 2  1 1 3  33  6
T 2  9 28 30  15  6
T 3  5 429 210  34  7
T 3  -5 143 70  67  7
T 3  -43 546 2  36  7
T 3  -3 91 21  68  7
T 3  -2 33 5  37  7
T 3  -1 11 3  69  7
T 3  -1 42 30  38  7
ROW 1 3 9
T 1  -3 4 7  7  5
T 2  7 6 1  20  6
T 2  1 6 3  21  6
T 2  1 3 7  22  6
T 3  5 143 10  46  7
T 3  -5 143 55  47  7
T 3  -7 39 1  48  7
T 3  -1 39 3  49  7
T 3  -1 33 7  50  7
ROW 1 4 9
T 1  3 4 21  12  5
T 2  2 3 3  32  6
T 2  -1 3 15  19  6
T 2  -1 3 21  33  6
T 3  5 286 10  67  7
T 3  -5 286 110  44  7
T 3  -4 39 3  68  7
T 3  2 39 15  45  7
T 3  1 33 21  69  7
ROW 2 -4 7
T 1  -3 4 35  9  5
T 2  -1 3 5  26  6
T 2  1 3 35  27  6
T 3  -5 286 286  65  7
T 3  -5 286 2  55  7
T 3  2 39 5  57  7
T 3  -1 33 35  58  7
ROW 2 -3 13
T 0  15 16 42  2  4
T 1  -3 4 7  10  5
T 1  -9 8 42  11  5
T 2  5 6 3  28  6
T 2  -11 84 70  29  6
T 2  1 3 7  30  6
T 2  9 28 42  31  6
T 3  -10 143 22  59  7
T 3  -10 429 6  60  7
T 3  -5 39 3  61  7
T 3  11 546 70  62  7
T 3  -1 33 7  63  7
T 3  -1 42 42  64  7
ROW 2 -2 3
T 2  2 21 105  25  6
T 3  -5 143 77  54  7
T 3  -4 273 105  56  7
ROW 2 -1 16
T 0  15 16 6  2  4
T 1  3 4 15  8  5
T 1  3 1 1  10  5
T 1  -9 8 6  11  5
T 2  1 42 105  23  6
T 2  -25 84 10  29  6
T 2  -1 3 15  24  6
T 2  -4 3 1  30  6
T 2  9 28 6  31  6
T 3  -10 143 14  51  7
T 3  -10 429 42  60  7
T 3  -1 273 105  52  7
T 3  25 546 10  62  7
T 3  1 33 15  53  7
T 3  4 33 1  63  7
T 3  -1 42 6  64  7
ROW 2 0 6
T 1  21 4 1  7  5
T 2  -5 21 7  20  6
T 2  -7 3 1  22  6
T 3  -5 143 70  46  7
T 3  10 273 7  48  7
T 3  7 33 1  50  7
ROW 2 1 16
T 0  -15 16 6  0  4
T 1  -3 1 1  3  5
T 1  3 4 15  12  5
T 1  9 8 6  4  5
T 2  25 84 10  13  6
T 2  1 42 105  32  6
T 2  4 3 1  14  6
T 2  -1 3 15  33  6
T 2  -9 28 6  15  6
T 3  10 429 42  34  7
T 3  -10 143 14  67  7
T 3  -25 546 10  36  7
T 3  -1 273 105  68  7
T 3  -4 33 1  37  7
T 3  1 33 15  69  7
T 3  1 42 6  38  7
ROW 2 2 13
T 0  15 4 3  1  4
T 1  3 4 3  5  5
T 1  -9 2 3  6  5
T 2  -20 21 3  16  6
T 2  2 21 105  21  6
T 2  -1 3 3  17  6
T 2  9 7 3  18  6
T 3  -35 429 3  39  7
T 3  -5 143 77  47  7
T 3  40 273 3  41  7
T 3  -4 273 105  49  7
T 3  1 33 3  42  7
T 3  -2 21 3  43  7
ROW 2 3 13
T 0  15 16 42  0  4
T 1  -3 4 7  3  5
T 1  -9 8 42  4  5
T 2  -11 84 70  13  6
T 2  5 6 3  19  6
T 2  1 3 7  14  6
T 2  9 28 42  15  6
T 3  -10 429 6  34  7
T 3  -10 143 22  44  7
T 3  11 546 70  36  7
T 3  -5 39 3  45  7
T 3  -1 33 7  37  7
T 3  -1 42 42  38  7
ROW 2 4 7
T 1  -3 4 35  7  5
T 2  -1 3 5  20  6
T 2  1 3 35  22  6
T 3  -5 286 2  46  7
T 3  -5 286 286  40  7
T 3  2 39 5  48  7
T 3  -1 33 35  50  7
ROW 3 -4 11
T 0  15 8 14  2  4
T 1  3 4 21  10  5
T 1  -9 4 14  11  5
T 2  1 42 210  29  6
T 2  -1 3 21  30  6
T 2  9 14 14  31  6
T 3  -5 858 6006  66  7
T 3  5 858 2  60  7
T 3  -1 273 210  62  7
T 3  1 33 21  63  7
T 3  -1 21 14  64  7
ROW 3 -3 1
T 3  -5 429 858  65  7
ROW 3 -2 13
T 0  15 16 2  2  4
T 1  9 4 3  10  5
T 1  -9 8 2  11  5
T 2  -5 14 7  28  6
T 2  5 28 30  29  6
T 2  -1 1 3  30  6
T 2  9 28 2  31  6
T 3  -5 429 462  59  7
T 3  5 429 14  60  7
T 3  5 91 7  61  7
T 3  -5 182 30  62  7
T 3  1 11 3  63  7
T 3  -1 42 2  64  7
ROW 3 -1 9
T 1  -3 4 15  9  5
T 2  -3 14 35  25  6
T 2  -5 42 105  26  6
T 2  1 3 15  27  6
T 3  -5 429 231  54  7
T 3  -5 429 42  55  7
T 3  3 91 35  56  7
T 3  5 273 105  57  7
T 3  -1 33 15  58  7
ROW 3 0 6
T 1  -9 4 1  12  5
T 2  -5 7 7  32  6
T 2  1 1 1  33  6
T 3  -5 429 210  67  7
T 3  10 91 7  68  7
T 3  -1 11 1  69  7
ROW 3 1 9
T 1  3 4 15  7  5
T 2  5 42 105  20  6
T 2  -3 14 35  21  6
T 2  -1 3 15  22  6
T 3  5 429 42  46  7
T 3  -5 429 231  47  7
T 3  -5 273 105  48  7
T 3  3 91 35  49  7
T 3  1 33 15  50  7
ROW 3 2 13
T 0  -15 16 2  0  4
T 1  -9 4 3  3  5
T 1  9 8 2  4  5
T 2  -5 28 30  13  6
T 2  -5 14 7  19  6
T 2  1 1 3  14  6
T 2  -9 28 2  15  6
T 3  -5 429 14  34  7
T 3  -5 429 462  44  7
T 3  5 182 30  36  7
T 3  5 91 7  45  7
T 3  -1 11 3  37  7
T 3  1 42 2  38  7
ROW 3 3 11
T 0  15 8 7  1  4
T 1  9 4 7  5  5
T 1  -9 4 7  6  5
T 2  5 14 7  16  6
T 2  -1 1 7  17  6
T 2  9 14 7  18  6
T 3  5 429 7  39  7
T 3  -5 429 858  40  7
T 3  -5 91 7  41  7
T 3  1 11 7  42  7
T 3  -1 21 7  43  7
ROW 3 4 11
T 0  15 8 14  0  4
T 1  3 4 21  3  5
T 1  -9 4 14  4  5
T 2  1 42 210  13  6
T 2  -1 3 21  14  6
T 2  9 14 14  15  6
T 3  5 858 2  34  7
T 3  -5 858 6006  35  7
T 3  -1 273 210  36  7
T 3  1 33 21  37  7
T 3  -1 21 14  38  7
