FORMAT 2
KERNEL J
SOURCE (s|J|s)^(m)
SHELLS 5 4
ORDERS 5 9

# E <id> <alpha> <beta> <mu> <p>
E 0 0 1 0 -5
E 1 0 1 1 -5
E 2 0 1 2 -5
E 3 0 1 3 -5
E 4 0 1 4 -5

# G <id> <2k> <L> <M>
G 0 0 1 1
G 1 0 1 -1
G 2 0 1 0
G 3 0 3 1
G 4 2 1 1
G 5 0 3 2
G 6 0 3 3
G 7 0 3 -3
G 8 0 3 -2
G 9 0 3 -1
G 10 2 1 -1
G 11 0 3 0
G 12 2 1 0
G 13 0 5 1
G 14 2 3 1
G 15 4 1 1
G 16 0 5 2
G 17 2 3 2
G 18 0 5 3
G 19 2 3 3
G 20 0 5 4
G 21 0 5 -5
G 22 0 5 -4
G 23 0 5 -3
G 24 2 3 -3
G 25 0 5 -2
G 26 2 3 -2
G 27 0 5 -1
G 28 2 3 -1
G 29 4 1 -1
G 30 0 5 0
G 31 2 3 0
G 32 4 1 0
G 33 0 5 5
G 34 0 7 1
G 35 2 5 1
G 36 4 3 1
G 37 6 1 1
G 38 0 7 2
G 39 2 5 2
G 40 4 3 2
G 41 0 7 3
G 42 0 7 7
G 43 2 5 3
G 44 4 3 3
G 45 0 7 4
G 46 0 7 6
G 47 2 5 4
G 48 0 7 -5
G 49 2 5 -5
G 50 0 7 -6
G 51 0 7 -4
G 52 2 5 -4
G 53 0 7 -7
G 54 0 7 -3
G 55 2 5 -3
G 56 4 3 -3
G 57 0 7 -2
G 58 2 5 -2
G 59 4 3 -2
G 60 0 7 -1
G 61 2 5 -1
G 62 4 3 -1
G 63 6 1 -1
G 64 0 7 0
G 65 2 5 0
G 66 4 3 0
G 67 6 1 0
G 68 0 7 5
G 69 2 5 5
G 70 0 9 1
G 71 0 9 9
G 72 2 7 1
G 73 4 5 1
G 74 6 3 1
G 75 8 1 1
G 76 0 9 2
G 77 0 9 8
G 78 2 7 2
G 79 4 5 2
G 80 6 3 2
G 81 0 9 3
G 82 0 9 7
G 83 2 7 3
G 84 2 7 7
G 85 4 5 3
G 86 6 3 3
G 87 0 9 4
G 88 0 9 6
G 89 2 7 4
G 90 2 7 6
G 91 4 5 4
G 92 0 9 -5
G 93 2 7 -5
G 94 4 5 -5
G 95 0 9 -6
G 96 0 9 -4
G 97 2 7 -6
G 98 2 7 -4
G 99 4 5 -4
G 100 0 9 -7
G 101 0 9 -3
G 102 2 7 -7
G 103 2 7 -3
G 104 4 5 -3
G 105 6 3 -3
G 106 0 9 -8
G 107 0 9 -2
G 108 2 7 -2
G 109 4 5 -2
G 110 6 3 -2
G 111 0 9 -9
G 112 0 9 -1
G 113 2 7 -1
G 114 4 5 -1
G 115 6 3 -1
G 116 8 1 -1
G 117 0 9 0
G 118 2 7 0
G 119 4 5 0
G 120 6 3 0
G 121 8 1 0
G 122 0 9 5
G 123 2 7 5
G 124 4 5 5

# TABLE <l> <l'> <rows> [SYMMETRIC]
# ROW <m> <m'> <terms>
# T <prefactor> <num> <den> <radicand> <geometry> <boys order>

TABLE 5 4 99
ROW -5 -4 16
T 0  -315 32 10  0  5
T 1  -21 4 15  3  6
T 1  63 4 10  4  6
T 2  -5 4 6  13  7
T 2  7 2 15  14  7
T 2  -27 4 10  15  7
T 3  -5 286 70  34  8
T 3  5 13 6  35  8
T 3  -7 11 15  36  8
T 3  1 1 10  37  8
T 4  -7 4862 2  70  9
T 4  21 2431 2431  71  9
T 4  5 2431 70  72  9
T 4  -1 39 6  73  9
T 4  14 429 15  74  9
T 4  -1 22 10  75  9
ROW -5 -3 11
T 1  105 8 3  5  6
T 2  5 4 21  16  7
T 2  -35 4 3  17  7
T 3  15 572 210  38  8
T 3  -5 13 21  39  8
T 3  35 22 3  40  8
T 4  7 4862 22  76  9
T 4  14 2431 2431  77  9
T 4  -15 4862 210  78  9
T 4  1 39 21  79  9
T 4  -35 429 3  80  9
ROW -5 -2 13
T 1  -45 8 7  6  6
T 2  -15 2 1  18  7
T 2  15 4 7  19  7
T 3  -75 572 30  41  8
T 3  5 572 30030  42  8
T 3  30 13 1  43  8
T 3  -15 22 7  44  8
T 4  -7 2431 33  81  9
T 4  14 2431 1001  82  9
T 4  75 4862 30  83  9
T 4  -5 4862 30030  84  9
T 4  -2 13 1  85  9
T 4  5 143 7  86  9
ROW -5 -1 9
T 2  15 2 1  20  7
T 3  25 286 165  45  8
T 3  15 572 4290  46  8
T 3  -30 13 1  47  8
T 4  7 2431 143  87  9
T 4  7 4862 6006  88  9
T 4  -25 2431 165  89  9
T 4  -15 4862 4290  90  9
T 4  2 13 1  91  9
ROW -5 0 6
T 2  -15 2 1  21  7
T 3  -75 286 66  48  8
T 3  30 13 1  49  8
T 4  -7 2431 1001  92  9
T 4  75 2431 66  93  9
T 4  -2 13 1  94  9
ROW -5 1 9
T 2  15 2 1  22  7
T 3  -15 572 4290  50  8
T 3  25 286 165  51  8
T 3  -30 13 1  52  8
T 4  -7 4862 6006  95  9
T 4  7 2431 143  96  9
T 4  15 4862 4290  97  9
T 4  -25 2431 165  98  9
T 4  2 13 1  99  9
ROW -5 2 13
T 1  -45 8 7  7  6
T 2  -15 2 1  23  7
T 2  15 4 7  24  7
T 3  -5 572 30030  53  8
T 3  -75 572 30  54  8
T 3  30 13 1  55  8
T 3  -15 22 7  56  8
T 4  -14 2431 1001  100  9
T 4  -7 2431 33  101  9
T 4  5 4862 30030  102  9
T 4  75 4862 30  103  9
T 4  -2 13 1  104  9
T 4  5 143 7  105  9
ROW -5 3 11
T 1  105 8 3  8  6
T 2  5 4 21  25  7
T 2  -35 4 3  26  7
T 3  15 572 210  57  8
T 3  -5 13 21  58  8
T 3  35 22 3  59  8
T 4  -14 2431 2431  106  9
T 4  7 4862 22  107  9
T 4  -15 4862 210  108  9
T 4  1 39 21  109  9
T 4  -35 429 3  110  9
ROW -5 4 16
T 0  -315 32 10  1  5
T 1  -21 4 15  9  6
T 1  63 4 10  10  6
T 2  -5 4 6  27  7
T 2  7 2 15  28  7
T 2  -27 4 10  29  7
T 3  -5 286 70  60  8
T 3  5 13 6  61  8
T 3  -7 11 15  62  8
T 3  1 1 10  63  8
T 4  -21 2431 2431  111  9
T 4  -7 4862 2  112  9
T 4  5 2431 70  113  9
T 4  -1 39 6  114  9
T 4  14 429 15  115  9
T 4  -1 22 10  116  9
ROW -4 -4 16
T 0  -315 16 1  2  5
T 1  -63 2 1  11  6
T 1  63 2 1  12  6
T 2  -15 2 1  30  7
T 2  21 1 1  31  7
T 2  -27 2 1  32  7
T 3  -70 143 1  64  8
T 3  30 13 1  65  8
T 3  -42 11 1  66  8
T 3  2 1 1  67  8
T 4  -21 2431 1  117  9
T 4  7 2431 12155  77  9
T 4  140 2431 1  118  9
T 4  -2 13 1  119  9
T 4  28 143 1  120  9
T 4  -1 11 1  121  9
ROW -4 -3 18
T 0  -315 16 2  0  5
T 1  21 8 3  3  6
T 1  63 2 2  4  6
T 2  5 4 30  13  7
T 2  -7 4 3  14  7
T 2  -27 2 2  15  7
T 3  115 572 14  34  8
T 3  -35 572 858  42  8
T 3  -5 13 30  35  8
T 3  7 22 3  36  8
T 3  2 1 2  37  8
T 4  14 2431 10  70  9
T 4  28 2431 715  82  9
T 4  -115 4862 14  72  9
T 4  35 4862 858  84  9
T 4  1 39 30  73  9
T 4  -7 429 3  74  9
T 4  -1 11 2  75  9
ROW -4 -2 13
T 1  3 2 105  5  6
T 2  -5 4 15  16  7
T 2  -1 1 105  17  7
T 3  -135 286 6  38  8
T 3  -5 286 858  46  8
T 3  5 13 15  39  8
T 3  2 11 105  40  8
T 4  -7 4862 770  76  9
T 4  7 4862 30030  88  9
T 4  135 2431 6  78  9
T 4  5 2431 858  90  9
T 4  -1 39 15  79  9
T 4  -4 429 105  80  9
ROW -4 -1 13
T 1  -27 8 35  6  6
T 2  -15 2 1  33  7
T 2  9 4 35  19  7
T 3  25 44 6  41  8
T 3  45 572 66  68  8
T 3  30 13 1  69  8
T 3  -9 22 35  44  8
T 4  14 2431 165  81  9
T 4  14 2431 1001  122  9
T 4  -25 374 6  83  9
T 4  -45 4862 66  123  9
T 4  -2 13 1  124  9
T 4  3 143 35  86  9
ROW -4 0 6
T 2  15 2 1  22  7
T 3  -20 143 165  51  8
T 3  -30 13 1  52  8
T 4  -35 2431 143  96  9
T 4  40 2431 165  98  9
T 4  2 13 1  99  9
ROW -4 1 13
T 1  -27 8 35  7  6
T 2  15 2 1  21  7
T 2  9 4 35  24  7
T 3  -45 572 66  48  8
T 3  25 44 6  54  8
T 3  -30 13 1  49  8
T 3  -9 22 35  56  8
T 4  -14 2431 1001  92  9
T 4  14 2431 165  101  9
T 4  45 4862 66  93  9
T 4  -25 374 6  103  9
T 4  2 13 1  94  9
T 4  3 143 35  105  9
ROW -4 2 13
T 1  3 2 105  8  6
T 2  -5 4 15  25  7
T 2  -1 1 105  26  7
T 3  5 286 858  50  8
T 3  -135 286 6  57  8
T 3  5 13 15  58  8
T 3  2 11 105  59  8
T 4  -7 4862 30030  95  9
T 4  -7 4862 770  107  9
T 4  -5 2431 858  97  9
T 4  135 2431 6  108  9
T 4  -1 39 15  109  9
T 4  -4 429 105  110  9
ROW -4 3 18
T 0  -315 16 2  1  5
T 1  21 8 3  9  6
T 1  63 2 2  10  6
T 2  5 4 30  27  7
T 2  -7 4 3  28  7
T 2  -27 2 2  29  7
T 3  35 572 858  53  8
T 3  115 572 14  60  8
T 3  -5 13 30  61  8
T 3  7 22 3  62  8
T 3  2 1 2  63  8
T 4  -28 2431 715  100  9
T 4  14 2431 10  112  9
T 4  -35 4862 858  102  9
T 4  -115 4862 14  113  9
T 4  1 39 30  114  9
T 4  -7 429 3  115  9
T 4  -1 11 2  116  9
ROW -4 4 1
T 4  -7 2431 12155  106  9
ROW -3 -4 18
T 0  105 32 2  0  5
T 1  21 2 3  3  6
T 1  -21 4 2  4  6
T 2  5 4 30  13  7
T 2  -7 1 3  14  7
T 2  9 4 2  15  7
T 3  70 429 14  34  8
T 3  35 858 858  42  8
T 3  -5 13 30  35  8
T 3  14 11 3  36  8
T 3  -1 3 2  37  8
T 4  21 4862 10  70  9
T 4  21 2431 715  82  9
T 4  -140 7293 14  72  9
T 4  -35 7293 858  84  9
T 4  1 39 30  73  9
T 4  -28 429 3  74  9
T 4  1 66 2  75  9
ROW -3 -3 18
T 0  -105 4 1  2  5
T 1  -63 4 1  11  6
T 1  42 1 1  12  6
T 2  15 2 1  30  7
T 2  21 2 1  31  7
T 2  -18 1 1  32  7
T 3  665 429 1  64  8
T 3  -25 1716 6006  46  8
T 3  -30 13 1  65  8
T 3  -21 11 1  66  8
T 3  8 3 1  67  8
T 4  126 2431 1  117  9
T 4  21 4862 4290  88  9
T 4  -1330 7293 1  118  9
T 4  25 14586 6006  90  9
T 4  2 13 1  119  9
T 4  14 143 1  120  9
T 4  -4 33 1  121  9
ROW -3 -2 18
T 0  -105 16 14  0  5
T 1  27 8 21  3  6
T 1  21 2 14  4  6
T 2  15 2 1  33  7
T 2  -9 4 21  14  7
T 2  -9 2 14  15  7
T 3  -125 132 2  34  8
T 3  -265 1716 66  68  8
T 3  -30 13 1  69  8
T 3  9 22 21  36  8
T 3  2 3 14  37  8
T 4  -21 2431 70  70  9
T 4  21 2431 1001  122  9
T 4  125 1122 2  72  9
T 4  265 14586 66  123  9
T 4  2 13 1  124  9
T 4  -3 143 21  74  9
T 4  -1 33 14  75  9
ROW -3 -1 13
T 1  3 8 105  5  6
T 2  -5 4 15  16  7
T 2  -1 4 105  17  7
T 3  815 1716 6  38  8
T 3  -5 66 33  45  8
T 3  5 13 15  39  8
T 3  1 22 105  40  8
T 4  21 4862 770  76  9
T 4  21 2431 715  87  9
T 4  -815 14586 6  78  9
T 4  5 561 33  89  9
T 4  -1 39 15  79  9
T 4  -1 429 105  80  9
ROW -3 0 10
T 1  -45 4 7  7  6
T 2  15 2 1  23  7
T 2  15 2 7  24  7
T 3  -115 858 30  54  8
T 3  -30 13 1  55  8
T 3  -15 11 7  56  8
T 4  -105 2431 33  101  9
T 4  115 7293 30  103  9
T 4  2 13 1  104  9
T 4  10 143 7  105  9
ROW -3 1 13
T 1  3 8 105  8  6
T 2  -5 4 15  25  7
T 2  -1 4 105  26  7
T 3  5 66 33  51  8
T 3  815 1716 6  57  8
T 3  5 13 15  58  8
T 3  1 22 105  59  8
T 4  -21 2431 715  96  9
T 4  21 4862 770  107  9
T 4  -5 561 33  98  9
T 4  -815 14586 6  108  9
T 4  -1 39 15  109  9
T 4  -1 429 105  110  9
ROW -3 2 18
T 0  -105 16 14  1  5
T 1  27 8 21  9  6
T 1  21 2 14  10  6
T 2  -15 2 1  21  7
T 2  -9 4 21  28  7
T 2  -9 2 14  29  7
T 3  265 1716 66  48  8
T 3  -125 132 2  60  8
T 3  30 13 1  49  8
T 3  9 22 21  62  8
T 3  2 3 14  63  8
T 4  -21 2431 1001  92  9
T 4  -21 2431 70  112  9
T 4  -265 14586 66  93  9
T 4  125 1122 2  113  9
T 4  -2 13 1  94  9
T 4  -3 143 21  115  9
T 4  -1 33 14  116  9
ROW -3 3 3
T 3  25 1716 6006  50  8
T 4  -21 4862 4290  95  9
T 4  -25 14586 6006  97  9
ROW -3 4 18
T 0  -105 32 2  1  5
T 1  -21 2 3  9  6
T 1  21 4 2  10  6
T 2  -5 4 30  27  7
T 2  7 1 3  28  7
T 2  -9 4 2  29  7
T 3  -35 858 858  53  8
T 3  -70 429 14  60  8
T 3  5 13 30  61  8
T 3  -14 11 3  62  8
T 3  1 3 2  63  8
T 4  -21 2431 715  100  9
T 4  -21 4862 10  112  9
T 4  35 7293 858  102  9
T 4  140 7293 14  113  9
T 4  -1 39 30  114  9
T 4  28 429 3  115  9
T 4  -1 66 2  116  9
ROW -2 -4 13
T 1  -21 4 5  5  6
T 2  -5 4 35  16  7
T 2  7 2 5  17  7
T 3  -35 143 14  38  8
T 3  5 143 2002  46  8
T 3  5 13 35  39  8
T 3  -7 11 5  40  8
T 4  -7 4862 330  76  9
T 4  21 4862 1430  88  9
T 4  70 2431 14  78  9
T 4  -10 2431 2002  90  9
T 4  -1 39 35  79  9
T 4  14 429 5  80  9
ROW -2 -3 21
T 0  105 32 6  0  5
T 1  147 8 1  3  6
T 1  -21 4 6  4  6
T 2  -5 8 10  13  7
T 2  -5 4 21  33  7
T 2  -49 4 1  14  7
T 2  9 4 6  15  7
T 3  -175 858 42  34  8
T 3  -5 286 154  68  8
T 3  5 26 10  35  8
T 3  5 13 21  69  8
T 3  49 22 1  36  8
T 3  -1 3 6  37  8
T 4  -28 2431 30  70  9
T 4  28 2431 429  122  9
T 4  175 7293 42  72  9
T 4  5 2431 154  123  9
T 4  -1 78 10  73  9
T 4  -1 39 21  124  9
T 4  -49 429 1  74  9
T 4  1 66 6  75  9
ROW -2 -2 21
T 0  -105 16 21  2  5
T 1  3 4 21  11  6
T 1  21 2 21  12  6
T 2  5 4 21  30  7
T 2  5 4 15  20  7
T 2  -1 2 21  31  7
T 2  -9 2 21  32  7
T 3  -160 429 21  64  8
T 3  -50 143 11  45  8
T 3  -5 13 21  65  8
T 3  -5 13 15  47  8
T 3  1 11 21  66  8
T 3  2 3 21  67  8
T 4  -84 2431 21  117  9
T 4  14 2431 2145  87  9
T 4  320 7293 21  118  9
T 4  100 2431 11  89  9
T 4  1 39 21  119  9
T 4  1 39 15  91  9
T 4  -2 429 21  120  9
T 4  -1 33 21  121  9
ROW -2 -1 25
T 0  -105 32 42  0  5
T 1  6 1 7  3  6
T 1  -15 8 105  6  6
T 1  21 4 42  4  6
T 2  -5 8 70  13  7
T 2  5 4 15  18  7
T 2  -4 1 7  14  7
T 2  5 4 105  19  7
T 2  -9 4 42  15  7
T 3  205 858 6  34  8
T 3  -215 286 2  41  8
T 3  5 26 70  35  8
T 3  -5 13 15  43  8
T 3  8 11 7  36  8
T 3  -5 22 105  44  8
T 3  1 3 42  37  8
T 4  28 2431 210  70  9
T 4  84 2431 55  81  9
T 4  -205 7293 6  72  9
T 4  215 2431 2  83  9
T 4  -1 78 70  73  9
T 4  1 39 15  85  9
T 4  -16 429 7  74  9
T 4  5 429 105  86  9
T 4  -1 66 42  75  9
ROW -2 0 10
T 1  -15 4 7  8  6
T 2  5 4 1  25  7
T 2  5 2 7  26  7
T 3  20 143 10  57  8
T 3  -5 13 1  58  8
T 3  -5 11 7  59  8
T 4  -35 2431 462  107  9
T 4  -40 2431 10  108  9
T 4  1 39 1  109  9
T 4  10 429 7  110  9
ROW -2 1 25
T 0  -105 32 42  1  5
T 1  15 8 105  7  6
T 1  6 1 7  9  6
T 1  21 4 42  10  6
T 2  -5 4 15  23  7
T 2  -5 8 70  27  7
T 2  -5 4 105  24  7
T 2  -4 1 7  28  7
T 2  -9 4 42  29  7
T 3  215 286 2  54  8
T 3  205 858 6  60  8
T 3  5 13 15  55  8
T 3  5 26 70  61  8
T 3  5 22 105  56  8
T 3  8 11 7  62  8
T 3  1 3 42  63  8
T 4  -84 2431 55  101  9
T 4  28 2431 210  112  9
T 4  -215 2431 2  103  9
T 4  -205 7293 6  113  9
T 4  -1 39 15  104  9
T 4  -1 78 70  114  9
T 4  -5 429 105  105  9
T 4  -16 429 7  115  9
T 4  -1 66 42  116  9
ROW -2 2 6
T 2  -5 4 15  22  7
T 3  50 143 11  51  8
T 3  5 13 15  52  8
T 4  -14 2431 2145  96  9
T 4  -100 2431 11  98  9
T 4  -1 39 15  99  9
ROW -2 3 21
T 0  -105 32 6  1  5
T 1  -147 8 1  9  6
T 1  21 4 6  10  6
T 2  5 4 21  21  7
T 2  5 8 10  27  7
T 2  49 4 1  28  7
T 2  -9 4 6  29  7
T 3  5 286 154  48  8
T 3  175 858 42  60  8
T 3  -5 13 21  49  8
T 3  -5 26 10  61  8
T 3  -49 22 1  62  8
T 3  1 3 6  63  8
T 4  -28 2431 429  92  9
T 4  28 2431 30  112  9
T 4  -5 2431 154  93  9
T 4  -175 7293 42  113  9
T 4  1 39 21  94  9
T 4  1 78 10  114  9
T 4  49 429 1  115  9
T 4  -1 66 6  116  9
ROW -2 4 13
T 1  21 4 5  8  6
T 2  5 4 35  25  7
T 2  -7 2 5  26  7
T 3  -5 143 2002  50  8
T 3  35 143 14  57  8
T 3  -5 13 35  58  8
T 3  7 11 5  59  8
T 4  -21 4862 1430  95  9
T 4  7 4862 330  107  9
T 4  10 2431 2002  97  9
T 4  -70 2431 14  108  9
T 4  1 39 35  109  9
T 4  -14 429 5  110  9
ROW -1 -4 16
T 1  3 8 210  6  6
T 2  5 4 30  18  7
T 2  5 4 6  33  7
T 2  -1 4 210  19  7
T 3  175 143 1  41  8
T 3  70 143 11  68  8
T 3  -5 13 30  43  8
T 3  -5 13 6  69  8
T 3  1 22 210  44  8
T 4  21 4862 110  81  9
T 4  7 4862 6006  122  9
T 4  -350 2431 1  83  9
T 4  -140 2431 11  123  9
T 4  1 39 30  85  9
T 4  1 39 6  124  9
T 4  -1 429 210  86  9
ROW -1 -3 16
T 1  -33 16 70  5  6
T 2  -5 8 10  16  7
T 2  -5 4 30  20  7
T 2  11 8 70  17  7
T 3  35 26 1  38  8
T 3  35 286 22  45  8
T 3  5 26 10  39  8
T 3  5 13 30  47  8
T 3  -1 4 70  40  8
T 4  7 2431 1155  76  9
T 4  7 2431 4290  87  9
T 4  -35 221 1  78  9
T 4  -35 2431 22  89  9
T 4  -1 78 10  79  9
T 4  -1 39 30  91  9
T 4  1 78 70  80  9
ROW -1 -2 22
T 0  105 16 3  0  5
T 1  129 16 2  3  6
T 1  45 16 30  6  6
T 1  -21 2 3  4  6
T 2  -5 2 5  13  7
T 2  -43 8 2  14  7
T 2  -15 8 30  19  7
T 2  9 2 3  15  7
T 3  145 858 21  34  8
T 3  -5 22 7  41  8
T 3  10 13 5  35  8
T 3  43 44 2  36  8
T 3  15 44 30  44  8
T 3  -2 3 3  37  8
T 4  98 2431 15  70  9
T 4  21 2431 770  81  9
T 4  -145 7293 21  72  9
T 4  5 187 7  83  9
T 4  -2 39 5  73  9
T 4  -43 858 2  74  9
T 4  -5 286 30  86  9
T 4  1 33 3  75  9
ROW -1 -1 25
T 0  -105 8 6  2  5
T 1  57 8 6  11  6
T 1  -75 16 10  5  6
T 1  21 1 6  12  6
T 2  -5 4 6  30  7
T 2  5 8 70  16  7
T 2  -19 4 6  31  7
T 2  25 8 10  17  7
T 2  -9 1 6  32  7
T 3  -35 429 6  64  8
T 3  -125 286 7  38  8
T 3  5 13 6  65  8
T 3  -5 26 70  39  8
T 3  19 22 6  66  8
T 3  -25 44 10  40  8
T 3  4 3 6  67  8
T 4  294 2431 6  117  9
T 4  49 2431 165  76  9
T 4  70 7293 6  118  9
T 4  125 2431 7  78  9
T 4  -1 39 6  119  9
T 4  1 78 70  79  9
T 4  -19 429 6  120  9
T 4  25 858 10  80  9
T 4  -2 33 6  121  9
ROW -1 0 15
T 0  -105 16 15  1  5
T 1  33 8 10  9  6
T 1  21 2 15  10  6
T 2  -5 1 1  27  7
T 2  -11 4 10  28  7
T 2  -9 2 15  29  7
T 3  5 39 105  60  8
T 3  20 13 1  61  8
T 3  1 2 10  62  8
T 3  2 3 15  63  8
T 4  -490 2431 3  112  9
T 4  -10 663 105  113  9
T 4  -4 39 1  114  9
T 4  -1 39 10  115  9
T 4  -1 33 15  116  9
ROW -1 1 10
T 1  75 16 10  8  6
T 2  -5 8 70  25  7
T 2  -25 8 10  26  7
T 3  125 286 7  57  8
T 3  5 26 70  58  8
T 3  25 44 10  59  8
T 4  -49 2431 165  107  9
T 4  -125 2431 7  108  9
T 4  -1 78 70  109  9
T 4  -25 858 10  110  9
ROW -1 2 22
T 0  -105 16 3  1  5
T 1  -45 16 30  7  6
T 1  -129 16 2  9  6
T 1  21 2 3  10  6
T 2  5 2 5  27  7
T 2  15 8 30  24  7
T 2  43 8 2  28  7
T 2  -9 2 3  29  7
T 3  5 22 7  54  8
T 3  -145 858 21  60  8
T 3  -10 13 5  61  8
T 3  -15 44 30  56  8
T 3  -43 44 2  62  8
T 3  2 3 3  63  8
T 4  -21 2431 770  101  9
T 4  -98 2431 15  112  9
T 4  -5 187 7  103  9
T 4  145 7293 21  113  9
T 4  2 39 5  114  9
T 4  5 286 30  105  9
T 4  43 858 2  115  9
T 4  -1 33 3  116  9
ROW -1 3 16
T 1  33 16 70  8  6
T 2  5 4 30  22  7
T 2  5 8 10  25  7
T 2  -11 8 70  26  7
T 3  -35 286 22  51  8
T 3  -35 26 1  57  8
T 3  -5 13 30  52  8
T 3  -5 26 10  58  8
T 3  1 4 70  59  8
T 4  -7 2431 4290  96  9
T 4  -7 2431 1155  107  9
T 4  35 2431 22  98  9
T 4  35 221 1  108  9
T 4  1 39 30  99  9
T 4  1 78 10  109  9
T 4  -1 78 70  110  9
ROW -1 4 16
T 1  -3 8 210  7  6
T 2  -5 4 6  21  7
T 2  -5 4 30  23  7
T 2  1 4 210  24  7
T 3  -70 143 11  48  8
T 3  -175 143 1  54  8
T 3  5 13 6  49  8
T 3  5 13 30  55  8
T 3  -1 22 210  56  8
T 4  -7 4862 6006  92  9
T 4  -21 4862 110  101  9
T 4  140 2431 11  93  9
T 4  350 2431 1  103  9
T 4  -1 39 6  94  9
T 4  -1 39 30  104  9
T 4  1 429 210  105  9
ROW 0 -4 6
T 2  -15 2 1  22  7
T 3  -70 429 165  51  8
T 3  30 13 1  52  8
T 4  -21 2431 143  96  9
T 4  140 7293 165  98  9
T 4  -2 13 1  99  9
ROW 0 -3 10
T 1  45 8 7  7  6
T 2  15 2 1  23  7
T 2  -15 4 7  24  7
T 3  -245 858 30  54  8
T 3  -30 13 1  55  8
T 3  15 22 7  56  8
T 4  -84 2431 33  101  9
T 4  245 7293 30  103  9
T 4  2 13 1  104  9
T 4  -5 143 7  105  9
ROW 0 -2 10
T 1  -15 1 3  8  6
T 2  5 4 21  25  7
T 2  10 1 3  26  7
T 3  -5 429 210  57  8
T 3  -5 13 21  58  8
T 3  -20 11 3  59  8
T 4  -147 2431 22  107  9
T 4  10 7293 210  108  9
T 4  1 39 21  109  9
T 4  40 429 3  110  9
ROW 0 -1 15
T 0  105 16 10  1  5
T 1  3 8 15  9  6
T 1  -21 2 10  10  6
T 2  -5 4 6  27  7
T 2  -1 4 15  28  7
T 2  9 2 10  29  7
T 3  115 858 70  60  8
T 3  5 13 6  61  8
T 3  1 22 15  62  8
T 3  -2 3 10  63  8
T 4  -588 2431 2  112  9
T 4  -115 7293 70  113  9
T 4  -1 39 6  114  9
T 4  -1 429 15  115  9
T 4  1 33 10  116  9
ROW 0 0 15
T 0  -525 16 1  2  5
T 1  45 2 1  11  6
T 1  105 2 1  12  6
T 2  -15 2 1  30  7
T 2  -15 1 1  31  7
T 2  -45 2 1  32  7
T 3  700 429 1  64  8
T 3  30 13 1  65  8
T 3  30 11 1  66  8
T 3  10 3 1  67  8
T 4  -882 2431 1  117  9
T 4  -1400 7293 1  118  9
T 4  -2 13 1  119  9
T 4  -20 143 1  120  9
T 4  -5 33 1  121  9
ROW 0 1 15
T 0  105 16 10  0  5
T 1  3 8 15  3  6
T 1  -21 2 10  4  6
T 2  -5 4 6  13  7
T 2  -1 4 15  14  7
T 2  9 2 10  15  7
T 3  115 858 70  34  8
T 3  5 13 6  35  8
T 3  1 22 15  36  8
T 3  -2 3 10  37  8
T 4  -588 2431 2  70  9
T 4  -115 7293 70  72  9
T 4  -1 39 6  73  9
T 4  -1 429 15  74  9
T 4  1 33 10  75  9
ROW 0 2 10
T 1  -15 1 3  5  6
T 2  5 4 21  16  7
T 2  10 1 3  17  7
T 3  -5 429 210  38  8
T 3  -5 13 21  39  8
T 3  -20 11 3  40  8
T 4  -147 2431 22  76  9
T 4  10 7293 210  78  9
T 4  1 39 21  79  9
T 4  40 429 3  80  9
ROW 0 3 10
T 1  45 8 7  6  6
T 2  15 2 1  18  7
T 2  -15 4 7  19  7
T 3  -245 858 30  41  8
T 3  -30 13 1  43  8
T 3  15 22 7  44  8
T 4  -84 2431 33  81  9
T 4  245 7293 30  83  9
T 4  2 13 1  85  9
T 4  -5 143 7  86  9
ROW 0 4 6
T 2  -15 2 1  20  7
T 3  -70 429 165  45  8
T 3  30 13 1  47  8
T 4  -21 2431 143  87  9
T 4  140 7293 165  89  9
T 4  -2 13 1  91  9
ROW 1 -4 16
T 1  3 8 210  7  6
T 2  -5 4 6  21  7
T 2  5 4 30  23  7
T 2  -1 4 210  24  7
T 3  -70 143 11  48  8
T 3  175 143 1  54  8
T 3  5 13 6  49  8
T 3  -5 13 30  55  8
T 3  1 22 210  56  8
T 4  -7 4862 6006  92  9
T 4  21 4862 110  101  9
T 4  140 2431 11  93  9
T 4  -350 2431 1  103  9
T 4  -1 39 6  94  9
T 4  1 39 30  104  9
T 4  -1 429 210  105  9
ROW 1 -3 16
T 1  -33 16 70  8  6
T 2  5 4 30  22  7
T 2  -5 8 10  25  7
T 2  11 8 70  26  7
T 3  -35 286 22  51  8
T 3  35 26 1  57  8
T 3  -5 13 30  52  8
T 3  5 26 10  58  8
T 3  -1 4 70  59  8
T 4  -7 2431 4290  96  9
T 4  7 2431 1155  107  9
T 4  35 2431 22  98  9
T 4  -35 221 1  108  9
T 4  1 39 30  99  9
T 4  -1 78 10  109  9
T 4  1 78 70  110  9
ROW 1 -2 22
T 0  105 16 3  1  5
T 1  -45 16 30  7  6
T 1  129 16 2  9  6
T 1  -21 2 3  10  6
T 2  -5 2 5  27  7
T 2  15 8 30  24  7
T 2  -43 8 2  28  7
T 2  9 2 3  29  7
T 3  5 22 7  54  8
T 3  145 858 21  60  8
T 3  10 13 5  61  8
T 3  -15 44 30  56  8
T 3  43 44 2  62  8
T 3  -2 3 3  63  8
T 4  -21 2431 770  101  9
T 4  98 2431 15  112  9
T 4  -5 187 7  103  9
T 4  -145 7293 21  113  9
T 4  -2 39 5  114  9
T 4  5 286 30  105  9
T 4  -43 858 2  115  9
T 4  1 33 3  116  9
ROW 1 -1 10
T 1  75 16 10  8  6
T 2  -5 8 70  25  7
T 2  -25 8 10  26  7
T 3  125 286 7  57  8
T 3  5 26 70  58  8
T 3  25 44 10  59  8
T 4  -49 2431 165  107  9
T 4  -125 2431 7  108  9
T 4  -1 78 70  109  9
T 4  -25 858 10  110  9
ROW 1 0 15
T 0  -105 16 15  0  5
T 1  33 8 10  3  6
T 1  21 2 15  4  6
T 2  -5 1 1  13  7
T 2  -11 4 10  14  7
T 2  -9 2 15  15  7
T 3  5 39 105  34  8
T 3  20 13 1  35  8
T 3  1 2 10  36  8
T 3  2 3 15  37  8
T 4  -490 2431 3  70  9
T 4  -10 663 105  72  9
T 4  -4 39 1  73  9
T 4  -1 39 10  74  9
T 4  -1 33 15  75  9
ROW 1 1 25
T 0  -105 8 6  2  5
T 1  57 8 6  11  6
T 1  75 16 10  5  6
T 1  21 1 6  12  6
T 2  -5 4 6  30  7
T 2  -5 8 70  16  7
T 2  -19 4 6  31  7
T 2  -25 8 10  17  7
T 2  -9 1 6  32  7
T 3  -35 429 6  64  8
T 3  125 286 7  38  8
T 3  5 13 6  65  8
T 3  5 26 70  39  8
T 3  19 22 6  66  8
T 3  25 44 10  40  8
T 3  4 3 6  67  8
T 4  294 2431 6  117  9
T 4  -49 2431 165  76  9
T 4  70 7293 6  118  9
T 4  -125 2431 7  78  9
T 4  -1 39 6  119  9
T 4  -1 78 70  79  9
T 4  -19 429 6  120  9
T 4  -25 858 10  80  9
T 4  -2 33 6  121  9
ROW 1 2 22
T 0  105 16 3  0  5
T 1  129 16 2  3  6
T 1  -45 16 30  6  6
T 1  -21 2 3  4  6
T 2  -5 2 5  13  7
T 2  -43 8 2  14  7
T 2  15 8 30  19  7
T 2  9 2 3  15  7
T 3  145 858 21  34  8
T 3  5 22 7  41  8
T 3  10 13 5  35  8
T 3  43 44 2  36  8
T 3  -15 44 30  44  8
T 3  -2 3 3  37  8
T 4  98 2431 15  70  9
T 4  -21 2431 770  81  9
T 4  -145 7293 21  72  9
T 4  -5 187 7  83  9
T 4  -2 39 5  73  9
T 4  -43 858 2  74  9
T 4  5 286 30  86  9
T 4  1 33 3  75  9
ROW 1 3 16
T 1  -33 16 70  5  6
T 2  -5 8 10  16  7
T 2  5 4 30  20  7
T 2  11 8 70  17  7
T 3  35 26 1  38  8
T 3  -35 286 22  45  8
T 3  5 26 10  39  8
T 3  -5 13 30  47  8
T 3  -1 4 70  40  8
T 4  7 2431 1155  76  9
T 4  -7 2431 4290  87  9
T 4  -35 221 1  78  9
T 4  35 2431 22  89  9
T 4  -1 78 10  79  9
T 4  1 39 30  91  9
T 4  1 78 70  80  9
ROW 1 4 16
T 1  3 8 210  6  6
T 2  5 4 30  18  7
T 2  -5 4 6  33  7
T 2  -1 4 210  19  7
T 3  175 143 1  41  8
T 3  -70 143 11  68  8
T 3  -5 13 30  43  8
T 3  5 13 6  69  8
T 3  1 22 210  44  8
T 4  21 4862 110  81  9
T 4  -7 4862 6006  122  9
T 4  -350 2431 1  83  9
T 4  140 2431 11  123  9
T 4  1 39 30  85  9
T 4  -1 39 6  124  9
T 4  -1 429 210  86  9
ROW 2 -4 13
T 1  -21 4 5  8  6
T 2  -5 4 35  25  7
T 2  7 2 5  26  7
T 3  -5 143 2002  50  8
T 3  -35 143 14  57  8
T 3  5 13 35  58  8
T 3  -7 11 5  59  8
T 4  -21 4862 1430  95  9
T 4  -7 4862 330  107  9
T 4  10 2431 2002  97  9
T 4  70 2431 14  108  9
T 4  -1 39 35  109  9
T 4  14 429 5  110  9
ROW 2 -3 21
T 0  105 32 6  1  5
T 1  147 8 1  9  6
T 1  -21 4 6  10  6
T 2  5 4 21  21  7
T 2  -5 8 10  27  7
T 2  -49 4 1  28  7
T 2  9 4 6  29  7
T 3  5 286 154  48  8
T 3  -175 858 42  60  8
T 3  -5 13 21  49  8
T 3  5 26 10  61  8
T 3  49 22 1  62  8
T 3  -1 3 6  63  8
T 4  -28 2431 429  92  9
T 4  -28 2431 30  112  9
T 4  -5 2431 154  93  9
T 4  175 7293 42  113  9
T 4  1 39 21  94  9
T 4  -1 78 10  114  9
T 4  -49 429 1  115  9
T 4  1 66 6  116  9
ROW 2 -2 6
T 2  -5 4 15  22  7
T 3  50 143 11  51  8
T 3  5 13 15  52  8
T 4  -14 2431 2145  96  9
T 4  -100 2431 11  98  9
T 4  -1 39 15  99  9
ROW 2 -1 25
T 0  105 32 42  1  5
T 1  15 8 105  7  6
T 1  -6 1 7  9  6
T 1  -21 4 42  10  6
T 2  -5 4 15  23  7
T 2  5 8 70  27  7
T 2  -5 4 105  24  7
T 2  4 1 7  28  7
T 2  9 4 42  29  7
T 3  215 286 2  54  8
T 3  -205 858 6  60  8
T 3  5 13 15  55  8
T 3  -5 26 70  61  8
T 3  5 22 105  56  8
T 3  -8 11 7  62  8
T 3  -1 3 42  63  8
T 4  -84 2431 55  101  9
T 4  -28 2431 210  112  9
T 4  -215 2431 2  103  9
T 4  205 7293 6  113  9
T 4  -1 39 15  104  9
T 4  1 78 70  114  9
T 4  -5 429 105  105  9
T 4  16 429 7  115  9
T 4  1 66 42  116  9
ROW 2 0 10
T 1  -15 4 7  5  6
T 2  5 4 1  16  7
T 2  5 2 7  17  7
T 3  20 143 10  38  8
T 3  -5 13 1  39  8
T 3  -5 11 7  40  8
T 4  -35 2431 462  76  9
T 4  -40 2431 10  78  9
T 4  1 39 1  79  9
T 4  10 429 7  80  9
ROW 2 1 25
T 0  -105 32 42  0  5
T 1  6 1 7  3  6
T 1  15 8 105  6  6
T 1  21 4 42  4  6
T 2  -5 8 70  13  7
T 2  -5 4 15  18  7
T 2  -4 1 7  14  7
T 2  -5 4 105  19  7
T 2  -9 4 42  15  7
T 3  205 858 6  34  8
T 3  215 286 2  41  8
T 3  5 26 70  35  8
T 3  5 13 15  43  8
T 3  8 11 7  36  8
T 3  5 22 105  44  8
T 3  1 3 42  37  8
T 4  28 2431 210  70  9
T 4  -84 2431 55  81  9
T 4  -205 7293 6  72  9
T 4  -215 2431 2  83  9
T 4  -1 78 70  73  9
T 4  -1 39 15  85  9
T 4  -16 429 7  74  9
T 4  -5 429 105  86  9
T 4  -1 66 42  75  9
ROW 2 2 21
T 0  -105 16 21  2  5
T 1  3 4 21  11  6
T 1  21 2 21  12  6
T 2  5 4 21  30  7
T 2  -5 4 15  20  7
T 2  -1 2 21  31  7
T 2  -9 2 21  32  7
T 3  -160 429 21  64  8
T 3  50 143 11  45  8
T 3  -5 13 21  65  8
T 3  5 13 15  47  8
T 3  1 11 21  66  8
T 3  2 3 21  67  8
T 4  -84 2431 21  117  9
T 4  -14 2431 2145  87  9
T 4  320 7293 21  118  9
T 4  -100 2431 11  89  9
T 4  1 39 21  119  9
T 4  -1 39 15  91  9
T 4  -2 429 21  120  9
T 4  -1 33 21  121  9
ROW 2 3 21
T 0  105 32 6  0  5
T 1  147 8 1  3  6
T 1  -21 4 6  4  6
T 2  -5 8 10  13  7
T 2  5 4 21  33  7
T 2  -49 4 1  14  7
T 2  9 4 6  15  7
T 3  -175 858 42  34  8
T 3  5 286 154  68  8
T 3  5 26 10  35  8
T 3  -5 13 21  69  8
T 3  49 22 1  36  8
T 3  -1 3 6  37  8
T 4  -28 2431 30  70  9
T 4  -28 2431 429  122  9
T 4  175 7293 42  72  9
T 4  -5 2431 154  123  9
T 4  -1 78 10  73  9
T 4  1 39 21  124  9
T 4  -49 429 1  74  9
T 4  1 66 6  75  9
ROW 2 4 13
T 1  -21 4 5  5  6
T 2  -5 4 35  16  7
T 2  7 2 5  17  7
T 3  -35 143 14  38  8
T 3  -5 143 2002  46  8
T 3  5 13 35  39  8
T 3  -7 11 5  40  8
T 4  -7 4862 330  76  9
T 4  -21 4862 1430  88  9
T 4  70 2431 14  78  9
T 4  10 2431 2002  90  9
T 4  -1 39 35  79  9
T 4  14 429 5  80  9
ROW 3 -4 18
T 0  105 32 2  1  5
T 1  21 2 3  9  6
T 1  -21 4 2  10  6
T 2  5 4 30  27  7
T 2  -7 1 3  28  7
T 2  9 4 2  29  7
T 3  -35 858 858  53  8
T 3  70 429 14  60  8
T 3  -5 13 30  61  8
T 3  14 11 3  62  8
T 3  -1 3 2  63  8
T 4  -21 2431 715  100  9
T 4  21 4862 10  112  9
T 4  35 7293 858  102  9
T 4  -140 7293 14  113  9
T 4  1 39 30  114  9
T 4  -28 429 3  115  9
T 4  1 66 2  116  9
ROW 3 -3 3
T 3  25 1716 6006  50  8
T 4  -21 4862 4290  95  9
T 4  -25 14586 6006  97  9
ROW 3 -2 18
T 0  105 16 14  1  5
T 1  -27 8 21  9  6
T 1  -21 2 14  10  6
T 2  -15 2 1  21  7
T 2  9 4 21  28  7
T 2  9 2 14  29  7
T 3  265 1716 66  48  8
T 3  125 132 2  60  8
T 3  30 13 1  49  8
T 3  -9 22 21  62  8
T 3  -2 3 14  63  8
T 4  -21 2431 1001  92  9
T 4  21 2431 70  112  9
T 4  -265 14586 66  93  9
T 4  -125 1122 2  113  9
T 4  -2 13 1  94  9
T 4  3 143 21  115  9
T 4  1 33 14  116  9
ROW 3 -1 13
T 1  -3 8 105  8  6
T 2  5 4 15  25  7
T 2  1 4 105  26  7
T 3  5 66 33  51  8
T 3  -815 1716 6  57  8
T 3  -5 13 15  58  8
T 3  -1 22 105  59  8
T 4  -21 2431 715  96  9
T 4  -21 4862 770  107  9
T 4  -5 561 33  98  9
T 4  815 14586 6  108  9
T 4  1 39 15  109  9
T 4  1 429 105  110  9
ROW 3 0 10
T 1  -45 4 7  6  6
T 2  15 2 1  18  7
T 2  15 2 7  19  7
T 3  -115 858 30  41  8
T 3  -30 13 1  43  8
T 3  -15 11 7  44  8
T 4  -105 2431 33  81  9
T 4  115 7293 30  83  9
T 4  2 13 1  85  9
T 4  10 143 7  86  9
ROW 3 1 13
T 1  3 8 105  5  6
T 2  -5 4 15  16  7
T 2  -1 4 105  17  7
T 3  815 1716 6  38  8
T 3  5 66 33  45  8
T 3  5 13 15  39  8
T 3  1 22 105  40  8
T 4  21 4862 770  76  9
T 4  -21 2431 715  87  9
T 4  -815 14586 6  78  9
T 4  -5 561 33  89  9
T 4  -1 39 15  79  9
T 4  -1 429 105  80  9
ROW 3 2 18
T 0  -105 16 14  0  5
T 1  27 8 21  3  6
T 1  21 2 14  4  6
T 2  -15 2 1  33  7
T 2  -9 4 21  14  7
T 2  -9 2 14  15  7
T 3  -125 132 2  34  8
T 3  265 1716 66  68  8
T 3  30 13 1  69  8
T 3  9 22 21  36  8
T 3  2 3 14  37  8
T 4  -21 2431 70  70  9
T 4  -21 2431 1001  122  9
T 4  125 1122 2  72  9
T 4  -265 14586 66  123  9
T 4  -2 13 1  124  9
T 4  -3 143 21  74  9
T 4  -1 33 14  75  9
ROW 3 3 18
T 0  -105 4 1  2  5
T 1  -63 4 1  11  6
T 1  42 1 1  12  6
T 2  15 2 1  30  7
T 2  21 2 1  31  7
T 2  -18 1 1  32  7
T 3  665 429 1  64  8
T 3  25 1716 6006  46  8
T 3  -30 13 1  65  8
T 3  -21 11 1  66  8
T 3  8 3 1  67  8
T 4  126 2431 1  117  9
T 4  -21 4862 4290  88  9
T 4  -1330 7293 1  118  9
T 4  -25 14586 6006  90  9
T 4  2 13 1  119  9
T 4  14 143 1  120  9
T 4  -4 33 1  121  9
ROW 3 4 18
T 0  105 32 2  0  5
T 1  21 2 3  3  6
T 1  -21 4 2  4  6
T 2  5 4 30  13  7
T 2  -7 1 3  14  7
T 2  9 4 2  15  7
T 3  70 429 14  34  8
T 3  -35 858 858  42  8
T 3  -5 13 30  35  8
T 3  14 11 3  36  8
T 3  -1 3 2  37  8
T 4  21 4862 10  70  9
T 4  -21 2431 715  82  9
T 4  -140 7293 14  72  9
T 4  35 7293 858  84  9
T 4  1 39 30  73  9
T 4  -28 429 3  74  9
T 4  1 66 2  75  9
ROW 4 -4 1
T 4  -7 2431 12155  106  9
ROW 4 -3 18
T 0  315 16 2  1  5
T 1  -21 8 3  9  6
T 1  -63 2 2  10  6
T 2  -5 4 30  27  7
T 2  7 4 3  28  7
T 2  27 2 2  29  7
T 3  35 572 858  53  8
T 3  -115 572 14  60  8
T 3  5 13 30  61  8
T 3  -7 22 3  62  8
T 3  -2 1 2  63  8
T 4  -28 2431 715  100  9
T 4  -14 2431 10  112  9
T 4  -35 4862 858  102  9
T 4  115 4862 14  113  9
T 4  -1 39 30  114  9
T 4  7 429 3  115  9
T 4  1 11 2  116  9
ROW 4 -2 13
T 1  -3 2 105  8  6
T 2  5 4 15  25  7
T 2  1 1 105  26  7
T 3  5 286 858  50  8
T 3  135 286 6  57  8
T 3  -5 13 15  58  8
T 3  -2 11 105  59  8
T 4  -7 4862 30030  95  9
T 4  7 4862 770  107  9
T 4  -5 2431 858  97  9
T 4  -135 2431 6  108  9
T 4  1 39 15  109  9
T 4  4 429 105  110  9
ROW 4 -1 13
T 1  27 8 35  7  6
T 2  15 2 1  21  7
T 2  -9 4 35  24  7
T 3  -45 572 66  48  8
T 3  -25 44 6  54  8
T 3  -30 13 1  49  8
T 3  9 22 35  56  8
T 4  -14 2431 1001  92  9
T 4  -14 2431 165  101  9
T 4  45 4862 66  93  9
T 4  25 374 6  103  9
T 4  2 13 1  94  9
T 4  -3 143 35  105  9
ROW 4 0 6
T 2  15 2 1  20  7
T 3  -20 143 165  45  8
T 3  -30 13 1  47  8
T 4  -35 2431 143  87  9
T 4  40 2431 165  89  9
T 4  2 13 1  91  9
ROW 4 1 13
T 1  -27 8 35  6  6
T 2  15 2 1  33  7
T 2  9 4 35  19  7
T 3  25 44 6  41  8
T 3  -45 572 66  68  8
T 3  -30 13 1  69  8
T 3  -9 22 35  44  8
T 4  14 2431 165  81  9
T 4  -14 2431 1001  122  9
T 4  -25 374 6  83  9
T 4  45 4862 66  123  9
T 4  2 13 1  124  9
T 4  3 143 35  86  9
ROW 4 2 13
T 1  3 2 105  5  6
T 2  -5 4 15  16  7
T 2  -1 1 105  17  7
T 3  -135 286 6  38  8
T 3  5 286 858  46  8
T 3  5 13 15  39  8
T 3  2 11 105  40  8
T 4  -7 4862 770  76  9
T 4  -7 4862 30030  88  9
T 4  135 2431 6  78  9
T 4  -5 2431 858  90  9
T 4  -1 39 15  79  9
T 4  -4 429 105  80  9
ROW 4 3 18
T 0  -315 16 2  0  5
T 1  21 8 3  3  6
T 1  63 2 2  4  6
T 2  5 4 30  13  7
T 2  -7 4 3  14  7
T 2  -27 2 2  15  7
T 3  115 572 14  34  8
T 3  35 572 858  42  8
T 3  -5 13 30  35  8
T 3  7 22 3  36  8
T 3  2 1 2  37  8
T 4  14 2431 10  70  9
T 4  -28 2431 715  82  9
T 4  -115 4862 14  72  9
T 4  -35 4862 858  84  9
T 4  1 39 30  73  9
T 4  -7 429 3  74  9
T 4  -1 11 2  75  9
ROW 4 4 16
T 0  -315 16 1  2  5
T 1  -63 2 1  11  6
T 1  63 2 1  12  6
T 2  -15 2 1  30  7
T 2  21 1 1  31  7
T 2  -27 2 1  32  7
T 3  -70 143 1  64  8
T 3  30 13 1  65  8
T 3  -42 11 1  66  8
T 3  2 1 1  67  8
T 4  -21 2431 1  117  9
T 4  -7 2431 12155  77  9
T 4  140 2431 1  118  9
T 4  -2 13 1  119  9
T 4  28 143 1  120  9
T 4  -1 11 1  121  9
ROW 5 -4 16
T 0  315 32 10  1  5
T 1  21 4 15  9  6
T 1  -63 4 10  10  6
T 2  5 4 6  27  7
T 2  -7 2 15  28  7
T 2  27 4 10  29  7
T 3  5 286 70  60  8
T 3  -5 13 6  61  8
T 3  7 11 15  62  8
T 3  -1 1 10  63  8
T 4  -21 2431 2431  111  9
T 4  7 4862 2  112  9
T 4  -5 2431 70  113  9
T 4  1 39 6  114  9
T 4  -14 429 15  115  9
T 4  1 22 10  116  9
ROW 5 -3 11
T 1  -105 8 3  8  6
T 2  -5 4 21  25  7
T 2  35 4 3  26  7
T 3  -15 572 210  57  8
T 3  5 13 21  58  8
T 3  -35 22 3  59  8
T 4  -14 2431 2431  106  9
T 4  -7 4862 22  107  9
T 4  15 4862 210  108  9
T 4  -1 39 21  109  9
T 4  35 429 3  110  9
ROW 5 -2 13
T 1  45 8 7  7  6
T 2  15 2 1  23  7
T 2  -15 4 7  24  7
T 3  -5 572 30030  53  8
T 3  75 572 30  54  8
T 3  -30 13 1  55  8
T 3  15 22 7  56  8
T 4  -14 2431 1001  100  9
T 4  7 2431 33  101  9
T 4  5 4862 30030  102  9
T 4  -75 4862 30  103  9
T 4  2 13 1  104  9
T 4  -5 143 7  105  9
ROW 5 -1 9
T 2  -15 2 1  22  7
T 3  -15 572 4290  50  8
T 3  -25 286 165  51  8
T 3  30 13 1  52  8
T 4  -7 4862 6006  95  9
T 4  -7 2431 143  96  9
T 4  15 4862 4290  97  9
T 4  25 2431 165  98  9
T 4  -2 13 1  99  9
ROW 5 0 6
T 2  -15 2 1  33  7
T 3  -75 286 66  68  8
T 3  30 13 1  69  8
T 4  -7 2431 1001  122  9
T 4  75 2431 66  123  9
T 4  -2 13 1  124  9
ROW 5 1 9
T 2  15 2 1  20  7
T 3  25 286 165  45  8
T 3  -15 572 4290  46  8
T 3  -30 13 1  47  8
T 4  7 2431 143  87  9
T 4  -7 4862 6006  88  9
T 4  -25 2431 165  89  9
T 4  15 4862 4290  90  9
T 4  2 13 1  91  9
ROW 5 2 13
T 1  -45 8 7  6  6
T 2  -15 2 1  18  7
T 2  15 4 7  19  7
T 3  -75 572 30  41  8
T 3  -5 572 30030  42  8
T 3  30 13 1  43  8
T 3  -15 22 7  44  8
T 4  -7 2431 33  81  9
T 4  -14 2431 1001  82  9
T 4  75 4862 30  83  9
T 4  5 4862 30030  84  9
T 4  -2 13 1  85  9
T 4  5 143 7  86  9
ROW 5 3 11
T 1  105 8 3  5  6
T 2  5 4 21  16  7
T 2  -35 4 3  17  7
T 3  15 572 210  38  8
T 3  -5 13 21  39  8
T 3  35 22 3  40  8
T 4  7 4862 22  76  9
T 4  -14 2431 2431  77  9
T 4  -15 4862 210  78  9
T 4  1 39 21  79  9
T 4  -35 429 3  80  9
ROW 5 4 16
T 0  -315 32 10  0  5
T 1  -21 4 15  3  6
T 1  63 4 10  4  6
T 2  -5 4 6  13  7
T 2  7 2 15  14  7
T 2  -27 4 10  15  7
T 3  -5 286 70  34  8
T 3  5 13 6  35  8
T 3  -7 11 15  36  8
T 3  1 1 10  37  8
T 4  -7 4862 2  70  9
T 4  -21 2431 2431  71  9
T 4  5 2431 70  72  9
T 4  -1 39 6  73  9
T 4  14 429 15  74  9
T 4  -1 22 10  75  9
