FORMAT 2
KERNEL J
SOURCE (s|J|s)^(m)
SHELLS 6 3
ORDERS 6 9

# E <id> <alpha> <beta> <mu> <p>
E 0 0 3 0 -6
E 1 0 3 1 -6
E 2 0 3 2 -6
E 3 0 3 3 -6

# G <id> <2k> <L> <M>
G 0 0 3 3
G 1 0 3 -3
G 2 0 3 2
G 3 0 3 -2
G 4 0 3 1
G 5 0 3 -1
G 6 0 3 0
G 7 0 5 3
G 8 2 3 3
G 9 0 5 4
G 10 0 5 5
G 11 0 5 -5
G 12 0 5 -4
G 13 0 5 -3
G 14 2 3 -3
G 15 0 5 2
G 16 2 3 2
G 17 0 5 -2
G 18 2 3 -2
G 19 0 5 1
G 20 2 3 1
G 21 0 5 -1
G 22 2 3 -1
G 23 0 5 0
G 24 2 3 0
G 25 0 7 3
G 26 2 5 3
G 27 4 3 3
G 28 0 7 4
G 29 2 5 4
G 30 0 7 5
G 31 0 7 7
G 32 2 5 5
G 33 0 7 -6
G 34 0 7 -7
G 35 0 7 -5
G 36 2 5 -5
G 37 0 7 -4
G 38 2 5 -4
G 39 0 7 -3
G 40 2 5 -3
G 41 4 3 -3
G 42 0 7 2
G 43 2 5 2
G 44 4 3 2
G 45 0 7 6
G 46 0 7 -2
G 47 2 5 -2
G 48 4 3 -2
G 49 0 7 1
G 50 2 5 1
G 51 4 3 1
G 52 0 7 -1
G 53 2 5 -1
G 54 4 3 -1
G 55 0 7 0
G 56 2 5 0
G 57 4 3 0
G 58 0 9 3
G 59 0 9 9
G 60 2 7 3
G 61 4 5 3
G 62 6 3 3
G 63 0 9 4
G 64 0 9 8
G 65 2 7 4
G 66 4 5 4
G 67 0 9 5
G 68 0 9 7
G 69 2 7 5
G 70 2 7 7
G 71 4 5 5
G 72 0 9 -6
G 73 2 7 -6
G 74 0 9 -7
G 75 0 9 -5
G 76 2 7 -7
G 77 2 7 -5
G 78 4 5 -5
G 79 0 9 -8
G 80 0 9 -4
G 81 2 7 -4
G 82 4 5 -4
G 83 0 9 -9
G 84 0 9 -3
G 85 2 7 -3
G 86 4 5 -3
G 87 6 3 -3
G 88 0 9 2
G 89 2 7 2
G 90 4 5 2
G 91 6 3 2
G 92 0 9 6
G 93 2 7 6
G 94 0 9 -2
G 95 2 7 -2
G 96 4 5 -2
G 97 6 3 -2
G 98 0 9 1
G 99 2 7 1
G 100 4 5 1
G 101 6 3 1
G 102 0 9 -1
G 103 2 7 -1
G 104 4 5 -1
G 105 6 3 -1
G 106 0 9 0
G 107 2 7 0
G 108 4 5 0
G 109 6 3 0

# TABLE <l> <l'> <rows> [SYMMETRIC]
# ROW <m> <m'> <terms>
# T <prefactor> <num> <den> <radicand> <geometry> <boys order>

TABLE 6 3 91
ROW -6 -3 11
T 0  -15 8 462  0  6
T 1  -5 8 66  7  7
T 1  5 4 462  8  7
T 2  -9 286 55  25  8
T 2  5 26 66  26  8
T 2  -5 22 462  27  8
T 3  -1 442 2  58  9
T 3  -1 221 9282  59  9
T 3  9 2431 55  60  9
T 3  -1 78 66  61  9
T 3  5 429 462  62  9
ROW -6 -2 7
T 1  15 8 22  9  7
T 2  3 26 30  28  8
T 2  -15 26 22  29  8
T 3  1 442 26  63  9
T 3  -1 221 3094  64  9
T 3  -3 221 30  65  9
T 3  1 26 22  66  9
ROW -6 -1 9
T 1  -15 8 22  10  7
T 2  -9 13 3  30  8
T 2  -3 26 273  31  8
T 2  15 26 22  32  8
T 3  -1 442 182  67  9
T 3  -1 221 910  68  9
T 3  18 221 3  69  9
T 3  3 221 273  70  9
T 3  -1 26 22  71  9
ROW -6 0 3
T 2  9 13 13  33  8
T 3  1 221 455  72  9
T 3  -18 221 13  73  9
ROW -6 1 9
T 1  -15 8 22  11  7
T 2  3 26 273  34  8
T 2  -9 13 3  35  8
T 2  15 26 22  36  8
T 3  1 221 910  74  9
T 3  -1 442 182  75  9
T 3  -3 221 273  76  9
T 3  18 221 3  77  9
T 3  -1 26 22  78  9
ROW -6 2 7
T 1  15 8 22  12  7
T 2  3 26 30  37  8
T 2  -15 26 22  38  8
T 3  1 221 3094  79  9
T 3  1 442 26  80  9
T 3  -3 221 30  81  9
T 3  1 26 22  82  9
ROW -6 3 11
T 0  -15 8 462  1  6
T 1  -5 8 66  13  7
T 1  5 4 462  14  7
T 2  -9 286 55  39  8
T 2  5 26 66  40  8
T 2  -5 22 462  41  8
T 3  1 221 9282  83  9
T 3  -1 442 2  84  9
T 3  9 2431 55  85  9
T 3  -1 78 66  86  9
T 3  5 429 462  87  9
ROW -5 -3 11
T 0  -15 8 231  2  6
T 1  -5 4 33  15  7
T 1  5 4 231  16  7
T 2  -15 572 330  42  8
T 2  5 13 33  43  8
T 2  -5 22 231  44  8
T 3  -1 442 14  88  9
T 3  -2 221 1547  64  9
T 3  15 4862 330  89  9
T 3  -1 39 33  90  9
T 3  5 429 231  91  9
ROW -5 -2 13
T 0  -15 8 231  0  6
T 1  5 4 33  7  7
T 1  5 4 231  8  7
T 2  57 572 110  25  8
T 2  3 52 910  31  8
T 2  -5 13 33  26  8
T 2  -5 22 231  27  8
T 3  6 221 1  58  9
T 3  -4 221 273  68  9
T 3  -57 4862 110  60  9
T 3  -3 442 910  70  9
T 3  1 39 33  61  9
T 3  5 429 231  62  9
ROW -5 -1 6
T 2  -3 2 1  28  8
T 2  -3 52 26  45  8
T 3  -1 221 195  63  9
T 3  -3 442 910  92  9
T 3  3 17 1  65  9
T 3  3 442 26  93  9
ROW -5 0 6
T 1  -15 4 11  11  7
T 2  21 26 6  35  8
T 2  15 13 11  36  8
T 3  4 221 91  75  9
T 3  -21 221 6  77  9
T 3  -1 13 11  78  9
ROW -5 1 6
T 2  3 52 26  33  8
T 2  -3 2 1  37  8
T 3  3 442 910  72  9
T 3  -1 221 195  80  9
T 3  -3 442 26  73  9
T 3  3 17 1  81  9
ROW -5 2 13
T 0  -15 8 231  1  6
T 1  5 4 33  13  7
T 1  5 4 231  14  7
T 2  -3 52 910  34  8
T 2  57 572 110  39  8
T 2  -5 13 33  40  8
T 2  -5 22 231  41  8
T 3  4 221 273  74  9
T 3  6 221 1  84  9
T 3  3 442 910  76  9
T 3  -57 4862 110  85  9
T 3  1 39 33  86  9
T 3  5 429 231  87  9
ROW -5 3 11
T 0  -15 8 231  3  6
T 1  -5 4 33  17  7
T 1  5 4 231  18  7
T 2  -15 572 330  46  8
T 2  5 13 33  47  8
T 2  -5 22 231  48  8
T 3  2 221 1547  79  9
T 3  -1 442 14  94  9
T 3  15 4862 330  95  9
T 3  -1 39 33  96  9
T 3  5 429 231  97  9
ROW -4 -3 13
T 0  -15 8 105  4  6
T 1  -5 4 42  19  7
T 1  5 4 105  20  7
T 2  -135 572 10  49  8
T 2  -3 572 30030  31  8
T 2  5 13 42  50  8
T 2  -5 22 105  51  8
T 3  -1 221 14  98  9
T 3  -2 221 1001  68  9
T 3  135 4862 10  99  9
T 3  3 4862 30030  70  9
T 3  -1 39 42  100  9
T 3  5 429 105  101  9
ROW -4 -2 13
T 0  -45 4 7  2  6
T 1  15 4 1  15  7
T 1  15 2 7  16  7
T 2  60 143 10  42  8
T 2  6 143 1430  45  8
T 2  -15 13 1  43  8
T 2  -15 11 7  44  8
T 3  1 442 462  88  9
T 3  -3 442 2002  92  9
T 3  -120 2431 10  89  9
T 3  -12 2431 1430  93  9
T 3  1 13 1  90  9
T 3  10 143 7  91  9
ROW -4 -1 16
T 0  -15 8 105  0  6
T 1  5 4 15  7  7
T 1  -15 4 3  10  7
T 1  5 4 105  8  7
T 2  -573 572 2  25  8
T 2  87 572 22  30  8
T 2  -5 13 15  26  8
T 2  15 13 3  32  8
T 2  -5 22 105  27  8
T 3  -3 221 55  58  9
T 3  -1 221 3003  67  9
T 3  573 4862 2  60  9
T 3  -87 4862 22  69  9
T 3  1 39 15  61  9
T 3  -1 13 3  71  9
T 3  5 429 105  62  9
ROW -4 0 6
T 1  -15 4 5  12  7
T 2  24 143 33  37  8
T 2  15 13 5  38  8
T 3  2 221 715  80  9
T 3  -48 2431 33  81  9
T 3  -1 13 5  82  9
ROW -4 1 16
T 0  -15 8 105  1  6
T 1  15 4 3  11  7
T 1  5 4 15  13  7
T 1  5 4 105  14  7
T 2  -87 572 22  35  8
T 2  -573 572 2  39  8
T 2  -15 13 3  36  8
T 2  -5 13 15  40  8
T 2  -5 22 105  41  8
T 3  1 221 3003  75  9
T 3  -3 221 55  84  9
T 3  87 4862 22  77  9
T 3  573 4862 2  85  9
T 3  1 13 3  78  9
T 3  1 39 15  86  9
T 3  5 429 105  87  9
ROW -4 2 13
T 0  -45 4 7  3  6
T 1  15 4 1  17  7
T 1  15 2 7  18  7
T 2  -6 143 1430  33  8
T 2  60 143 10  46  8
T 2  -15 13 1  47  8
T 2  -15 11 7  48  8
T 3  3 442 2002  72  9
T 3  1 442 462  94  9
T 3  12 2431 1430  73  9
T 3  -120 2431 10  95  9
T 3  1 13 1  96  9
T 3  10 143 7  97  9
ROW -4 3 13
T 0  -15 8 105  5  6
T 1  -5 4 42  21  7
T 1  5 4 105  22  7
T 2  3 572 30030  34  8
T 2  -135 572 10  52  8
T 2  5 13 42  53  8
T 2  -5 22 105  54  8
T 3  2 221 1001  74  9
T 3  -1 221 14  102  9
T 3  -3 4862 30030  76  9
T 3  135 4862 10  103  9
T 3  -1 39 42  104  9
T 3  5 429 105  105  9
ROW -3 -3 13
T 0  -15 4 21  6  6
T 1  -5 2 21  23  7
T 1  5 2 21  24  7
T 2  -45 143 21  55  8
T 2  -45 572 286  45  8
T 2  10 13 21  56  8
T 2  -5 11 21  57  8
T 3  -2 221 21  106  9
T 3  -1 442 10010  92  9
T 3  90 2431 21  107  9
T 3  45 4862 286  93  9
T 3  -2 39 21  108  9
T 3  10 429 21  109  9
ROW -3 -2 13
T 0  -45 8 21  4  6
T 1  15 4 1  10  7
T 1  15 4 21  20  7
T 2  45 44 2  49  8
T 2  75 572 66  30  8
T 2  -15 13 1  32  8
T 2  -15 22 21  51  8
T 3  2 221 70  98  9
T 3  -2 221 1001  67  9
T 3  -45 374 2  99  9
T 3  -75 4862 66  69  9
T 3  1 13 1  71  9
T 3  5 143 21  101  9
ROW -3 -1 16
T 0  -45 8 21  2  6
T 1  15 4 3  15  7
T 1  -15 2 1  9  7
T 1  15 4 21  16  7
T 2  -111 572 30  42  8
T 2  27 286 165  28  8
T 2  -15 13 3  43  8
T 2  30 13 1  29  8
T 2  -15 22 21  44  8
T 3  -5 442 154  88  9
T 3  -5 221 143  63  9
T 3  111 4862 30  89  9
T 3  -27 2431 165  65  9
T 3  1 13 3  90  9
T 3  -2 13 1  66  9
T 3  5 143 21  91  9
ROW -3 0 10
T 0  -15 4 21  1  6
T 1  -5 4 3  13  7
T 1  5 2 21  14  7
T 2  -9 286 10  39  8
T 2  5 13 3  40  8
T 2  -5 11 21  41  8
T 3  20 221 11  84  9
T 3  9 2431 10  85  9
T 3  -1 39 3  86  9
T 3  10 429 21  87  9
ROW -3 1 16
T 0  -45 8 21  3  6
T 1  15 2 1  12  7
T 1  15 4 3  17  7
T 1  15 4 21  18  7
T 2  -27 286 165  37  8
T 2  -111 572 30  46  8
T 2  -30 13 1  38  8
T 2  -15 13 3  47  8
T 2  -15 22 21  48  8
T 3  5 221 143  80  9
T 3  -5 442 154  94  9
T 3  27 2431 165  81  9
T 3  111 4862 30  95  9
T 3  2 13 1  82  9
T 3  1 13 3  96  9
T 3  5 143 21  97  9
ROW -3 2 13
T 0  -45 8 21  5  6
T 1  -15 4 1  11  7
T 1  15 4 21  22  7
T 2  -75 572 66  35  8
T 2  45 44 2  52  8
T 2  15 13 1  36  8
T 2  -15 22 21  54  8
T 3  2 221 1001  75  9
T 3  2 221 70  102  9
T 3  75 4862 66  77  9
T 3  -45 374 2  103  9
T 3  -1 13 1  78  9
T 3  5 143 21  105  9
ROW -3 3 3
T 2  45 572 286  33  8
T 3  1 442 10010  72  9
T 3  -45 4862 286  73  9
ROW -2 -3 16
T 0  15 8 14  4  6
T 1  5 4 35  19  7
T 1  -5 8 6  10  7
T 1  -5 4 14  20  7
T 2  105 143 3  49  8
T 2  -135 286 11  30  8
T 2  -5 13 35  50  8
T 2  5 26 6  32  8
T 2  5 22 14  51  8
T 3  1 221 105  98  9
T 3  -1 442 6006  67  9
T 3  -210 2431 3  99  9
T 3  135 2431 11  69  9
T 3  1 39 35  100  9
T 3  -1 78 6  71  9
T 3  -5 429 14  101  9
ROW -2 -2 16
T 0  -15 2 14  6  6
T 1  -5 4 14  23  7
T 1  15 8 10  9  7
T 1  5 1 14  24  7
T 2  75 143 14  55  8
T 2  15 286 66  28  8
T 2  5 13 14  56  8
T 2  -15 26 10  29  8
T 2  -10 11 14  57  8
T 3  9 221 14  106  9
T 3  -3 442 1430  63  9
T 3  -150 2431 14  107  9
T 3  -15 2431 66  65  9
T 3  -1 39 14  108  9
T 3  1 26 10  66  9
T 3  20 429 14  109  9
ROW -2 -1 20
T 0  -15 8 210  4  6
T 0  -15 8 14  0  6
T 1  5 4 21  19  7
T 1  -35 8 2  7  7
T 1  5 4 210  20  7
T 1  5 4 14  8  7
T 2  -69 286 5  49  8
T 2  48 143 15  25  8
T 2  -5 13 21  50  8
T 2  35 26 2  26  8
T 2  -5 22 210  51  8
T 2  -5 22 14  27  8
T 3  -15 221 7  98  9
T 3  -15 442 66  58  9
T 3  69 2431 5  99  9
T 3  -96 2431 15  60  9
T 3  1 39 21  100  9
T 3  -7 78 2  61  9
T 3  5 429 210  101  9
T 3  5 429 14  62  9
ROW -2 0 10
T 0  -15 2 14  3  6
T 1  5 2 2  17  7
T 1  5 1 14  18  7
T 2  -63 143 5  46  8
T 2  -10 13 2  47  8
T 2  -10 11 14  48  8
T 3  5 221 231  94  9
T 3  126 2431 5  95  9
T 3  2 39 2  96  9
T 3  20 429 14  97  9
ROW -2 1 20
T 0  15 8 14  1  6
T 0  -15 8 210  5  6
T 1  35 8 2  13  7
T 1  5 4 21  21  7
T 1  -5 4 14  14  7
T 1  5 4 210  22  7
T 2  -48 143 15  39  8
T 2  -69 286 5  52  8
T 2  -35 26 2  40  8
T 2  -5 13 21  53  8
T 2  5 22 14  41  8
T 2  -5 22 210  54  8
T 3  15 442 66  84  9
T 3  -15 221 7  102  9
T 3  96 2431 15  85  9
T 3  69 2431 5  103  9
T 3  7 78 2  86  9
T 3  1 39 21  104  9
T 3  -5 429 14  87  9
T 3  5 429 210  105  9
ROW -2 2 6
T 1  -15 8 10  12  7
T 2  -15 286 66  37  8
T 2  15 26 10  38  8
T 3  3 442 1430  80  9
T 3  15 2431 66  81  9
T 3  -1 26 10  82  9
ROW -2 3 16
T 0  -15 8 14  5  6
T 1  5 8 6  11  7
T 1  -5 4 35  21  7
T 1  5 4 14  22  7
T 2  135 286 11  35  8
T 2  -105 143 3  52  8
T 2  -5 26 6  36  8
T 2  5 13 35  53  8
T 2  -5 22 14  54  8
T 3  1 442 6006  75  9
T 3  -1 221 105  102  9
T 3  -135 2431 11  77  9
T 3  210 2431 3  103  9
T 3  1 78 6  78  9
T 3  -1 39 35  104  9
T 3  5 429 14  105  9
ROW -1 -3 16
T 0  -15 16 14  2  6
T 1  -35 8 2  15  7
T 1  -5 4 6  9  7
T 1  5 8 14  16  7
T 2  -189 286 5  42  8
T 2  -45 286 110  28  8
T 2  35 26 2  43  8
T 2  5 13 6  29  8
T 2  -5 44 14  44  8
T 3  -1 221 231  88  9
T 3  -1 221 858  63  9
T 3  189 2431 5  89  9
T 3  45 2431 110  65  9
T 3  -7 78 2  90  9
T 3  -1 39 6  66  9
T 3  5 858 14  91  9
ROW -1 -2 20
T 0  15 16 210  4  6
T 0  15 16 14  0  6
T 1  5 4 21  19  7
T 1  5 1 2  7  7
T 1  -5 8 210  20  7
T 1  -5 8 14  8  7
T 2  -147 286 5  49  8
T 2  -15 286 15  25  8
T 2  -5 13 21  50  8
T 2  -20 13 2  26  8
T 2  5 44 210  51  8
T 2  5 44 14  27  8
T 3  -12 221 7  98  9
T 3  -6 221 66  58  9
T 3  147 2431 5  99  9
T 3  15 2431 15  60  9
T 3  1 39 21  100  9
T 3  4 39 2  61  9
T 3  -5 858 210  101  9
T 3  -5 858 14  62  9
ROW -1 -1 20
T 0  -75 8 14  6  6
T 0  -15 16 210  2  6
T 1  5 4 14  23  7
T 1  -5 8 30  15  7
T 1  25 4 14  24  7
T 1  5 8 210  16  7
T 2  3 143 14  55  8
T 2  177 286 3  42  8
T 2  -5 13 14  56  8
T 2  5 26 30  43  8
T 2  -25 22 14  57  8
T 2  -5 44 210  44  8
T 3  -18 221 14  106  9
T 3  -3 221 385  88  9
T 3  -6 2431 14  107  9
T 3  -177 2431 3  89  9
T 3  1 39 14  108  9
T 3  -1 78 30  90  9
T 3  25 429 14  109  9
T 3  5 858 210  91  9
ROW -1 0 10
T 0  -75 8 14  5  6
T 1  5 4 35  21  7
T 1  25 4 14  22  7
T 2  -129 143 3  52  8
T 2  -5 13 35  53  8
T 2  -25 22 14  54  8
T 3  8 221 105  102  9
T 3  258 2431 3  103  9
T 3  1 39 35  104  9
T 3  25 429 14  105  9
ROW -1 1 10
T 0  15 16 210  3  6
T 1  5 8 30  17  7
T 1  -5 8 210  18  7
T 2  -177 286 3  46  8
T 2  -5 26 30  47  8
T 2  5 44 210  48  8
T 3  3 221 385  94  9
T 3  177 2431 3  95  9
T 3  1 78 30  96  9
T 3  -5 858 210  97  9
ROW -1 2 20
T 0  -15 16 14  1  6
T 0  -15 16 210  5  6
T 1  -5 1 2  13  7
T 1  -5 4 21  21  7
T 1  5 8 14  14  7
T 1  5 8 210  22  7
T 2  15 286 15  39  8
T 2  147 286 5  52  8
T 2  20 13 2  40  8
T 2  5 13 21  53  8
T 2  -5 44 14  41  8
T 2  -5 44 210  54  8
T 3  6 221 66  84  9
T 3  12 221 7  102  9
T 3  -15 2431 15  85  9
T 3  -147 2431 5  103  9
T 3  -4 39 2  86  9
T 3  -1 39 21  104  9
T 3  5 858 14  87  9
T 3  5 858 210  105  9
ROW -1 3 16
T 0  15 16 14  3  6
T 1  5 4 6  12  7
T 1  35 8 2  17  7
T 1  -5 8 14  18  7
T 2  45 286 110  37  8
T 2  189 286 5  46  8
T 2  -5 13 6  38  8
T 2  -35 26 2  47  8
T 2  5 44 14  48  8
T 3  1 221 858  80  9
T 3  1 221 231  94  9
T 3  -45 2431 110  81  9
T 3  -189 2431 5  95  9
T 3  1 39 6  82  9
T 3  7 78 2  96  9
T 3  -5 858 14  97  9
ROW 0 -3 10
T 0  15 8 1  1  6
T 1  5 2 7  13  7
T 1  -5 4 1  14  7
T 2  45 286 210  39  8
T 2  -10 13 7  40  8
T 2  5 22 1  41  8
T 3  2 221 231  84  9
T 3  -45 2431 210  85  9
T 3  2 39 7  86  9
T 3  -5 429 1  87  9
ROW 0 -2 10
T 0  -45 4 1  3  6
T 1  -15 4 7  17  7
T 1  15 2 1  18  7
T 2  18 143 70  46  8
T 2  15 13 7  47  8
T 2  -15 11 1  48  8
T 3  7 221 66  94  9
T 3  -36 2431 70  95  9
T 3  -1 13 7  96  9
T 3  10 143 1  97  9
ROW 0 -1 7
T 0  225 8 1  5  6
T 1  -75 4 1  22  7
T 2  -3 22 42  52  8
T 2  75 22 1  54  8
T 3  14 221 30  102  9
T 3  3 187 42  103  9
T 3  -25 143 1  105  9
ROW 0 0 10
T 0  -75 2 1  6  6
T 1  35 4 1  23  7
T 1  25 1 1  24  7
T 2  -252 143 1  55  8
T 2  -35 13 1  56  8
T 2  -50 11 1  57  8
T 3  84 221 1  106  9
T 3  504 2431 1  107  9
T 3  7 39 1  108  9
T 3  100 429 1  109  9
ROW 0 1 7
T 0  225 8 1  4  6
T 1  -75 4 1  20  7
T 2  -3 22 42  49  8
T 2  75 22 1  51  8
T 3  14 221 30  98  9
T 3  3 187 42  99  9
T 3  -25 143 1  101  9
ROW 0 2 10
T 0  -45 4 1  2  6
T 1  -15 4 7  15  7
T 1  15 2 1  16  7
T 2  18 143 70  42  8
T 2  15 13 7  43  8
T 2  -15 11 1  44  8
T 3  7 221 66  88  9
T 3  -36 2431 70  89  9
T 3  -1 13 7  90  9
T 3  10 143 1  91  9
ROW 0 3 10
T 0  15 8 1  0  6
T 1  5 2 7  7  7
T 1  -5 4 1  8  7
T 2  45 286 210  25  8
T 2  -10 13 7  26  8
T 2  5 22 1  27  8
T 3  2 221 231  58  9
T 3  -45 2431 210  60  9
T 3  2 39 7  61  9
T 3  -5 429 1  62  9
ROW 1 -3 16
T 0  -15 16 14  3  6
T 1  5 4 6  12  7
T 1  -35 8 2  17  7
T 1  5 8 14  18  7
T 2  45 286 110  37  8
T 2  -189 286 5  46  8
T 2  -5 13 6  38  8
T 2  35 26 2  47  8
T 2  -5 44 14  48  8
T 3  1 221 858  80  9
T 3  -1 221 231  94  9
T 3  -45 2431 110  81  9
T 3  189 2431 5  95  9
T 3  1 39 6  82  9
T 3  -7 78 2  96  9
T 3  5 858 14  97  9
ROW 1 -2 20
T 0  -15 16 14  1  6
T 0  15 16 210  5  6
T 1  -5 1 2  13  7
T 1  5 4 21  21  7
T 1  5 8 14  14  7
T 1  -5 8 210  22  7
T 2  15 286 15  39  8
T 2  -147 286 5  52  8
T 2  20 13 2  40  8
T 2  -5 13 21  53  8
T 2  -5 44 14  41  8
T 2  5 44 210  54  8
T 3  6 221 66  84  9
T 3  -12 221 7  102  9
T 3  -15 2431 15  85  9
T 3  147 2431 5  103  9
T 3  -4 39 2  86  9
T 3  1 39 21  104  9
T 3  5 858 14  87  9
T 3  -5 858 210  105  9
ROW 1 -1 10
T 0  15 16 210  3  6
T 1  5 8 30  17  7
T 1  -5 8 210  18  7
T 2  -177 286 3  46  8
T 2  -5 26 30  47  8
T 2  5 44 210  48  8
T 3  3 221 385  94  9
T 3  177 2431 3  95  9
T 3  1 78 30  96  9
T 3  -5 858 210  97  9
ROW 1 0 10
T 0  -75 8 14  4  6
T 1  5 4 35  19  7
T 1  25 4 14  20  7
T 2  -129 143 3  49  8
T 2  -5 13 35  50  8
T 2  -25 22 14  51  8
T 3  8 221 105  98  9
T 3  258 2431 3  99  9
T 3  1 39 35  100  9
T 3  25 429 14  101  9
ROW 1 1 20
T 0  -75 8 14  6  6
T 0  15 16 210  2  6
T 1  5 4 14  23  7
T 1  5 8 30  15  7
T 1  25 4 14  24  7
T 1  -5 8 210  16  7
T 2  3 143 14  55  8
T 2  -177 286 3  42  8
T 2  -5 13 14  56  8
T 2  -5 26 30  43  8
T 2  -25 22 14  57  8
T 2  5 44 210  44  8
T 3  -18 221 14  106  9
T 3  3 221 385  88  9
T 3  -6 2431 14  107  9
T 3  177 2431 3  89  9
T 3  1 39 14  108  9
T 3  1 78 30  90  9
T 3  25 429 14  109  9
T 3  -5 858 210  91  9
ROW 1 2 20
T 0  15 16 210  4  6
T 0  -15 16 14  0  6
T 1  5 4 21  19  7
T 1  -5 1 2  7  7
T 1  -5 8 210  20  7
T 1  5 8 14  8  7
T 2  -147 286 5  49  8
T 2  15 286 15  25  8
T 2  -5 13 21  50  8
T 2  20 13 2  26  8
T 2  5 44 210  51  8
T 2  -5 44 14  27  8
T 3  -12 221 7  98  9
T 3  6 221 66  58  9
T 3  147 2431 5  99  9
T 3  -15 2431 15  60  9
T 3  1 39 21  100  9
T 3  -4 39 2  61  9
T 3  -5 858 210  101  9
T 3  5 858 14  62  9
ROW 1 3 16
T 0  -15 16 14  2  6
T 1  -35 8 2  15  7
T 1  5 4 6  9  7
T 1  5 8 14  16  7
T 2  -189 286 5  42  8
T 2  45 286 110  28  8
T 2  35 26 2  43  8
T 2  -5 13 6  29  8
T 2  -5 44 14  44  8
T 3  -1 221 231  88  9
T 3  1 221 858  63  9
T 3  189 2431 5  89  9
T 3  -45 2431 110  65  9
T 3  -7 78 2  90  9
T 3  1 39 6  66  9
T 3  5 858 14  91  9
ROW 2 -3 16
T 0  15 8 14  5  6
T 1  5 8 6  11  7
T 1  5 4 35  21  7
T 1  -5 4 14  22  7
T 2  135 286 11  35  8
T 2  105 143 3  52  8
T 2  -5 26 6  36  8
T 2  -5 13 35  53  8
T 2  5 22 14  54  8
T 3  1 442 6006  75  9
T 3  1 221 105  102  9
T 3  -135 2431 11  77  9
T 3  -210 2431 3  103  9
T 3  1 78 6  78  9
T 3  1 39 35  104  9
T 3  -5 429 14  105  9
ROW 2 -2 6
T 1  -15 8 10  12  7
T 2  -15 286 66  37  8
T 2  15 26 10  38  8
T 3  3 442 1430  80  9
T 3  15 2431 66  81  9
T 3  -1 26 10  82  9
ROW 2 -1 20
T 0  15 8 14  1  6
T 0  15 8 210  5  6
T 1  35 8 2  13  7
T 1  -5 4 21  21  7
T 1  -5 4 14  14  7
T 1  -5 4 210  22  7
T 2  -48 143 15  39  8
T 2  69 286 5  52  8
T 2  -35 26 2  40  8
T 2  5 13 21  53  8
T 2  5 22 14  41  8
T 2  5 22 210  54  8
T 3  15 442 66  84  9
T 3  15 221 7  102  9
T 3  96 2431 15  85  9
T 3  -69 2431 5  103  9
T 3  7 78 2  86  9
T 3  -1 39 21  104  9
T 3  -5 429 14  87  9
T 3  -5 429 210  105  9
ROW 2 0 10
T 0  -15 2 14  2  6
T 1  5 2 2  15  7
T 1  5 1 14  16  7
T 2  -63 143 5  42  8
T 2  -10 13 2  43  8
T 2  -10 11 14  44  8
T 3  5 221 231  88  9
T 3  126 2431 5  89  9
T 3  2 39 2  90  9
T 3  20 429 14  91  9
ROW 2 1 20
T 0  -15 8 210  4  6
T 0  15 8 14  0  6
T 1  5 4 21  19  7
T 1  35 8 2  7  7
T 1  5 4 210  20  7
T 1  -5 4 14  8  7
T 2  -69 286 5  49  8
T 2  -48 143 15  25  8
T 2  -5 13 21  50  8
T 2  -35 26 2  26  8
T 2  -5 22 210  51  8
T 2  5 22 14  27  8
T 3  -15 221 7  98  9
T 3  15 442 66  58  9
T 3  69 2431 5  99  9
T 3  96 2431 15  60  9
T 3  1 39 21  100  9
T 3  7 78 2  61  9
T 3  5 429 210  101  9
T 3  -5 429 14  62  9
ROW 2 2 16
T 0  -15 2 14  6  6
T 1  -5 4 14  23  7
T 1  -15 8 10  9  7
T 1  5 1 14  24  7
T 2  75 143 14  55  8
T 2  -15 286 66  28  8
T 2  5 13 14  56  8
T 2  15 26 10  29  8
T 2  -10 11 14  57  8
T 3  9 221 14  106  9
T 3  3 442 1430  63  9
T 3  -150 2431 14  107  9
T 3  15 2431 66  65  9
T 3  -1 39 14  108  9
T 3  -1 26 10  66  9
T 3  20 429 14  109  9
ROW 2 3 16
T 0  15 8 14  4  6
T 1  5 4 35  19  7
T 1  5 8 6  10  7
T 1  -5 4 14  20  7
T 2  105 143 3  49  8
T 2  135 286 11  30  8
T 2  -5 13 35  50  8
T 2  -5 26 6  32  8
T 2  5 22 14  51  8
T 3  1 221 105  98  9
T 3  1 442 6006  67  9
T 3  -210 2431 3  99  9
T 3  -135 2431 11  69  9
T 3  1 39 35  100  9
T 3  1 78 6  71  9
T 3  -5 429 14  101  9
ROW 3 -3 3
T 2  45 572 286  33  8
T 3  1 442 10010  72  9
T 3  -45 4862 286  73  9
ROW 3 -2 13
T 0  45 8 21  5  6
T 1  -15 4 1  11  7
T 1  -15 4 21  22  7
T 2  -75 572 66  35  8
T 2  -45 44 2  52  8
T 2  15 13 1  36  8
T 2  15 22 21  54  8
T 3  2 221 1001  75  9
T 3  -2 221 70  102  9
T 3  75 4862 66  77  9
T 3  45 374 2  103  9
T 3  -1 13 1  78  9
T 3  -5 143 21  105  9
ROW 3 -1 16
T 0  45 8 21  3  6
T 1  15 2 1  12  7
T 1  -15 4 3  17  7
T 1  -15 4 21  18  7
T 2  -27 286 165  37  8
T 2  111 572 30  46  8
T 2  -30 13 1  38  8
T 2  15 13 3  47  8
T 2  15 22 21  48  8
T 3  5 221 143  80  9
T 3  5 442 154  94  9
T 3  27 2431 165  81  9
T 3  -111 4862 30  95  9
T 3  2 13 1  82  9
T 3  -1 13 3  96  9
T 3  -5 143 21  97  9
ROW 3 0 10
T 0  -15 4 21  0  6
T 1  -5 4 3  7  7
T 1  5 2 21  8  7
T 2  -9 286 10  25  8
T 2  5 13 3  26  8
T 2  -5 11 21  27  8
T 3  20 221 11  58  9
T 3  9 2431 10  60  9
T 3  -1 39 3  61  9
T 3  10 429 21  62  9
ROW 3 1 16
T 0  -45 8 21  2  6
T 1  15 4 3  15  7
T 1  15 2 1  9  7
T 1  15 4 21  16  7
T 2  -111 572 30  42  8
T 2  -27 286 165  28  8
T 2  -15 13 3  43  8
T 2  -30 13 1  29  8
T 2  -15 22 21  44  8
T 3  -5 442 154  88  9
T 3  5 221 143  63  9
T 3  111 4862 30  89  9
T 3  27 2431 165  65  9
T 3  1 13 3  90  9
T 3  2 13 1  66  9
T 3  5 143 21  91  9
ROW 3 2 13
T 0  -45 8 21  4  6
T 1  -15 4 1  10  7
T 1  15 4 21  20  7
T 2  45 44 2  49  8
T 2  -75 572 66  30  8
T 2  15 13 1  32  8
T 2  -15 22 21  51  8
T 3  2 221 70  98  9
T 3  2 221 1001  67  9
T 3  -45 374 2  99  9
T 3  75 4862 66  69  9
T 3  -1 13 1  71  9
T 3  5 143 21  101  9
ROW 3 3 13
T 0  -15 4 21  6  6
T 1  -5 2 21  23  7
T 1  5 2 21  24  7
T 2  -45 143 21  55  8
T 2  45 572 286  45  8
T 2  10 13 21  56  8
T 2  -5 11 21  57  8
T 3  -2 221 21  106  9
T 3  1 442 10010  92  9
T 3  90 2431 21  107  9
T 3  -45 4862 286  93  9
T 3  -2 39 21  108  9
T 3  10 429 21  109  9
ROW 4 -3 13
T 0  15 8 105  5  6
T 1  5 4 42  21  7
T 1  -5 4 105  22  7
T 2  3 572 30030  34  8
T 2  135 572 10  52  8
T 2  -5 13 42  53  8
T 2  5 22 105  54  8
T 3  2 221 1001  74  9
T 3  1 221 14  102  9
T 3  -3 4862 30030  76  9
T 3  -135 4862 10  103  9
T 3  1 39 42  104  9
T 3  -5 429 105  105  9
ROW 4 -2 13
T 0  45 4 7  3  6
T 1  -15 4 1  17  7
T 1  -15 2 7  18  7
T 2  -6 143 1430  33  8
T 2  -60 143 10  46  8
T 2  15 13 1  47  8
T 2  15 11 7  48  8
T 3  3 442 2002  72  9
T 3  -1 442 462  94  9
T 3  12 2431 1430  73  9
T 3  120 2431 10  95  9
T 3  -1 13 1  96  9
T 3  -10 143 7  97  9
ROW 4 -1 16
T 0  15 8 105  1  6
T 1  15 4 3  11  7
T 1  -5 4 15  13  7
T 1  -5 4 105  14  7
T 2  -87 572 22  35  8
T 2  573 572 2  39  8
T 2  -15 13 3  36  8
T 2  5 13 15  40  8
T 2  5 22 105  41  8
T 3  1 221 3003  75  9
T 3  3 221 55  84  9
T 3  87 4862 22  77  9
T 3  -573 4862 2  85  9
T 3  1 13 3  78  9
T 3  -1 39 15  86  9
T 3  -5 429 105  87  9
ROW 4 0 6
T 1  -15 4 5  9  7
T 2  24 143 33  28  8
T 2  15 13 5  29  8
T 3  2 221 715  63  9
T 3  -48 2431 33  65  9
T 3  -1 13 5  66  9
ROW 4 1 16
T 0  -15 8 105  0  6
T 1  5 4 15  7  7
T 1  15 4 3  10  7
T 1  5 4 105  8  7
T 2  -573 572 2  25  8
T 2  -87 572 22  30  8
T 2  -5 13 15  26  8
T 2  -15 13 3  32  8
T 2  -5 22 105  27  8
T 3  -3 221 55  58  9
T 3  1 221 3003  67  9
T 3  573 4862 2  60  9
T 3  87 4862 22  69  9
T 3  1 39 15  61  9
T 3  1 13 3  71  9
T 3  5 429 105  62  9
ROW 4 2 13
T 0  -45 4 7  2  6
T 1  15 4 1  15  7
T 1  15 2 7  16  7
T 2  60 143 10  42  8
T 2  -6 143 1430  45  8
T 2  -15 13 1  43  8
T 2  -15 11 7  44  8
T 3  1 442 462  88  9
T 3  3 442 2002  92  9
T 3  -120 2431 10  89  9
T 3  12 2431 1430  93  9
T 3  1 13 1  90  9
T 3  10 143 7  91  9
ROW 4 3 13
T 0  -15 8 105  4  6
T 1  -5 4 42  19  7
T 1  5 4 105  20  7
T 2  -135 572 10  49  8
T 2  3 572 30030  31  8
T 2  5 13 42  50  8
T 2  -5 22 105  51  8
T 3  -1 221 14  98  9
T 3  2 221 1001  68  9
T 3  135 4862 10  99  9
T 3  -3 4862 30030  70  9
T 3  -1 39 42  100  9
T 3  5 429 105  101  9
ROW 5 -3 11
T 0  15 8 231  3  6
T 1  5 4 33  17  7
T 1  -5 4 231  18  7
T 2  15 572 330  46  8
T 2  -5 13 33  47  8
T 2  5 22 231  48  8
T 3  2 221 1547  79  9
T 3  1 442 14  94  9
T 3  -15 4862 330  95  9
T 3  1 39 33  96  9
T 3  -5 429 231  97  9
ROW 5 -2 13
T 0  15 8 231  1  6
T 1  -5 4 33  13  7
T 1  -5 4 231  14  7
T 2  -3 52 910  34  8
T 2  -57 572 110  39  8
T 2  5 13 33  40  8
T 2  5 22 231  41  8
T 3  4 221 273  74  9
T 3  -6 221 1  84  9
T 3  3 442 910  76  9
T 3  57 4862 110  85  9
T 3  -1 39 33  86  9
T 3  -5 429 231  87  9
ROW 5 -1 6
T 2  3 52 26  33  8
T 2  3 2 1  37  8
T 3  3 442 910  72  9
T 3  1 221 195  80  9
T 3  -3 442 26  73  9
T 3  -3 17 1  81  9
ROW 5 0 6
T 1  -15 4 11  10  7
T 2  21 26 6  30  8
T 2  15 13 11  32  8
T 3  4 221 91  67  9
T 3  -21 221 6  69  9
T 3  -1 13 11  71  9
ROW 5 1 6
T 2  -3 2 1  28  8
T 2  3 52 26  45  8
T 3  -1 221 195  63  9
T 3  3 442 910  92  9
T 3  3 17 1  65  9
T 3  -3 442 26  93  9
ROW 5 2 13
T 0  -15 8 231  0  6
T 1  5 4 33  7  7
T 1  5 4 231  8  7
T 2  57 572 110  25  8
T 2  -3 52 910  31  8
T 2  -5 13 33  26  8
T 2  -5 22 231  27  8
T 3  6 221 1  58  9
T 3  4 221 273  68  9
T 3  -57 4862 110  60  9
T 3  3 442 910  70  9
T 3  1 39 33  61  9
T 3  5 429 231  62  9
ROW 5 3 11
T 0  -15 8 231  2  6
T 1  -5 4 33  15  7
T 1  5 4 231  16  7
T 2  -15 572 330  42  8
T 2  5 13 33  43  8
T 2  -5 22 231  44  8
T 3  -1 442 14  88  9
T 3  2 221 1547  64  9
T 3  15 4862 330  89  9
T 3  -1 39 33  90  9
T 3  5 429 231  91  9
ROW 6 -3 11
T 0  15 8 462  1  6
T 1  5 8 66  13  7
T 1  -5 4 462  14  7
T 2  9 286 55  39  8
T 2  -5 26 66  40  8
T 2  5 22 462  41  8
T 3  1 221 9282  83  9
T 3  1 442 2  84  9
T 3  -9 2431 55  85  9
T 3  1 78 66  86  9
T 3  -5 429 462  87  9
ROW 6 -2 7
T 1  -15 8 22  12  7
T 2  -3 26 30  37  8
T 2  15 26 22  38  8
T 3  1 221 3094  79  9
T 3  -1 442 26  80  9
T 3  3 221 30  81  9
T 3  -1 26 22  82  9
ROW 6 -1 9
T 1  15 8 22  11  7
T 2  3 26 273  34  8
T 2  9 13 3  35  8
T 2  -15 26 22  36  8
T 3  1 221 910  74  9
T 3  1 442 182  75  9
T 3  -3 221 273  76  9
T 3  -18 221 3  77  9
T 3  1 26 22  78  9
ROW 6 0 3
T 2  9 13 13  45  8
T 3  1 221 455  92  9
T 3  -18 221 13  93  9
ROW 6 1 9
T 1  -15 8 22  10  7
T 2  -9 13 3  30  8
T 2  3 26 273  31  8
T 2  15 26 22  32  8
T 3  -1 442 182  67  9
T 3  1 221 910  68  9
T 3  18 221 3  69  9
T 3  -3 221 273  70  9
T 3  -1 26 22  71  9
ROW 6 2 7
T 1  15 8 22  9  7
T 2  3 26 30  28  8
T 2  -15 26 22  29  8
T 3  1 442 26  63  9
T 3  1 221 3094  64  9
T 3  -3 221 30  65  9
T 3  1 26 22  66  9
ROW 6 3 11
T 0  -15 8 462  0  6
T 1  -5 8 66  7  7
T 1  5 4 462  8  7
T 2  -9 286 55  25  8
T 2  5 26 66  26  8
T 2  -5 22 462  27  8
T 3  -1 442 2  58  9
T 3  1 221 9282  59  9
T 3  9 2431 55  60  9
T 3  -1 78 66  61  9
T 3  5 429 462  62  9
