FORMAT 2
KERNEL J
SOURCE (s|J|s)^(m)
SHELLS 2 4
ORDERS 4 6

# E <id> <alpha> <beta> <mu> <p>
E 0 2 0 0 -4
E 1 2 0 1 -4
E 2 2 0 2 -4

# G <id> <2k> <L> <M>
G 0 0 2 2
G 1 0 2 1
G 2 0 2 0
G 3 0 2 -2
G 4 0 2 -1
G 5 0 4 2
G 6 2 2 2
G 7 0 4 1
G 8 2 2 1
G 9 0 4 0
G 10 0 4 4
G 11 2 2 0
G 12 0 4 3
G 13 0 4 -2
G 14 2 2 -2
G 15 0 4 -3
G 16 0 4 -1
G 17 2 2 -1
G 18 0 4 -4
G 19 0 6 2
G 20 0 6 6
G 21 2 4 2
G 22 4 2 2
G 23 0 6 1
G 24 0 6 5
G 25 2 4 1
G 26 4 2 1
G 27 0 6 0
G 28 0 6 4
G 29 2 4 0
G 30 2 4 4
G 31 4 2 0
G 32 0 6 3
G 33 2 4 3
G 34 0 6 -2
G 35 2 4 -2
G 36 4 2 -2
G 37 0 6 -3
G 38 0 6 -1
G 39 2 4 -3
G 40 2 4 -1
G 41 4 2 -1
G 42 0 6 -4
G 43 2 4 -4
G 44 0 6 -5
G 45 0 6 -6

# TABLE <l> <l'> <rows> [SYMMETRIC]
# ROW <m> <m'> <terms>
# T <prefactor> <num> <den> <radicand> <geometry> <boys order>

TABLE 2 4 45
ROW -2 -4 7
T 0  3 4 35  0  4
T 1  1 7 21  5  5
T 1  -3 7 35  6  5
T 2  1 66 2  19  6
T 2  -1 22 110  20  6
T 2  -2 77 21  21  6
T 2  1 21 35  22  6
ROW -2 -3 7
T 0  3 8 70  1  4
T 1  3 14 21  7  5
T 1  -3 14 70  8  5
T 2  1 66 10  23  6
T 2  -1 33 165  24  6
T 2  -3 77 21  25  6
T 2  1 42 70  26  6
ROW -2 -2 9
T 0  3 4 15  2  4
T 1  3 7 15  9  5
T 1  -1 7 21  10  5
T 1  -3 7 15  11  5
T 2  1 33 15  27  6
T 2  -1 33 105  28  6
T 2  -6 77 15  29  6
T 2  2 77 21  30  6
T 2  1 21 15  31  6
ROW -2 -1 9
T 0  -3 8 10  1  4
T 1  -5 7 3  7  5
T 1  -3 14 21  12  5
T 1  3 14 10  8  5
T 2  -1 66 70  23  6
T 2  -1 11 7  32  6
T 2  10 77 3  25  6
T 2  3 77 21  33  6
T 2  -1 42 10  26  6
ROW -2 0 6
T 0  3 4 1  3  4
T 1  3 7 15  13  5
T 1  -3 7 1  14  5
T 2  1 33 70  34  6
T 2  -6 77 15  35  6
T 2  1 21 1  36  6
ROW -2 1 9
T 0  -3 8 10  4  4
T 1  3 14 21  15  5
T 1  -5 7 3  16  5
T 1  3 14 10  17  5
T 2  1 11 7  37  6
T 2  -1 66 70  38  6
T 2  -3 77 21  39  6
T 2  10 77 3  40  6
T 2  -1 42 10  41  6
ROW -2 2 3
T 1  1 7 21  18  5
T 2  1 33 105  42  6
T 2  -2 77 21  43  6
ROW -2 3 7
T 0  -3 8 70  4  4
T 1  -3 14 21  16  5
T 1  3 14 70  17  5
T 2  1 33 165  44  6
T 2  -1 66 10  38  6
T 2  3 77 21  40  6
T 2  -1 42 70  41  6
ROW -2 4 7
T 0  -3 4 35  3  4
T 1  -1 7 21  13  5
T 1  3 7 35  14  5
T 2  1 22 110  45  6
T 2  -1 66 2  34  6
T 2  2 77 21  35  6
T 2  -1 21 35  36  6
ROW -1 -4 4
T 1  -1 2 6  12  5
T 2  -1 22 2  32  6
T 2  -1 66 330  24  6
T 2  1 11 6  33  6
ROW -1 -3 9
T 0  3 8 70  0  4
T 1  -5 28 42  5  5
T 1  1 2 6  10  5
T 1  -3 14 70  6  5
T 2  -4 33 1  19  6
T 2  -2 33 30  28  6
T 2  5 154 42  21  6
T 2  -1 11 6  30  6
T 2  1 42 70  22  6
ROW -1 -2 9
T 0  3 2 5  1  4
T 1  -9 28 6  7  5
T 1  5 28 42  12  5
T 1  -6 7 5  8  5
T 2  -1 33 35  23  6
T 2  -1 11 14  32  6
T 2  9 154 6  25  6
T 2  -5 154 42  33  6
T 2  2 21 5  26  6
ROW -1 -1 12
T 0  3 4 30  2  4
T 0  3 8 10  0  4
T 1  -1 14 30  9  5
T 1  9 28 6  5  5
T 1  -3 7 30  11  5
T 1  -3 14 10  6  5
T 2  -2 33 30  27  6
T 2  -4 33 7  19  6
T 2  1 77 30  29  6
T 2  -9 154 6  21  6
T 2  1 21 30  31  6
T 2  1 42 10  22  6
ROW -1 0 6
T 0  -3 1 1  4  4
T 1  -1 14 30  16  5
T 1  12 7 1  17  5
T 2  5 33 7  38  6
T 2  1 77 30  40  6
T 2  -4 21 1  41  6
ROW -1 1 6
T 0  -3 8 10  3  4
T 1  -9 28 6  13  5
T 1  3 14 10  14  5
T 2  4 33 7  34  6
T 2  9 154 6  35  6
T 2  -1 42 10  36  6
ROW -1 2 9
T 0  -3 2 5  4  4
T 1  -5 28 42  15  5
T 1  9 28 6  16  5
T 1  6 7 5  17  5
T 2  1 11 14  37  6
T 2  1 33 35  38  6
T 2  5 154 42  39  6
T 2  -9 154 6  40  6
T 2  -2 21 5  41  6
ROW -1 3 9
T 0  -3 8 70  3  4
T 1  -1 2 6  18  5
T 1  5 28 42  13  5
T 1  3 14 70  14  5
T 2  2 33 30  42  6
T 2  4 33 1  34  6
T 2  1 11 6  43  6
T 2  -5 154 42  35  6
T 2  -1 42 70  36  6
ROW -1 4 4
T 1  1 2 6  15  5
T 2  1 66 330  44  6
T 2  1 22 2  37  6
T 2  -1 11 6  39  6
ROW 0 -4 3
T 1  2 1 1  18  5
T 2  1 11 5  42  6
T 2  -4 11 1  43  6
ROW 0 -3 3
T 1  1 2 1  15  5
T 2  2 11 3  37  6
T 2  -1 11 1  39  6
ROW 0 -2 6
T 0  3 4 15  3  4
T 1  -4 7 1  13  5
T 1  -3 7 15  14  5
T 2  2 33 42  34  6
T 2  8 77 1  35  6
T 2  1 21 15  36  6
ROW 0 -1 6
T 0  3 4 30  4  4
T 1  -17 14 1  16  5
T 1  -3 7 30  17  5
T 2  1 33 210  38  6
T 2  17 77 1  40  6
T 2  1 21 30  41  6
ROW 0 0 6
T 0  9 2 1  2  4
T 1  -10 7 1  9  5
T 1  -18 7 1  11  5
T 2  5 11 1  27  6
T 2  20 77 1  29  6
T 2  2 7 1  31  6
ROW 0 1 6
T 0  3 4 30  1  4
T 1  -17 14 1  7  5
T 1  -3 7 30  8  5
T 2  1 33 210  23  6
T 2  17 77 1  25  6
T 2  1 21 30  26  6
ROW 0 2 6
T 0  3 4 15  0  4
T 1  -4 7 1  5  5
T 1  -3 7 15  6  5
T 2  2 33 42  19  6
T 2  8 77 1  21  6
T 2  1 21 15  22  6
ROW 0 3 3
T 1  1 2 1  12  5
T 2  2 11 3  32  6
T 2  -1 11 1  33  6
ROW 0 4 3
T 1  2 1 1  10  5
T 2  1 11 5  28  6
T 2  -4 11 1  30  6
ROW 1 -4 4
T 1  -1 2 6  15  5
T 2  1 66 330  44  6
T 2  -1 22 2  37  6
T 2  1 11 6  39  6
ROW 1 -3 9
T 0  3 8 70  3  4
T 1  -1 2 6  18  5
T 1  -5 28 42  13  5
T 1  -3 14 70  14  5
T 2  2 33 30  42  6
T 2  -4 33 1  34  6
T 2  1 11 6  43  6
T 2  5 154 42  35  6
T 2  1 42 70  36  6
ROW 1 -2 9
T 0  3 2 5  4  4
T 1  -5 28 42  15  5
T 1  -9 28 6  16  5
T 1  -6 7 5  17  5
T 2  1 11 14  37  6
T 2  -1 33 35  38  6
T 2  5 154 42  39  6
T 2  9 154 6  40  6
T 2  2 21 5  41  6
ROW 1 -1 6
T 0  -3 8 10  3  4
T 1  -9 28 6  13  5
T 1  3 14 10  14  5
T 2  4 33 7  34  6
T 2  9 154 6  35  6
T 2  -1 42 10  36  6
ROW 1 0 6
T 0  -3 1 1  1  4
T 1  -1 14 30  7  5
T 1  12 7 1  8  5
T 2  5 33 7  23  6
T 2  1 77 30  25  6
T 2  -4 21 1  26  6
ROW 1 1 12
T 0  3 4 30  2  4
T 0  -3 8 10  0  4
T 1  -1 14 30  9  5
T 1  -9 28 6  5  5
T 1  -3 7 30  11  5
T 1  3 14 10  6  5
T 2  -2 33 30  27  6
T 2  4 33 7  19  6
T 2  1 77 30  29  6
T 2  9 154 6  21  6
T 2  1 21 30  31  6
T 2  -1 42 10  22  6
ROW 1 2 9
T 0  3 2 5  1  4
T 1  -9 28 6  7  5
T 1  -5 28 42  12  5
T 1  -6 7 5  8  5
T 2  -1 33 35  23  6
T 2  1 11 14  32  6
T 2  9 154 6  25  6
T 2  5 154 42  33  6
T 2  2 21 5  26  6
ROW 1 3 9
T 0  3 8 70  0  4
T 1  -5 28 42  5  5
T 1  -1 2 6  10  5
T 1  -3 14 70  6  5
T 2  -4 33 1  19  6
T 2  2 33 30  28  6
T 2  5 154 42  21  6
T 2  1 11 6  30  6
T 2  1 42 70  22  6
ROW 1 4 4
T 1  -1 2 6  12  5
T 2  -1 22 2  32  6
T 2  1 66 330  24  6
T 2  1 11 6  33  6
ROW 2 -4 7
T 0  3 4 35  3  4
T 1  1 7 21  13  5
T 1  -3 7 35  14  5
T 2  1 22 110  45  6
T 2  1 66 2  34  6
T 2  -2 77 21  35  6
T 2  1 21 35  36  6
ROW 2 -3 7
T 0  3 8 70  4  4
T 1  3 14 21  16  5
T 1  -3 14 70  17  5
T 2  1 33 165  44  6
T 2  1 66 10  38  6
T 2  -3 77 21  40  6
T 2  1 42 70  41  6
ROW 2 -2 3
T 1  1 7 21  18  5
T 2  1 33 105  42  6
T 2  -2 77 21  43  6
ROW 2 -1 9
T 0  3 8 10  4  4
T 1  3 14 21  15  5
T 1  5 7 3  16  5
T 1  -3 14 10  17  5
T 2  1 11 7  37  6
T 2  1 66 70  38  6
T 2  -3 77 21  39  6
T 2  -10 77 3  40  6
T 2  1 42 10  41  6
ROW 2 0 6
T 0  3 4 1  0  4
T 1  3 7 15  5  5
T 1  -3 7 1  6  5
T 2  1 33 70  19  6
T 2  -6 77 15  21  6
T 2  1 21 1  22  6
ROW 2 1 9
T 0  -3 8 10  1  4
T 1  -5 7 3  7  5
T 1  3 14 21  12  5
T 1  3 14 10  8  5
T 2  -1 66 70  23  6
T 2  1 11 7  32  6
T 2  10 77 3  25  6
T 2  -3 77 21  33  6
T 2  -1 42 10  26  6
ROW 2 2 9
T 0  3 4 15  2  4
T 1  3 7 15  9  5
T 1  1 7 21  10  5
T 1  -3 7 15  11  5
T 2  1 33 15  27  6
T 2  1 33 105  28  6
T 2  -6 77 15  29  6
T 2  -2 77 21  30  6
T 2  1 21 15  31  6
ROW 2 3 7
T 0  3 8 70  1  4
T 1  3 14 21  7  5
T 1  -3 14 70  8  5
T 2  1 66 10  23  6
T 2  1 33 165  24  6
T 2  -3 77 21  25  6
T 2  1 42 70  26  6
ROW 2 4 7
T 0  3 4 35  0  4
T 1  1 7 21  5  5
T 1  -3 7 35  6  5
T 2  1 66 2  19  6
T 2  1 22 110  20  6
T 2  -2 77 21  21  6
T 2  1 21 35  22  6
