FORMAT 2
KERNEL J
SOURCE (s|J|s)^(m)
SHELLS 6 2
ORDERS 6 8

# E <id> <alpha> <beta> <mu> <p>
E 0 0 4 0 -6
E 1 0 4 1 -6
E 2 0 4 2 -6

# G <id> <2k> <L> <M>
G 0 0 4 4
G 1 0 4 -4
G 2 0 4 3
G 3 0 4 -3
G 4 0 4 2
G 5 0 4 -2
G 6 0 4 1
G 7 0 4 -1
G 8 0 4 0
G 9 0 6 4
G 10 2 4 4
G 11 0 6 5
G 12 0 6 -6
G 13 0 6 -5
G 14 0 6 -4
G 15 2 4 -4
G 16 0 6 3
G 17 2 4 3
G 18 0 6 6
G 19 0 6 -3
G 20 2 4 -3
G 21 0 6 2
G 22 2 4 2
G 23 0 6 -2
G 24 2 4 -2
G 25 0 6 1
G 26 2 4 1
G 27 0 6 -1
G 28 2 4 -1
G 29 0 6 0
G 30 2 4 0
G 31 0 8 4
G 32 0 8 8
G 33 2 6 4
G 34 4 4 4
G 35 0 8 5
G 36 0 8 7
G 37 2 6 5
G 38 0 8 -6
G 39 2 6 -6
G 40 0 8 -7
G 41 0 8 -5
G 42 2 6 -5
G 43 0 8 -8
G 44 0 8 -4
G 45 2 6 -4
G 46 4 4 -4
G 47 0 8 3
G 48 2 6 3
G 49 4 4 3
G 50 0 8 6
G 51 2 6 6
G 52 0 8 -3
G 53 2 6 -3
G 54 4 4 -3
G 55 0 8 2
G 56 2 6 2
G 57 4 4 2
G 58 0 8 -2
G 59 2 6 -2
G 60 4 4 -2
G 61 0 8 1
G 62 2 6 1
G 63 4 4 1
G 64 0 8 -1
G 65 2 6 -1
G 66 4 4 -1
G 67 0 8 0
G 68 2 6 0
G 69 4 4 0

# TABLE <l> <l'> <rows> [SYMMETRIC]
# ROW <m> <m'> <terms>
# T <prefactor> <num> <den> <radicand> <geometry> <boys order>

TABLE 6 2 65
ROW -6 -2 7
T 0  9 8 110  0  6
T 1  3 22 22  9  7
T 1  -9 22 110  10  7
T 2  1 130 2  31  8
T 2  -1 65 910  32  8
T 2  -1 55 22  33  8
T 2  9 286 110  34  8
ROW -6 -1 4
T 1  -3 2 1  11  7
T 2  -1 130 26  35  8
T 2  -1 130 910  36  8
T 2  1 5 1  37  8
ROW -6 0 3
T 1  3 1 1  12  7
T 2  1 65 91  38  8
T 2  -2 5 1  39  8
ROW -6 1 4
T 1  -3 2 1  13  7
T 2  1 130 910  40  8
T 2  -1 130 26  41  8
T 2  1 5 1  42  8
ROW -6 2 7
T 0  9 8 110  1  6
T 1  3 22 22  14  7
T 1  -9 22 110  15  7
T 2  1 65 910  43  8
T 2  1 130 2  44  8
T 2  -1 55 22  45  8
T 2  9 286 110  46  8
ROW -5 -2 7
T 0  3 4 165  2  6
T 1  3 22 55  16  7
T 1  -3 11 165  17  7
T 2  1 130 10  47  8
T 2  -1 130 2730  36  8
T 2  -1 55 55  48  8
T 2  3 143 165  49  8
ROW -5 -1 9
T 0  3 8 330  0  6
T 1  -9 44 66  9  7
T 1  3 2 1  18  7
T 1  -3 22 330  10  7
T 2  -2 65 6  31  8
T 2  -2 65 91  50  8
T 2  3 110 66  33  8
T 2  -1 5 1  51  8
T 2  3 286 330  34  8
ROW -5 0 3
T 1  3 2 1  13  7
T 2  3 65 26  41  8
T 2  -1 5 1  42  8
ROW -5 1 9
T 0  3 8 330  1  6
T 1  -3 2 1  12  7
T 1  -9 44 66  14  7
T 1  -3 22 330  15  7
T 2  2 65 91  38  8
T 2  -2 65 6  44  8
T 2  1 5 1  39  8
T 2  3 110 66  45  8
T 2  3 286 330  46  8
ROW -5 2 7
T 0  3 4 165  3  6
T 1  3 22 55  19  7
T 1  -3 11 165  20  7
T 2  1 130 2730  40  8
T 2  1 130 10  52  8
T 2  -1 55 55  53  8
T 2  3 143 165  54  8
ROW -4 -2 9
T 0  3 4 105  4  6
T 1  9 22 10  21  7
T 1  -3 22 22  18  7
T 1  -3 11 105  22  7
T 2  1 130 30  55  8
T 2  -1 130 2002  50  8
T 2  -3 55 10  56  8
T 2  1 55 22  51  8
T 2  3 143 105  57  8
ROW -4 -1 9
T 0  3 2 30  2  6
T 1  -21 44 10  16  7
T 1  9 44 66  11  7
T 1  -6 11 30  17  7
T 2  -1 65 55  47  8
T 2  -1 65 429  35  8
T 2  7 110 10  48  8
T 2  -3 110 66  37  8
T 2  6 143 30  49  8
ROW -4 0 6
T 0  9 4 5  1  6
T 1  3 11 1  14  7
T 1  -9 11 5  15  7
T 2  6 65 11  44  8
T 2  -2 55 1  45  8
T 2  9 143 5  46  8
ROW -4 1 9
T 0  3 2 30  3  6
T 1  -9 44 66  13  7
T 1  -21 44 10  19  7
T 1  -6 11 30  20  7
T 2  1 65 429  41  8
T 2  -1 65 55  52  8
T 2  3 110 66  42  8
T 2  7 110 10  53  8
T 2  6 143 30  54  8
ROW -4 2 9
T 0  3 4 105  5  6
T 1  3 22 22  12  7
T 1  9 22 10  23  7
T 1  -3 11 105  24  7
T 2  1 130 2002  38  8
T 2  1 130 30  58  8
T 2  -1 55 22  39  8
T 2  -3 55 10  59  8
T 2  3 143 105  60  8
ROW -3 -2 9
T 0  9 4 7  6  6
T 1  3 11 30  25  7
T 1  -3 22 55  11  7
T 1  -9 11 7  26  7
T 2  1 130 70  61  8
T 2  -1 130 1430  35  8
T 2  -2 55 30  62  8
T 2  1 55 55  37  8
T 2  9 143 7  63  8
ROW -3 -1 12
T 0  9 4 14  4  6
T 0  9 8 2  0  6
T 1  -15 22 3  21  7
T 1  21 44 10  9  7
T 1  -9 11 14  22  7
T 1  -9 22 2  10  7
T 2  -2 13 1  55  8
T 2  -2 65 110  31  8
T 2  1 11 3  56  8
T 2  -7 110 10  33  8
T 2  9 143 14  57  8
T 2  9 286 2  34  8
ROW -3 0 6
T 0  9 2 3  3  6
T 1  -15 22 1  19  7
T 1  -18 11 3  20  7
T 2  1 13 22  52  8
T 2  1 11 1  53  8
T 2  18 143 3  54  8
ROW -3 1 12
T 0  -9 8 2  1  6
T 0  9 4 14  5  6
T 1  -21 44 10  14  7
T 1  -15 22 3  23  7
T 1  9 22 2  15  7
T 1  -9 11 14  24  7
T 2  2 65 110  44  8
T 2  -2 13 1  58  8
T 2  7 110 10  45  8
T 2  1 11 3  59  8
T 2  -9 286 2  46  8
T 2  9 143 14  60  8
ROW -3 2 9
T 0  9 4 7  7  6
T 1  3 22 55  13  7
T 1  3 11 30  27  7
T 1  -9 11 7  28  7
T 2  1 130 1430  41  8
T 2  1 130 70  64  8
T 2  -1 55 55  42  8
T 2  -2 55 30  65  8
T 2  9 143 7  66  8
ROW -2 -2 12
T 0  3 4 70  8  6
T 0  -3 8 2  0  6
T 1  3 11 70  29  7
T 1  -9 22 10  9  7
T 1  -3 11 70  30  7
T 1  3 22 2  10  7
T 2  1 65 70  67  8
T 2  -3 130 110  31  8
T 2  -2 55 70  68  8
T 2  3 55 10  33  8
T 2  3 143 70  69  8
T 2  -3 286 2  34  8
ROW -2 -1 12
T 0  3 1 7  6  6
T 0  3 1 1  2  6
T 1  -3 22 30  25  7
T 1  15 22 3  16  7
T 1  -12 11 7  26  7
T 1  -12 11 1  17  7
T 2  -3 130 70  61  8
T 2  -1 26 66  47  8
T 2  1 55 30  62  8
T 2  -1 11 3  48  8
T 2  12 143 7  63  8
T 2  12 143 1  49  8
ROW -2 0 6
T 0  3 2 42  5  6
T 1  -15 11 1  23  7
T 1  -6 11 42  24  7
T 2  3 13 3  58  8
T 2  2 11 1  59  8
T 2  6 143 42  60  8
ROW -2 1 12
T 0  -3 1 1  3  6
T 0  3 1 7  7  6
T 1  -15 22 3  19  7
T 1  -3 22 30  27  7
T 1  12 11 1  20  7
T 1  -12 11 7  28  7
T 2  1 26 66  52  8
T 2  -3 130 70  64  8
T 2  1 11 3  53  8
T 2  1 55 30  65  8
T 2  -12 143 1  54  8
T 2  12 143 7  66  8
ROW -2 2 6
T 0  3 8 2  1  6
T 1  9 22 10  14  7
T 1  -3 22 2  15  7
T 2  3 130 110  44  8
T 2  -3 55 10  45  8
T 2  3 286 2  46  8
ROW -1 -2 12
T 0  -3 8 70  6  6
T 0  -3 8 10  2  6
T 1  -21 22 3  25  7
T 1  -3 11 30  16  7
T 1  3 22 70  26  7
T 1  3 22 10  17  7
T 2  -3 65 7  61  8
T 2  -1 65 165  47  8
T 2  7 55 3  62  8
T 2  2 55 30  48  8
T 2  -3 286 70  63  8
T 2  -3 286 10  49  8
ROW -1 -1 12
T 0  15 4 7  8  6
T 0  3 4 35  4  6
T 1  -3 22 7  29  7
T 1  3 22 30  21  7
T 1  -15 11 7  30  7
T 1  -3 11 35  22  7
T 2  -8 65 7  67  8
T 2  -6 65 10  55  8
T 2  1 55 7  68  8
T 2  -1 55 30  56  8
T 2  15 143 7  69  8
T 2  3 143 35  57  8
ROW -1 0 6
T 0  3 4 210  7  6
T 1  -39 22 1  27  7
T 1  -3 11 210  28  7
T 2  6 65 21  64  8
T 2  13 55 1  65  8
T 2  3 143 210  66  8
ROW -1 1 6
T 0  -3 4 35  5  6
T 1  -3 22 30  23  7
T 1  3 11 35  24  7
T 2  6 65 10  58  8
T 2  1 55 30  59  8
T 2  -3 143 35  60  8
ROW -1 2 12
T 0  3 8 10  3  6
T 0  3 8 70  7  6
T 1  3 11 30  19  7
T 1  21 22 3  27  7
T 1  -3 22 10  20  7
T 1  -3 22 70  28  7
T 2  1 65 165  52  8
T 2  3 65 7  64  8
T 2  -2 55 30  53  8
T 2  -7 55 3  65  8
T 2  3 286 10  54  8
T 2  3 286 70  66  8
ROW 0 -2 6
T 0  3 4 15  5  6
T 1  3 11 70  23  7
T 1  -3 11 15  24  7
T 2  1 65 210  58  8
T 2  -2 55 70  59  8
T 2  3 143 15  60  8
ROW 0 -1 6
T 0  -3 2 30  7  6
T 1  -3 22 7  27  7
T 1  6 11 30  28  7
T 2  14 65 3  64  8
T 2  1 55 7  65  8
T 2  -6 143 30  66  8
ROW 0 0 6
T 0  45 4 1  8  6
T 1  -21 11 1  29  7
T 1  -45 11 1  30  7
T 2  28 65 1  67  8
T 2  14 55 1  68  8
T 2  45 143 1  69  8
ROW 0 1 6
T 0  -3 2 30  6  6
T 1  -3 22 7  25  7
T 1  6 11 30  26  7
T 2  14 65 3  61  8
T 2  1 55 7  62  8
T 2  -6 143 30  63  8
ROW 0 2 6
T 0  3 4 15  4  6
T 1  3 11 70  21  7
T 1  -3 11 15  22  7
T 2  1 65 210  55  8
T 2  -2 55 70  56  8
T 2  3 143 15  57  8
ROW 1 -2 12
T 0  3 8 10  3  6
T 0  -3 8 70  7  6
T 1  3 11 30  19  7
T 1  -21 22 3  27  7
T 1  -3 22 10  20  7
T 1  3 22 70  28  7
T 2  1 65 165  52  8
T 2  -3 65 7  64  8
T 2  -2 55 30  53  8
T 2  7 55 3  65  8
T 2  3 286 10  54  8
T 2  -3 286 70  66  8
ROW 1 -1 6
T 0  -3 4 35  5  6
T 1  -3 22 30  23  7
T 1  3 11 35  24  7
T 2  6 65 10  58  8
T 2  1 55 30  59  8
T 2  -3 143 35  60  8
ROW 1 0 6
T 0  3 4 210  6  6
T 1  -39 22 1  25  7
T 1  -3 11 210  26  7
T 2  6 65 21  61  8
T 2  13 55 1  62  8
T 2  3 143 210  63  8
ROW 1 1 12
T 0  15 4 7  8  6
T 0  -3 4 35  4  6
T 1  -3 22 7  29  7
T 1  -3 22 30  21  7
T 1  -15 11 7  30  7
T 1  3 11 35  22  7
T 2  -8 65 7  67  8
T 2  6 65 10  55  8
T 2  1 55 7  68  8
T 2  1 55 30  56  8
T 2  15 143 7  69  8
T 2  -3 143 35  57  8
ROW 1 2 12
T 0  -3 8 70  6  6
T 0  3 8 10  2  6
T 1  -21 22 3  25  7
T 1  3 11 30  16  7
T 1  3 22 70  26  7
T 1  -3 22 10  17  7
T 2  -3 65 7  61  8
T 2  1 65 165  47  8
T 2  7 55 3  62  8
T 2  -2 55 30  48  8
T 2  -3 286 70  63  8
T 2  3 286 10  49  8
ROW 2 -2 6
T 0  3 8 2  1  6
T 1  9 22 10  14  7
T 1  -3 22 2  15  7
T 2  3 130 110  44  8
T 2  -3 55 10  45  8
T 2  3 286 2  46  8
ROW 2 -1 12
T 0  -3 1 1  3  6
T 0  -3 1 7  7  6
T 1  -15 22 3  19  7
T 1  3 22 30  27  7
T 1  12 11 1  20  7
T 1  12 11 7  28  7
T 2  1 26 66  52  8
T 2  3 130 70  64  8
T 2  1 11 3  53  8
T 2  -1 55 30  65  8
T 2  -12 143 1  54  8
T 2  -12 143 7  66  8
ROW 2 0 6
T 0  3 2 42  4  6
T 1  -15 11 1  21  7
T 1  -6 11 42  22  7
T 2  3 13 3  55  8
T 2  2 11 1  56  8
T 2  6 143 42  57  8
ROW 2 1 12
T 0  3 1 7  6  6
T 0  -3 1 1  2  6
T 1  -3 22 30  25  7
T 1  -15 22 3  16  7
T 1  -12 11 7  26  7
T 1  12 11 1  17  7
T 2  -3 130 70  61  8
T 2  1 26 66  47  8
T 2  1 55 30  62  8
T 2  1 11 3  48  8
T 2  12 143 7  63  8
T 2  -12 143 1  49  8
ROW 2 2 12
T 0  3 4 70  8  6
T 0  3 8 2  0  6
T 1  3 11 70  29  7
T 1  9 22 10  9  7
T 1  -3 11 70  30  7
T 1  -3 22 2  10  7
T 2  1 65 70  67  8
T 2  3 130 110  31  8
T 2  -2 55 70  68  8
T 2  -3 55 10  33  8
T 2  3 143 70  69  8
T 2  3 286 2  34  8
ROW 3 -2 9
T 0  -9 4 7  7  6
T 1  3 22 55  13  7
T 1  -3 11 30  27  7
T 1  9 11 7  28  7
T 2  1 130 1430  41  8
T 2  -1 130 70  64  8
T 2  -1 55 55  42  8
T 2  2 55 30  65  8
T 2  -9 143 7  66  8
ROW 3 -1 12
T 0  -9 8 2  1  6
T 0  -9 4 14  5  6
T 1  -21 44 10  14  7
T 1  15 22 3  23  7
T 1  9 22 2  15  7
T 1  9 11 14  24  7
T 2  2 65 110  44  8
T 2  2 13 1  58  8
T 2  7 110 10  45  8
T 2  -1 11 3  59  8
T 2  -9 286 2  46  8
T 2  -9 143 14  60  8
ROW 3 0 6
T 0  9 2 3  2  6
T 1  -15 22 1  16  7
T 1  -18 11 3  17  7
T 2  1 13 22  47  8
T 2  1 11 1  48  8
T 2  18 143 3  49  8
ROW 3 1 12
T 0  9 4 14  4  6
T 0  -9 8 2  0  6
T 1  -15 22 3  21  7
T 1  -21 44 10  9  7
T 1  -9 11 14  22  7
T 1  9 22 2  10  7
T 2  -2 13 1  55  8
T 2  2 65 110  31  8
T 2  1 11 3  56  8
T 2  7 110 10  33  8
T 2  9 143 14  57  8
T 2  -9 286 2  34  8
ROW 3 2 9
T 0  9 4 7  6  6
T 1  3 11 30  25  7
T 1  3 22 55  11  7
T 1  -9 11 7  26  7
T 2  1 130 70  61  8
T 2  1 130 1430  35  8
T 2  -2 55 30  62  8
T 2  -1 55 55  37  8
T 2  9 143 7  63  8
ROW 4 -2 9
T 0  -3 4 105  5  6
T 1  3 22 22  12  7
T 1  -9 22 10  23  7
T 1  3 11 105  24  7
T 2  1 130 2002  38  8
T 2  -1 130 30  58  8
T 2  -1 55 22  39  8
T 2  3 55 10  59  8
T 2  -3 143 105  60  8
ROW 4 -1 9
T 0  -3 2 30  3  6
T 1  -9 44 66  13  7
T 1  21 44 10  19  7
T 1  6 11 30  20  7
T 2  1 65 429  41  8
T 2  1 65 55  52  8
T 2  3 110 66  42  8
T 2  -7 110 10  53  8
T 2  -6 143 30  54  8
ROW 4 0 6
T 0  9 4 5  0  6
T 1  3 11 1  9  7
T 1  -9 11 5  10  7
T 2  6 65 11  31  8
T 2  -2 55 1  33  8
T 2  9 143 5  34  8
ROW 4 1 9
T 0  3 2 30  2  6
T 1  -21 44 10  16  7
T 1  -9 44 66  11  7
T 1  -6 11 30  17  7
T 2  -1 65 55  47  8
T 2  1 65 429  35  8
T 2  7 110 10  48  8
T 2  3 110 66  37  8
T 2  6 143 30  49  8
ROW 4 2 9
T 0  3 4 105  4  6
T 1  9 22 10  21  7
T 1  3 22 22  18  7
T 1  -3 11 105  22  7
T 2  1 130 30  55  8
T 2  1 130 2002  50  8
T 2  -3 55 10  56  8
T 2  -1 55 22  51  8
T 2  3 143 105  57  8
ROW 5 -2 7
T 0  -3 4 165  3  6
T 1  -3 22 55  19  7
T 1  3 11 165  20  7
T 2  1 130 2730  40  8
T 2  -1 130 10  52  8
T 2  1 55 55  53  8
T 2  -3 143 165  54  8
ROW 5 -1 9
T 0  -3 8 330  1  6
T 1  -3 2 1  12  7
T 1  9 44 66  14  7
T 1  3 22 330  15  7
T 2  2 65 91  38  8
T 2  2 65 6  44  8
T 2  1 5 1  39  8
T 2  -3 110 66  45  8
T 2  -3 286 330  46  8
ROW 5 0 3
T 1  3 2 1  11  7
T 2  3 65 26  35  8
T 2  -1 5 1  37  8
ROW 5 1 9
T 0  3 8 330  0  6
T 1  -9 44 66  9  7
T 1  -3 2 1  18  7
T 1  -3 22 330  10  7
T 2  -2 65 6  31  8
T 2  2 65 91  50  8
T 2  3 110 66  33  8
T 2  1 5 1  51  8
T 2  3 286 330  34  8
ROW 5 2 7
T 0  3 4 165  2  6
T 1  3 22 55  16  7
T 1  -3 11 165  17  7
T 2  1 130 10  47  8
T 2  1 130 2730  36  8
T 2  -1 55 55  48  8
T 2  3 143 165  49  8
ROW 6 -2 7
T 0  -9 8 110  1  6
T 1  -3 22 22  14  7
T 1  9 22 110  15  7
T 2  1 65 910  43  8
T 2  -1 130 2  44  8
T 2  1 55 22  45  8
T 2  -9 286 110  46  8
ROW 6 -1 4
T 1  3 2 1  13  7
T 2  1 130 910  40  8
T 2  1 130 26  41  8
T 2  -1 5 1  42  8
ROW 6 0 3
T 1  3 1 1  18  7
T 2  1 65 91  50  8
T 2  -2 5 1  51  8
ROW 6 1 4
T 1  -3 2 1  11  7
T 2  -1 130 26  35  8
T 2  1 130 910  36  8
T 2  1 5 1  37  8
ROW 6 2 7
T 0  9 8 110  0  6
T 1  3 22 22  9  7
T 1  -9 22 110  10  7
T 2  1 130 2  31  8
T 2  1 65 910  32  8
T 2  -1 55 22  33  8
T 2  9 286 110  34  8
