FORMAT 2
KERNEL J
SOURCE (s|J|s)^(m)
SHELLS 1 4
ORDERS 4 5

# E <id> <alpha> <beta> <mu> <p>
E 0 3 0 0 -4
E 1 3 0 1 -4

# G <id> <2k> <L> <M>
G 0 0 3 3
G 1 0 3 2
G 2 0 3 1
G 3 0 3 0
G 4 0 3 -1
G 5 0 3 -2
G 6 0 3 -3
G 7 0 5 3
G 8 0 5 5
G 9 2 3 3
G 10 0 5 2
G 11 0 5 4
G 12 2 3 2
G 13 0 5 1
G 14 2 3 1
G 15 0 5 0
G 16 2 3 0
G 17 0 5 -1
G 18 2 3 -1
G 19 0 5 -2
G 20 2 3 -2
G 21 0 5 -3
G 22 2 3 -3
G 23 0 5 -4
G 24 0 5 -5

# TABLE <l> <l'> <rows> [SYMMETRIC]
# ROW <m> <m'> <terms>
# T <prefactor> <num> <den> <radicand> <geometry> <boys order>

TABLE 1 4 27
ROW -1 -4 4
T 0  1 2 14  0  4
T 1  1 18 2  7  5
T 1  1 6 10  8  5
T 1  -1 9 14  9  5
ROW -1 -3 4
T 0  1 4 42  1  4
T 1  1 18 6  10  5
T 1  1 3 2  11  5
T 1  -1 18 42  12  5
ROW -1 -2 6
T 0  1 4 30  2  4
T 0  1 4 2  0  4
T 1  1 9 3  13  5
T 1  1 9 14  7  5
T 1  -1 18 30  14  5
T 1  -1 18 2  9  5
ROW -1 -1 6
T 0  1 2 10  3  4
T 0  1 4 6  1  4
T 1  1 9 10  15  5
T 1  1 18 42  10  5
T 1  -1 9 10  16  5
T 1  -1 18 6  12  5
ROW -1 0 3
T 0  -1 2 6  4  4
T 1  -1 9 15  17  5
T 1  1 9 6  18  5
ROW -1 1 3
T 0  -1 4 6  5  4
T 1  -1 18 42  19  5
T 1  1 18 6  20  5
ROW -1 2 6
T 0  -1 4 2  6  4
T 0  -1 4 30  4  4
T 1  -1 9 14  21  5
T 1  -1 9 3  17  5
T 1  1 18 2  22  5
T 1  1 18 30  18  5
ROW -1 3 4
T 0  -1 4 42  5  4
T 1  -1 3 2  23  5
T 1  -1 18 6  19  5
T 1  1 18 42  20  5
ROW -1 4 4
T 0  -1 2 14  6  4
T 1  -1 6 10  24  5
T 1  -1 18 2  21  5
T 1  1 9 14  22  5
ROW 0 -4 1
T 1  -1 3 1  23  5
ROW 0 -3 3
T 0  1 2 7  6  4
T 1  -4 9 1  21  5
T 1  -1 9 7  22  5
ROW 0 -2 3
T 0  1 1 3  5  4
T 1  -1 9 21  19  5
T 1  -2 9 3  20  5
ROW 0 -1 3
T 0  1 2 15  4  4
T 1  -2 9 6  17  5
T 1  -1 9 15  18  5
ROW 0 0 3
T 0  2 1 1  3  4
T 1  -5 9 1  15  5
T 1  -4 9 1  16  5
ROW 0 1 3
T 0  1 2 15  2  4
T 1  -2 9 6  13  5
T 1  -1 9 15  14  5
ROW 0 2 3
T 0  1 1 3  1  4
T 1  -1 9 21  10  5
T 1  -2 9 3  12  5
ROW 0 3 3
T 0  1 2 7  0  4
T 1  -4 9 1  7  5
T 1  -1 9 7  9  5
ROW 0 4 1
T 1  -1 3 1  11  5
ROW 1 -4 4
T 0  1 2 14  6  4
T 1  -1 6 10  24  5
T 1  1 18 2  21  5
T 1  -1 9 14  22  5
ROW 1 -3 4
T 0  1 4 42  5  4
T 1  -1 3 2  23  5
T 1  1 18 6  19  5
T 1  -1 18 42  20  5
ROW 1 -2 6
T 0  -1 4 2  6  4
T 0  1 4 30  4  4
T 1  -1 9 14  21  5
T 1  1 9 3  17  5
T 1  1 18 2  22  5
T 1  -1 18 30  18  5
ROW 1 -1 3
T 0  -1 4 6  5  4
T 1  -1 18 42  19  5
T 1  1 18 6  20  5
ROW 1 0 3
T 0  -1 2 6  2  4
T 1  -1 9 15  13  5
T 1  1 9 6  14  5
ROW 1 1 6
T 0  1 2 10  3  4
T 0  -1 4 6  1  4
T 1  1 9 10  15  5
T 1  -1 18 42  10  5
T 1  -1 9 10  16  5
T 1  1 18 6  12  5
ROW 1 2 6
T 0  1 4 30  2  4
T 0  -1 4 2  0  4
T 1  1 9 3  13  5
T 1  -1 9 14  7  5
T 1  -1 18 30  14  5
T 1  1 18 2  9  5
ROW 1 3 4
T 0  1 4 42  1  4
T 1  1 18 6  10  5
T 1  -1 3 2  11  5
T 1  -1 18 42  12  5
ROW 1 4 4
T 0  1 2 14  0  4
T 1  1 18 2  7  5
T 1  -1 6 10  8  5
T 1  -1 9 14  9  5
