FORMAT 2
KERNEL J
SOURCE (s|J|s)^(m)
SHELLS 3 5
ORDERS 5 8

# E <id> <alpha> <beta> <mu> <p>
E 0 2 0 0 -5
E 1 2 0 1 -5
E 2 2 0 2 -5
E 3 2 0 3 -5

# G <id> <2k> <L> <M>
G 0 0 2 2
G 1 0 2 1
G 2 0 2 0
G 3 0 2 -2
G 4 0 2 -1
G 5 0 4 2
G 6 2 2 2
G 7 0 4 1
G 8 2 2 1
G 9 0 4 0
G 10 2 2 0
G 11 0 4 4
G 12 0 4 -3
G 13 0 4 -4
G 14 0 4 -2
G 15 2 2 -2
G 16 0 4 -1
G 17 2 2 -1
G 18 0 4 3
G 19 0 6 2
G 20 2 4 2
G 21 4 2 2
G 22 0 6 1
G 23 2 4 1
G 24 4 2 1
G 25 0 6 0
G 26 0 6 6
G 27 2 4 0
G 28 4 2 0
G 29 0 6 5
G 30 0 6 4
G 31 2 4 4
G 32 0 6 -3
G 33 2 4 -3
G 34 0 6 -4
G 35 0 6 -2
G 36 2 4 -4
G 37 2 4 -2
G 38 4 2 -2
G 39 0 6 -5
G 40 0 6 -1
G 41 2 4 -1
G 42 4 2 -1
G 43 0 6 -6
G 44 0 6 3
G 45 2 4 3
G 46 0 8 2
G 47 0 8 8
G 48 2 6 2
G 49 4 4 2
G 50 6 2 2
G 51 0 8 1
G 52 0 8 7
G 53 2 6 1
G 54 4 4 1
G 55 6 2 1
G 56 0 8 0
G 57 0 8 6
G 58 2 6 0
G 59 2 6 6
G 60 4 4 0
G 61 6 2 0
G 62 0 8 5
G 63 2 6 5
G 64 0 8 4
G 65 2 6 4
G 66 4 4 4
G 67 0 8 -3
G 68 2 6 -3
G 69 4 4 -3
G 70 0 8 -4
G 71 0 8 -2
G 72 2 6 -4
G 73 2 6 -2
G 74 4 4 -4
G 75 4 4 -2
G 76 6 2 -2
G 77 0 8 -5
G 78 0 8 -1
G 79 2 6 -5
G 80 2 6 -1
G 81 4 4 -1
G 82 6 2 -1
G 83 0 8 -6
G 84 2 6 -6
G 85 0 8 -7
G 86 0 8 -8
G 87 0 8 3
G 88 2 6 3
G 89 4 4 3

# TABLE <l> <l'> <rows> [SYMMETRIC]
# ROW <m> <m'> <terms>
# T <prefactor> <num> <den> <radicand> <geometry> <boys order>

TABLE 3 5 77
ROW -3 -5 11
T 0  15 8 105  0  5
T 1  45 28 7  5  6
T 1  -45 28 105  6  6
T 2  5 44 6  19  7
T 2  -45 77 7  20  7
T 2  5 14 105  21  7
T 3  1 286 2  46  8
T 3  2 143 1001  47  8
T 3  -1 66 6  48  8
T 3  45 1001 7  49  8
T 3  -5 231 105  50  8
ROW -3 -4 11
T 0  15 8 42  1  5
T 1  27 28 35  7  6
T 1  -45 28 42  8  6
T 2  5 22 6  22  7
T 2  -27 77 35  23  7
T 2  5 14 42  24  7
T 3  1 286 14  51  8
T 3  1 286 10010  52  8
T 3  -1 33 6  53  8
T 3  27 1001 35  54  8
T 3  -5 231 42  55  8
ROW -3 -3 13
T 0  15 4 7  2  5
T 1  45 14 7  9  6
T 1  -45 14 7  10  6
T 2  5 11 7  25  7
T 2  5 44 66  26  7
T 2  -90 77 7  27  7
T 2  5 7 7  28  7
T 3  2 143 7  56  8
T 3  1 286 6006  57  8
T 3  -2 33 7  58  8
T 3  -1 66 66  59  8
T 3  90 1001 7  60  8
T 3  -10 231 7  61  8
ROW -3 -2 13
T 0  -15 16 14  1  5
T 1  -15 28 105  7  6
T 1  45 56 14  8  6
T 2  -35 44 2  22  7
T 2  5 22 33  29  7
T 2  15 77 105  23  7
T 2  -5 28 14  24  7
T 3  -1 143 42  51  8
T 3  1 143 858  62  8
T 3  7 66 2  53  8
T 3  -1 33 33  63  8
T 3  -15 1001 105  54  8
T 3  5 462 14  55  8
ROW -3 -1 16
T 0  15 16 2  0  5
T 1  45 56 30  5  6
T 1  3 28 210  11  6
T 1  -45 56 2  6  6
T 2  5 22 35  19  7
T 2  5 22 42  30  7
T 2  -45 154 30  20  7
T 2  -3 77 210  31  7
T 2  5 28 2  21  7
T 3  1 143 105  46  8
T 3  1 143 462  64  8
T 3  -1 33 35  48  8
T 3  -1 33 42  65  8
T 3  45 2002 30  49  8
T 3  3 1001 210  66  8
T 3  -5 462 2  50  8
ROW -3 0 6
T 1  -45 28 7  12  6
T 2  -5 11 21  32  7
T 2  45 77 7  33  7
T 3  -1 143 462  67  8
T 3  2 33 21  68  8
T 3  -45 1001 7  69  8
ROW -3 1 16
T 0  15 16 2  3  5
T 1  -3 28 210  13  6
T 1  45 56 30  14  6
T 1  -45 56 2  15  6
T 2  -5 22 42  34  7
T 2  5 22 35  35  7
T 2  3 77 210  36  7
T 2  -45 154 30  37  7
T 2  5 28 2  38  7
T 3  -1 143 462  70  8
T 3  1 143 105  71  8
T 3  1 33 42  72  8
T 3  -1 33 35  73  8
T 3  -3 1001 210  74  8
T 3  45 2002 30  75  8
T 3  -5 462 2  76  8
ROW -3 2 13
T 0  -15 16 14  4  5
T 1  -15 28 105  16  6
T 1  45 56 14  17  6
T 2  -5 22 33  39  7
T 2  -35 44 2  40  7
T 2  15 77 105  41  7
T 2  -5 28 14  42  7
T 3  -1 143 858  77  8
T 3  -1 143 42  78  8
T 3  1 33 33  79  8
T 3  7 66 2  80  8
T 3  -15 1001 105  81  8
T 3  5 462 14  82  8
ROW -3 3 3
T 2  -5 44 66  43  7
T 3  -1 286 6006  83  8
T 3  1 66 66  84  8
ROW -3 4 11
T 0  -15 8 42  4  5
T 1  -27 28 35  16  6
T 1  45 28 42  17  6
T 2  -5 22 6  40  7
T 2  27 77 35  41  7
T 2  -5 14 42  42  7
T 3  -1 286 10010  85  8
T 3  -1 286 14  78  8
T 3  1 33 6  80  8
T 3  -27 1001 35  81  8
T 3  5 231 42  82  8
ROW -3 5 11
T 0  -15 8 105  3  5
T 1  -45 28 7  14  6
T 1  45 28 105  15  6
T 2  -5 44 6  35  7
T 2  45 77 7  37  7
T 2  -5 14 105  38  7
T 3  -2 143 1001  86  8
T 3  -1 286 2  71  8
T 3  1 66 6  73  8
T 3  -45 1001 7  75  8
T 3  5 231 105  76  8
ROW -2 -5 7
T 1  -15 4 3  18  6
T 2  -15 22 1  44  7
T 2  15 11 3  45  7
T 3  -1 286 22  87  8
T 3  1 286 6006  52  8
T 3  1 11 1  88  8
T 3  -15 143 3  89  8
ROW -2 -4 13
T 0  45 8 7  0  5
T 1  -3 7 105  5  6
T 1  -135 28 7  6  6
T 2  -15 44 10  19  7
T 2  -15 44 22  26  7
T 2  12 77 105  20  7
T 2  15 14 7  21  7
T 3  -1 143 30  46  8
T 3  1 143 2002  57  8
T 3  1 22 10  48  8
T 3  1 22 22  59  8
T 3  -12 1001 105  49  8
T 3  -5 77 7  50  8
ROW -2 -3 13
T 0  15 4 14  1  5
T 1  -3 28 105  7  6
T 1  -45 14 14  8  6
T 2  -10 11 2  22  7
T 2  -5 22 33  29  7
T 2  3 77 105  23  7
T 2  5 7 14  24  7
T 3  -3 286 42  51  8
T 3  3 286 858  62  8
T 3  4 33 2  53  8
T 3  1 33 33  63  8
T 3  -3 1001 105  54  8
T 3  -10 231 14  55  8
ROW -2 -2 16
T 0  45 8 7  2  5
T 1  15 14 7  9  6
T 1  -3 2 5  11  6
T 1  -135 28 7  10  6
T 2  -15 22 7  25  7
T 2  -15 22 1  30  7
T 2  -30 77 7  27  7
T 2  6 11 5  31  7
T 2  15 14 7  28  7
T 3  -8 143 7  56  8
T 3  12 143 11  64  8
T 3  1 11 7  58  8
T 3  1 11 1  65  8
T 3  30 1001 7  60  8
T 3  -6 143 5  66  8
T 3  -5 77 7  61  8
ROW -2 -1 14
T 0  -15 4 3  1  5
T 1  -75 56 10  7  6
T 1  -33 56 70  18  6
T 1  45 14 3  8  6
T 2  5 22 21  22  7
T 2  75 154 10  23  7
T 2  3 14 70  45  7
T 2  -5 7 3  24  7
T 3  21 143 1  51  8
T 3  1 143 1155  87  8
T 3  -1 33 21  53  8
T 3  -75 2002 10  54  8
T 3  -3 182 70  89  8
T 3  10 231 3  55  8
ROW -2 0 10
T 0  15 8 5  3  5
T 1  30 7 3  14  6
T 1  -45 28 5  15  6
T 2  -5 22 14  35  7
T 2  -120 77 3  37  7
T 2  5 14 5  38  7
T 3  -6 143 42  71  8
T 3  1 33 14  73  8
T 3  120 1001 3  75  8
T 3  -5 231 5  76  8
ROW -2 1 14
T 0  -15 4 3  4  5
T 1  33 56 70  12  6
T 1  -75 56 10  16  6
T 1  45 14 3  17  6
T 2  5 22 21  40  7
T 2  -3 14 70  33  7
T 2  75 154 10  41  7
T 2  -5 7 3  42  7
T 3  -1 143 1155  67  8
T 3  21 143 1  78  8
T 3  -1 33 21  80  8
T 3  3 182 70  69  8
T 3  -75 2002 10  81  8
T 3  10 231 3  82  8
ROW -2 2 6
T 1  3 2 5  13  6
T 2  15 22 1  34  7
T 2  -6 11 5  36  7
T 3  -12 143 11  70  8
T 3  -1 11 1  72  8
T 3  6 143 5  74  8
ROW -2 3 13
T 0  -15 4 14  4  5
T 1  3 28 105  16  6
T 1  45 14 14  17  6
T 2  5 22 33  39  7
T 2  10 11 2  40  7
T 2  -3 77 105  41  7
T 2  -5 7 14  42  7
T 3  -3 286 858  77  8
T 3  3 286 42  78  8
T 3  -1 33 33  79  8
T 3  -4 33 2  80  8
T 3  3 1001 105  81  8
T 3  10 231 14  82  8
ROW -2 4 13
T 0  -45 8 7  3  5
T 1  3 7 105  14  6
T 1  135 28 7  15  6
T 2  15 44 22  43  7
T 2  15 44 10  35  7
T 2  -12 77 105  37  7
T 2  -15 14 7  38  7
T 3  -1 143 2002  83  8
T 3  1 143 30  71  8
T 3  -1 22 22  84  8
T 3  -1 22 10  73  8
T 3  12 1001 105  75  8
T 3  5 77 7  76  8
ROW -2 5 7
T 1  15 4 3  12  6
T 2  15 22 1  32  7
T 2  -15 11 3  33  7
T 3  -1 286 6006  85  8
T 3  1 286 22  67  8
T 3  -1 11 1  68  8
T 3  15 143 3  69  8
ROW -1 -5 9
T 1  3 2 15  11  6
T 2  15 22 3  30  7
T 2  15 44 22  26  7
T 2  -6 11 15  31  7
T 3  1 143 33  64  8
T 3  1 286 2002  57  8
T 3  -1 11 3  65  8
T 3  -1 22 22  59  8
T 3  6 143 15  66  8
ROW -1 -4 7
T 1  -3 4 3  18  6
T 2  15 11 1  44  7
T 2  3 11 3  45  7
T 3  5 286 22  87  8
T 3  1 286 4290  62  8
T 3  -2 11 1  88  8
T 3  -3 143 3  89  8
ROW -1 -3 16
T 0  15 8 35  0  5
T 1  -27 28 21  5  6
T 1  3 1 3  11  6
T 1  -45 28 35  6  6
T 2  35 44 2  19  7
T 2  -5 22 15  30  7
T 2  27 77 21  20  7
T 2  -12 11 3  31  7
T 2  5 14 35  21  7
T 3  15 286 6  46  8
T 3  3 143 165  64  8
T 3  -7 66 2  48  8
T 3  1 33 15  65  8
T 3  -27 1001 21  49  8
T 3  12 143 3  66  8
T 3  -5 231 35  50  8
ROW -1 -2 16
T 0  15 16 210  1  5
T 1  -12 7 7  7  6
T 1  21 4 1  18  6
T 1  -45 56 210  8  6
T 2  5 44 30  22  7
T 2  -15 22 3  44  7
T 2  48 77 7  23  7
T 2  -21 11 1  45  7
T 2  5 28 210  24  7
T 3  3 143 70  51  8
T 3  5 143 66  87  8
T 3  -1 66 30  53  8
T 3  1 11 3  88  8
T 3  -48 1001 7  54  8
T 3  21 143 1  89  8
T 3  -5 462 210  55  8
ROW -1 -1 18
T 0  45 8 10  2  5
T 0  15 16 30  0  5
T 1  -33 28 10  9  6
T 1  129 56 2  5  6
T 1  -135 28 10  10  6
T 1  -45 56 30  6  6
T 2  -5 22 21  19  7
T 2  3 7 10  27  7
T 2  -129 154 2  20  7
T 2  15 14 10  28  7
T 2  5 28 30  21  7
T 3  14 143 10  56  8
T 3  15 143 7  46  8
T 3  1 33 21  48  8
T 3  -3 91 10  60  8
T 3  129 2002 2  49  8
T 3  -5 77 10  61  8
T 3  -5 462 30  50  8
ROW -1 0 10
T 0  -75 8 2  4  5
T 1  -3 28 15  16  6
T 1  225 28 2  17  6
T 2  5 22 14  40  7
T 2  3 77 15  41  7
T 2  -25 14 2  42  7
T 3  -21 143 6  78  8
T 3  -1 33 14  80  8
T 3  -3 1001 15  81  8
T 3  25 231 2  82  8
ROW -1 1 10
T 0  -15 16 30  3  5
T 1  -129 56 2  14  6
T 1  45 56 30  15  6
T 2  5 22 21  35  7
T 2  129 154 2  37  7
T 2  -5 28 30  38  7
T 3  -15 143 7  71  8
T 3  -1 33 21  73  8
T 3  -129 2002 2  75  8
T 3  5 462 30  76  8
ROW -1 2 16
T 0  -15 16 210  4  5
T 1  -21 4 1  12  6
T 1  12 7 7  16  6
T 1  45 56 210  17  6
T 2  15 22 3  32  7
T 2  -5 44 30  40  7
T 2  21 11 1  33  7
T 2  -48 77 7  41  7
T 2  -5 28 210  42  7
T 3  -5 143 66  67  8
T 3  -3 143 70  78  8
T 3  -1 11 3  68  8
T 3  1 66 30  80  8
T 3  -21 143 1  69  8
T 3  48 1001 7  81  8
T 3  5 462 210  82  8
ROW -1 3 16
T 0  -15 8 35  3  5
T 1  -3 1 3  13  6
T 1  27 28 21  14  6
T 1  45 28 35  15  6
T 2  5 22 15  34  7
T 2  -35 44 2  35  7
T 2  12 11 3  36  7
T 2  -27 77 21  37  7
T 2  -5 14 35  38  7
T 3  -3 143 165  70  8
T 3  -15 286 6  71  8
T 3  -1 33 15  72  8
T 3  7 66 2  73  8
T 3  -12 143 3  74  8
T 3  27 1001 21  75  8
T 3  5 231 35  76  8
ROW -1 4 7
T 1  3 4 3  12  6
T 2  -15 11 1  32  7
T 2  -3 11 3  33  7
T 3  -1 286 4290  77  8
T 3  -5 286 22  67  8
T 3  2 11 1  68  8
T 3  3 143 3  69  8
ROW -1 5 9
T 1  -3 2 15  13  6
T 2  -15 44 22  43  7
T 2  -15 22 3  34  7
T 2  6 11 15  36  7
T 3  -1 286 2002  83  8
T 3  -1 143 33  70  8
T 3  1 22 22  84  8
T 3  1 11 3  72  8
T 3  -6 143 15  74  8
ROW 0 -5 3
T 2  -15 22 11  39  7
T 3  -1 143 286  77  8
T 3  1 11 11  79  8
ROW 0 -4 6
T 1  9 1 1  13  6
T 2  -15 22 5  34  7
T 2  -36 11 1  36  7
T 3  -4 143 55  70  8
T 3  1 11 5  72  8
T 3  36 143 1  74  8
ROW 0 -3 6
T 1  9 2 1  12  6
T 2  -5 22 3  32  7
T 2  -18 11 1  33  7
T 3  -5 143 66  67  8
T 3  1 33 3  68  8
T 3  18 143 1  69  8
ROW 0 -2 10
T 0  15 8 35  3  5
T 1  -3 14 21  14  6
T 1  -45 28 35  15  6
T 2  5 11 2  35  7
T 2  6 77 21  37  7
T 2  5 14 35  38  7
T 3  -20 143 6  71  8
T 3  -2 33 2  73  8
T 3  -6 1001 21  75  8
T 3  -5 231 35  76  8
ROW 0 -1 10
T 0  15 2 5  4  5
T 1  -57 28 6  16  6
T 1  -45 7 5  17  6
T 2  5 22 35  40  7
T 2  57 77 6  41  7
T 2  10 7 5  42  7
T 3  -14 143 15  78  8
T 3  -1 33 35  80  8
T 3  -57 1001 6  81  8
T 3  -20 231 5  82  8
ROW 0 0 10
T 0  75 4 1  2  5
T 1  -45 7 1  9  6
T 1  -225 14 1  10  6
T 2  35 22 1  25  7
T 2  180 77 1  27  7
T 2  25 7 1  28  7
T 3  -56 143 1  56  8
T 3  -7 33 1  58  8
T 3  -180 1001 1  60  8
T 3  -50 231 1  61  8
ROW 0 1 10
T 0  15 2 5  1  5
T 1  -57 28 6  7  6
T 1  -45 7 5  8  6
T 2  5 22 35  22  7
T 2  57 77 6  23  7
T 2  10 7 5  24  7
T 3  -14 143 15  51  8
T 3  -1 33 35  53  8
T 3  -57 1001 6  54  8
T 3  -20 231 5  55  8
ROW 0 2 10
T 0  15 8 35  0  5
T 1  -3 14 21  5  6
T 1  -45 28 35  6  6
T 2  5 11 2  19  7
T 2  6 77 21  20  7
T 2  5 14 35  21  7
T 3  -20 143 6  46  8
T 3  -2 33 2  48  8
T 3  -6 1001 21  49  8
T 3  -5 231 35  50  8
ROW 0 3 6
T 1  9 2 1  18  6
T 2  -5 22 3  44  7
T 2  -18 11 1  45  7
T 3  -5 143 66  87  8
T 3  1 33 3  88  8
T 3  18 143 1  89  8
ROW 0 4 6
T 1  9 1 1  11  6
T 2  -15 22 5  30  7
T 2  -36 11 1  31  7
T 3  -4 143 55  64  8
T 3  1 11 5  65  8
T 3  36 143 1  66  8
ROW 0 5 3
T 2  -15 22 11  29  7
T 3  -1 143 286  62  8
T 3  1 11 11  63  8
ROW 1 -5 9
T 1  3 2 15  13  6
T 2  -15 44 22  43  7
T 2  15 22 3  34  7
T 2  -6 11 15  36  7
T 3  -1 286 2002  83  8
T 3  1 143 33  70  8
T 3  1 22 22  84  8
T 3  -1 11 3  72  8
T 3  6 143 15  74  8
ROW 1 -4 7
T 1  -3 4 3  12  6
T 2  15 11 1  32  7
T 2  3 11 3  33  7
T 3  -1 286 4290  77  8
T 3  5 286 22  67  8
T 3  -2 11 1  68  8
T 3  -3 143 3  69  8
ROW 1 -3 16
T 0  15 8 35  3  5
T 1  -3 1 3  13  6
T 1  -27 28 21  14  6
T 1  -45 28 35  15  6
T 2  5 22 15  34  7
T 2  35 44 2  35  7
T 2  12 11 3  36  7
T 2  27 77 21  37  7
T 2  5 14 35  38  7
T 3  -3 143 165  70  8
T 3  15 286 6  71  8
T 3  -1 33 15  72  8
T 3  -7 66 2  73  8
T 3  -12 143 3  74  8
T 3  -27 1001 21  75  8
T 3  -5 231 35  76  8
ROW 1 -2 16
T 0  15 16 210  4  5
T 1  -21 4 1  12  6
T 1  -12 7 7  16  6
T 1  -45 56 210  17  6
T 2  15 22 3  32  7
T 2  5 44 30  40  7
T 2  21 11 1  33  7
T 2  48 77 7  41  7
T 2  5 28 210  42  7
T 3  -5 143 66  67  8
T 3  3 143 70  78  8
T 3  -1 11 3  68  8
T 3  -1 66 30  80  8
T 3  -21 143 1  69  8
T 3  -48 1001 7  81  8
T 3  -5 462 210  82  8
ROW 1 -1 10
T 0  -15 16 30  3  5
T 1  -129 56 2  14  6
T 1  45 56 30  15  6
T 2  5 22 21  35  7
T 2  129 154 2  37  7
T 2  -5 28 30  38  7
T 3  -15 143 7  71  8
T 3  -1 33 21  73  8
T 3  -129 2002 2  75  8
T 3  5 462 30  76  8
ROW 1 0 10
T 0  -75 8 2  1  5
T 1  -3 28 15  7  6
T 1  225 28 2  8  6
T 2  5 22 14  22  7
T 2  3 77 15  23  7
T 2  -25 14 2  24  7
T 3  -21 143 6  51  8
T 3  -1 33 14  53  8
T 3  -3 1001 15  54  8
T 3  25 231 2  55  8
ROW 1 1 18
T 0  45 8 10  2  5
T 0  -15 16 30  0  5
T 1  -33 28 10  9  6
T 1  -129 56 2  5  6
T 1  -135 28 10  10  6
T 1  45 56 30  6  6
T 2  5 22 21  19  7
T 2  3 7 10  27  7
T 2  129 154 2  20  7
T 2  15 14 10  28  7
T 2  -5 28 30  21  7
T 3  14 143 10  56  8
T 3  -15 143 7  46  8
T 3  -1 33 21  48  8
T 3  -3 91 10  60  8
T 3  -129 2002 2  49  8
T 3  -5 77 10  61  8
T 3  5 462 30  50  8
ROW 1 2 16
T 0  15 16 210  1  5
T 1  -12 7 7  7  6
T 1  -21 4 1  18  6
T 1  -45 56 210  8  6
T 2  5 44 30  22  7
T 2  15 22 3  44  7
T 2  48 77 7  23  7
T 2  21 11 1  45  7
T 2  5 28 210  24  7
T 3  3 143 70  51  8
T 3  -5 143 66  87  8
T 3  -1 66 30  53  8
T 3  -1 11 3  88  8
T 3  -48 1001 7  54  8
T 3  -21 143 1  89  8
T 3  -5 462 210  55  8
ROW 1 3 16
T 0  15 8 35  0  5
T 1  -27 28 21  5  6
T 1  -3 1 3  11  6
T 1  -45 28 35  6  6
T 2  35 44 2  19  7
T 2  5 22 15  30  7
T 2  27 77 21  20  7
T 2  12 11 3  31  7
T 2  5 14 35  21  7
T 3  15 286 6  46  8
T 3  -3 143 165  64  8
T 3  -7 66 2  48  8
T 3  -1 33 15  65  8
T 3  -27 1001 21  49  8
T 3  -12 143 3  66  8
T 3  -5 231 35  50  8
ROW 1 4 7
T 1  -3 4 3  18  6
T 2  15 11 1  44  7
T 2  3 11 3  45  7
T 3  5 286 22  87  8
T 3  -1 286 4290  62  8
T 3  -2 11 1  88  8
T 3  -3 143 3  89  8
ROW 1 5 9
T 1  3 2 15  11  6
T 2  15 22 3  30  7
T 2  -15 44 22  26  7
T 2  -6 11 15  31  7
T 3  1 143 33  64  8
T 3  -1 286 2002  57  8
T 3  -1 11 3  65  8
T 3  1 22 22  59  8
T 3  6 143 15  66  8
ROW 2 -5 7
T 1  -15 4 3  12  6
T 2  -15 22 1  32  7
T 2  15 11 3  33  7
T 3  -1 286 6006  85  8
T 3  -1 286 22  67  8
T 3  1 11 1  68  8
T 3  -15 143 3  69  8
ROW 2 -4 13
T 0  45 8 7  3  5
T 1  -3 7 105  14  6
T 1  -135 28 7  15  6
T 2  15 44 22  43  7
T 2  -15 44 10  35  7
T 2  12 77 105  37  7
T 2  15 14 7  38  7
T 3  -1 143 2002  83  8
T 3  -1 143 30  71  8
T 3  -1 22 22  84  8
T 3  1 22 10  73  8
T 3  -12 1001 105  75  8
T 3  -5 77 7  76  8
ROW 2 -3 13
T 0  15 4 14  4  5
T 1  -3 28 105  16  6
T 1  -45 14 14  17  6
T 2  5 22 33  39  7
T 2  -10 11 2  40  7
T 2  3 77 105  41  7
T 2  5 7 14  42  7
T 3  -3 286 858  77  8
T 3  -3 286 42  78  8
T 3  -1 33 33  79  8
T 3  4 33 2  80  8
T 3  -3 1001 105  81  8
T 3  -10 231 14  82  8
ROW 2 -2 6
T 1  3 2 5  13  6
T 2  15 22 1  34  7
T 2  -6 11 5  36  7
T 3  -12 143 11  70  8
T 3  -1 11 1  72  8
T 3  6 143 5  74  8
ROW 2 -1 14
T 0  15 4 3  4  5
T 1  33 56 70  12  6
T 1  75 56 10  16  6
T 1  -45 14 3  17  6
T 2  -5 22 21  40  7
T 2  -3 14 70  33  7
T 2  -75 154 10  41  7
T 2  5 7 3  42  7
T 3  -1 143 1155  67  8
T 3  -21 143 1  78  8
T 3  1 33 21  80  8
T 3  3 182 70  69  8
T 3  75 2002 10  81  8
T 3  -10 231 3  82  8
ROW 2 0 10
T 0  15 8 5  0  5
T 1  30 7 3  5  6
T 1  -45 28 5  6  6
T 2  -5 22 14  19  7
T 2  -120 77 3  20  7
T 2  5 14 5  21  7
T 3  -6 143 42  46  8
T 3  1 33 14  48  8
T 3  120 1001 3  49  8
T 3  -5 231 5  50  8
ROW 2 1 14
T 0  -15 4 3  1  5
T 1  -75 56 10  7  6
T 1  33 56 70  18  6
T 1  45 14 3  8  6
T 2  5 22 21  22  7
T 2  75 154 10  23  7
T 2  -3 14 70  45  7
T 2  -5 7 3  24  7
T 3  21 143 1  51  8
T 3  -1 143 1155  87  8
T 3  -1 33 21  53  8
T 3  -75 2002 10  54  8
T 3  3 182 70  89  8
T 3  10 231 3  55  8
ROW 2 2 16
T 0  45 8 7  2  5
T 1  15 14 7  9  6
T 1  3 2 5  11  6
T 1  -135 28 7  10  6
T 2  -15 22 7  25  7
T 2  15 22 1  30  7
T 2  -30 77 7  27  7
T 2  -6 11 5  31  7
T 2  15 14 7  28  7
T 3  -8 143 7  56  8
T 3  -12 143 11  64  8
T 3  1 11 7  58  8
T 3  -1 11 1  65  8
T 3  30 1001 7  60  8
T 3  6 143 5  66  8
T 3  -5 77 7  61  8
ROW 2 3 13
T 0  15 4 14  1  5
T 1  -3 28 105  7  6
T 1  -45 14 14  8  6
T 2  -10 11 2  22  7
T 2  5 22 33  29  7
T 2  3 77 105  23  7
T 2  5 7 14  24  7
T 3  -3 286 42  51  8
T 3  -3 286 858  62  8
T 3  4 33 2  53  8
T 3  -1 33 33  63  8
T 3  -3 1001 105  54  8
T 3  -10 231 14  55  8
ROW 2 4 13
T 0  45 8 7  0  5
T 1  -3 7 105  5  6
T 1  -135 28 7  6  6
T 2  -15 44 10  19  7
T 2  15 44 22  26  7
T 2  12 77 105  20  7
T 2  15 14 7  21  7
T 3  -1 143 30  46  8
T 3  -1 143 2002  57  8
T 3  1 22 10  48  8
T 3  -1 22 22  59  8
T 3  -12 1001 105  49  8
T 3  -5 77 7  50  8
ROW 2 5 7
T 1  -15 4 3  18  6
T 2  -15 22 1  44  7
T 2  15 11 3  45  7
T 3  -1 286 22  87  8
T 3  -1 286 6006  52  8
T 3  1 11 1  88  8
T 3  -15 143 3  89  8
ROW 3 -5 11
T 0  15 8 105  3  5
T 1  45 28 7  14  6
T 1  -45 28 105  15  6
T 2  5 44 6  35  7
T 2  -45 77 7  37  7
T 2  5 14 105  38  7
T 3  -2 143 1001  86  8
T 3  1 286 2  71  8
T 3  -1 66 6  73  8
T 3  45 1001 7  75  8
T 3  -5 231 105  76  8
ROW 3 -4 11
T 0  15 8 42  4  5
T 1  27 28 35  16  6
T 1  -45 28 42  17  6
T 2  5 22 6  40  7
T 2  -27 77 35  41  7
T 2  5 14 42  42  7
T 3  -1 286 10010  85  8
T 3  1 286 14  78  8
T 3  -1 33 6  80  8
T 3  27 1001 35  81  8
T 3  -5 231 42  82  8
ROW 3 -3 3
T 2  -5 44 66  43  7
T 3  -1 286 6006  83  8
T 3  1 66 66  84  8
ROW 3 -2 13
T 0  15 16 14  4  5
T 1  15 28 105  16  6
T 1  -45 56 14  17  6
T 2  -5 22 33  39  7
T 2  35 44 2  40  7
T 2  -15 77 105  41  7
T 2  5 28 14  42  7
T 3  -1 143 858  77  8
T 3  1 143 42  78  8
T 3  1 33 33  79  8
T 3  -7 66 2  80  8
T 3  15 1001 105  81  8
T 3  -5 462 14  82  8
ROW 3 -1 16
T 0  -15 16 2  3  5
T 1  -3 28 210  13  6
T 1  -45 56 30  14  6
T 1  45 56 2  15  6
T 2  -5 22 42  34  7
T 2  -5 22 35  35  7
T 2  3 77 210  36  7
T 2  45 154 30  37  7
T 2  -5 28 2  38  7
T 3  -1 143 462  70  8
T 3  -1 143 105  71  8
T 3  1 33 42  72  8
T 3  1 33 35  73  8
T 3  -3 1001 210  74  8
T 3  -45 2002 30  75  8
T 3  5 462 2  76  8
ROW 3 0 6
T 1  -45 28 7  18  6
T 2  -5 11 21  44  7
T 2  45 77 7  45  7
T 3  -1 143 462  87  8
T 3  2 33 21  88  8
T 3  -45 1001 7  89  8
ROW 3 1 16
T 0  15 16 2  0  5
T 1  45 56 30  5  6
T 1  -3 28 210  11  6
T 1  -45 56 2  6  6
T 2  5 22 35  19  7
T 2  -5 22 42  30  7
T 2  -45 154 30  20  7
T 2  3 77 210  31  7
T 2  5 28 2  21  7
T 3  1 143 105  46  8
T 3  -1 143 462  64  8
T 3  -1 33 35  48  8
T 3  1 33 42  65  8
T 3  45 2002 30  49  8
T 3  -3 1001 210  66  8
T 3  -5 462 2  50  8
ROW 3 2 13
T 0  -15 16 14  1  5
T 1  -15 28 105  7  6
T 1  45 56 14  8  6
T 2  -35 44 2  22  7
T 2  -5 22 33  29  7
T 2  15 77 105  23  7
T 2  -5 28 14  24  7
T 3  -1 143 42  51  8
T 3  -1 143 858  62  8
T 3  7 66 2  53  8
T 3  1 33 33  63  8
T 3  -15 1001 105  54  8
T 3  5 462 14  55  8
ROW 3 3 13
T 0  15 4 7  2  5
T 1  45 14 7  9  6
T 1  -45 14 7  10  6
T 2  5 11 7  25  7
T 2  -5 44 66  26  7
T 2  -90 77 7  27  7
T 2  5 7 7  28  7
T 3  2 143 7  56  8
T 3  -1 286 6006  57  8
T 3  -2 33 7  58  8
T 3  1 66 66  59  8
T 3  90 1001 7  60  8
T 3  -10 231 7  61  8
ROW 3 4 11
T 0  15 8 42  1  5
T 1  27 28 35  7  6
T 1  -45 28 42  8  6
T 2  5 22 6  22  7
T 2  -27 77 35  23  7
T 2  5 14 42  24  7
T 3  1 286 14  51  8
T 3  -1 286 10010  52  8
T 3  -1 33 6  53  8
T 3  27 1001 35  54  8
T 3  -5 231 42  55  8
ROW 3 5 11
T 0  15 8 105  0  5
T 1  45 28 7  5  6
T 1  -45 28 105  6  6
T 2  5 44 6  19  7
T 2  -45 77 7  20  7
T 2  5 14 105  21  7
T 3  1 286 2  46  8
T 3  -2 143 1001  47  8
T 3  -1 66 6  48  8
T 3  45 1001 7  49  8
T 3  -5 231 105  50  8
