FORMAT 2
KERNEL J
SOURCE (s|J|s)^(m)
SHELLS 1 3
ORDERS 3 4

# E <id> <alpha> <beta> <mu> <p>
E 0 2 0 0 -3
E 1 2 0 1 -3

# G <id> <2k> <L> <M>
G 0 0 2 2
G 1 0 2 1
G 2 0 2 0
G 3 0 2 -1
G 4 0 2 -2
G 5 0 4 2
G 6 0 4 4
G 7 2 2 2
G 8 0 4 1
G 9 0 4 3
G 10 2 2 1
G 11 0 4 0
G 12 2 2 0
G 13 0 4 -1
G 14 2 2 -1
G 15 0 4 -2
G 16 2 2 -2
G 17 0 4 -3
G 18 0 4 -4

# TABLE <l> <l'> <rows> [SYMMETRIC]
# ROW <m> <m'> <terms>
# T <prefactor> <num> <den> <radicand> <geometry> <boys order>

TABLE 1 3 21
ROW -1 -3 4
T 0  1 4 30  0  3
T 1  1 14 2  5  4
T 1  1 7 14  6  4
T 1  -1 14 30  7  4
ROW -1 -2 4
T 0  1 2 5  1  3
T 1  1 14 6  8  4
T 1  1 14 42  9  4
T 1  -1 7 5  10  4
ROW -1 -1 6
T 0  1 2 6  2  3
T 0  1 4 2  0  3
T 1  1 7 6  11  4
T 1  1 14 30  5  4
T 1  -1 7 6  12  4
T 1  -1 14 2  7  4
ROW -1 0 3
T 0  -1 2 3  3  3
T 1  -1 7 10  13  4
T 1  1 7 3  14  4
ROW -1 1 3
T 0  -1 4 2  4  3
T 1  -1 14 30  15  4
T 1  1 14 2  16  4
ROW -1 2 4
T 0  -1 2 5  3  3
T 1  -1 14 42  17  4
T 1  -1 14 6  13  4
T 1  1 7 5  14  4
ROW -1 3 4
T 0  -1 4 30  4  3
T 1  -1 7 14  18  4
T 1  -1 14 2  15  4
T 1  1 14 30  16  4
ROW 0 -3 1
T 1  -1 7 7  17  4
ROW 0 -2 3
T 0  1 2 5  4  3
T 1  -2 7 3  15  4
T 1  -1 7 5  16  4
ROW 0 -1 3
T 0  1 1 2  3  3
T 1  -1 7 15  13  4
T 1  -2 7 2  14  4
ROW 0 0 3
T 0  3 2 1  2  3
T 1  -4 7 1  11  4
T 1  -3 7 1  12  4
ROW 0 1 3
T 0  1 1 2  1  3
T 1  -1 7 15  8  4
T 1  -2 7 2  10  4
ROW 0 2 3
T 0  1 2 5  0  3
T 1  -2 7 3  5  4
T 1  -1 7 5  7  4
ROW 0 3 1
T 1  -1 7 7  9  4
ROW 1 -3 4
T 0  1 4 30  4  3
T 1  -1 7 14  18  4
T 1  1 14 2  15  4
T 1  -1 14 30  16  4
ROW 1 -2 4
T 0  1 2 5  3  3
T 1  -1 14 42  17  4
T 1  1 14 6  13  4
T 1  -1 7 5  14  4
ROW 1 -1 3
T 0  -1 4 2  4  3
T 1  -1 14 30  15  4
T 1  1 14 2  16  4
ROW 1 0 3
T 0  -1 2 3  1  3
T 1  -1 7 10  8  4
T 1  1 7 3  10  4
ROW 1 1 6
T 0  1 2 6  2  3
T 0  -1 4 2  0  3
T 1  1 7 6  11  4
T 1  -1 14 30  5  4
T 1  -1 7 6  12  4
T 1  1 14 2  7  4
ROW 1 2 4
T 0  1 2 5  1  3
T 1  1 14 6  8  4
T 1  -1 14 42  9  4
T 1  -1 7 5  10  4
ROW 1 3 4
T 0  1 4 30  0  3
T 1  1 14 2  5  4
T 1  -1 7 14  6  4
T 1  -1 14 30  7  4
