FORMAT 2
KERNEL J
SOURCE (s|J|s)^(m)
SHELLS 5 2
ORDERS 5 7

# E <id> <alpha> <beta> <mu> <p>
E 0 0 3 0 -5
E 1 0 3 1 -5
E 2 0 3 2 -5

# G <id> <2k> <L> <M>
G 0 0 3 3
G 1 0 3 -3
G 2 0 3 2
G 3 0 3 -2
G 4 0 3 1
G 5 0 3 -1
G 6 0 3 0
G 7 0 5 3
G 8 2 3 3
G 9 0 5 4
G 10 0 5 -5
G 11 0 5 -4
G 12 0 5 -3
G 13 2 3 -3
G 14 0 5 2
G 15 2 3 2
G 16 0 5 5
G 17 0 5 -2
G 18 2 3 -2
G 19 0 5 1
G 20 2 3 1
G 21 0 5 -1
G 22 2 3 -1
G 23 0 5 0
G 24 2 3 0
G 25 0 7 3
G 26 0 7 7
G 27 2 5 3
G 28 4 3 3
G 29 0 7 4
G 30 0 7 6
G 31 2 5 4
G 32 0 7 -5
G 33 2 5 -5
G 34 0 7 -6
G 35 0 7 -4
G 36 2 5 -4
G 37 0 7 -7
G 38 0 7 -3
G 39 2 5 -3
G 40 4 3 -3
G 41 0 7 2
G 42 2 5 2
G 43 4 3 2
G 44 0 7 5
G 45 2 5 5
G 46 0 7 -2
G 47 2 5 -2
G 48 4 3 -2
G 49 0 7 1
G 50 2 5 1
G 51 4 3 1
G 52 0 7 -1
G 53 2 5 -1
G 54 4 3 -1
G 55 0 7 0
G 56 2 5 0
G 57 4 3 0

# TABLE <l> <l'> <rows> [SYMMETRIC]
# ROW <m> <m'> <terms>
# T <prefactor> <num> <den> <radicand> <geometry> <boys order>

TABLE 5 2 55
ROW -5 -2 7
T 0  -3 4 105  0  5
T 1  -1 6 15  7  6
T 1  1 3 105  8  6
T 2  -3 286 2  25  7
T 2  3 286 2002  26  7
T 2  1 39 15  27  7
T 2  -1 33 105  28  7
ROW -5 -1 4
T 1  1 4 30  9  6
T 2  3 286 22  29  7
T 2  3 143 143  30  7
T 2  -1 26 30  31  7
ROW -5 0 3
T 1  -5 2 1  10  6
T 2  -3 143 66  32  7
T 2  5 13 1  33  7
ROW -5 1 4
T 1  1 4 30  11  6
T 2  -3 143 143  34  7
T 2  3 286 22  35  7
T 2  -1 26 30  36  7
ROW -5 2 7
T 0  -3 4 105  1  5
T 1  -1 6 15  12  6
T 1  1 3 105  13  6
T 2  -3 286 2002  37  7
T 2  -3 286 2  38  7
T 2  1 39 15  39  7
T 2  -1 33 105  40  7
ROW -4 -2 7
T 0  -9 4 7  2  5
T 1  -1 1 1  14  6
T 1  1 1 7  15  6
T 2  -3 286 10  41  7
T 2  3 286 1430  30  7
T 2  2 13 1  42  7
T 2  -1 11 7  43  7
ROW -4 -1 9
T 0  -3 4 42  0  5
T 1  7 12 6  7  6
T 1  -1 4 30  16  6
T 1  1 3 42  8  6
T 2  6 143 5  25  7
T 2  6 143 55  44  7
T 2  -7 78 6  27  7
T 2  1 26 30  45  7
T 2  -1 33 42  28  7
ROW -4 0 3
T 1  -1 1 1  11  6
T 2  -3 143 165  35  7
T 2  2 13 1  36  7
ROW -4 1 9
T 0  -3 4 42  1  5
T 1  1 4 30  10  6
T 1  7 12 6  12  6
T 1  1 3 42  13  6
T 2  -6 143 55  32  7
T 2  6 143 5  38  7
T 2  -1 26 30  33  7
T 2  -7 78 6  39  7
T 2  -1 33 42  40  7
ROW -4 2 7
T 0  -9 4 7  3  5
T 1  -1 1 1  17  6
T 1  1 1 7  18  6
T 2  -3 286 1430  34  7
T 2  -3 286 10  46  7
T 2  2 13 1  47  7
T 2  -1 11 7  48  7
ROW -3 -2 9
T 0  -3 4 35  4  5
T 1  -1 3 14  19  6
T 1  1 6 15  16  6
T 1  1 3 35  20  6
T 2  -3 286 30  49  7
T 2  9 286 110  44  7
T 2  2 39 14  50  7
T 2  -1 39 15  45  7
T 2  -1 33 35  51  7
ROW -3 -1 9
T 0  -3 2 14  2  5
T 1  5 6 2  14  6
T 1  -7 12 6  9  6
T 1  2 3 14  15  6
T 2  9 143 5  41  7
T 2  9 286 110  29  7
T 2  -5 39 2  42  7
T 2  7 78 6  31  7
T 2  -2 33 14  43  7
ROW -3 0 6
T 0  -3 2 7  1  5
T 1  1 6 1  12  6
T 1  2 3 7  13  6
T 2  -9 143 30  38  7
T 2  -1 39 1  39  7
T 2  -2 33 7  40  7
ROW -3 1 9
T 0  -3 2 14  3  5
T 1  7 12 6  11  6
T 1  5 6 2  17  6
T 1  2 3 14  18  6
T 2  -9 286 110  35  7
T 2  9 143 5  46  7
T 2  -7 78 6  36  7
T 2  -5 39 2  47  7
T 2  -2 33 14  48  7
ROW -3 2 9
T 0  -3 4 35  5  5
T 1  -1 6 15  10  6
T 1  -1 3 14  21  6
T 1  1 3 35  22  6
T 2  -9 286 110  32  7
T 2  -3 286 30  52  7
T 2  1 39 15  33  7
T 2  2 39 14  53  7
T 2  -1 33 35  54  7
ROW -2 -2 9
T 0  -3 4 35  6  5
T 1  -1 3 35  23  6
T 1  1 1 1  9  6
T 1  1 3 35  24  6
T 2  -3 143 35  55  7
T 2  3 143 165  29  7
T 2  2 39 35  56  7
T 2  -2 13 1  31  7
T 2  -1 33 35  57  7
ROW -2 -1 12
T 0  -3 8 210  4  5
T 0  -3 8 14  0  5
T 1  1 6 21  19  6
T 1  -5 6 2  7  6
T 1  1 6 210  20  6
T 1  1 6 14  8  6
T 2  12 143 5  49  7
T 2  12 143 15  25  7
T 2  -1 39 21  50  7
T 2  5 39 2  27  7
T 2  -1 66 210  51  7
T 2  -1 66 14  28  7
ROW -2 0 6
T 0  -9 4 7  3  5
T 1  1 1 1  17  6
T 1  1 1 7  18  6
T 2  -18 143 10  46  7
T 2  -2 13 1  47  7
T 2  -1 11 7  48  7
ROW -2 1 12
T 0  3 8 14  1  5
T 0  -3 8 210  5  5
T 1  5 6 2  12  6
T 1  1 6 21  21  6
T 1  -1 6 14  13  6
T 1  1 6 210  22  6
T 2  -12 143 15  38  7
T 2  12 143 5  52  7
T 2  -5 39 2  39  7
T 2  -1 39 21  53  7
T 2  1 66 14  40  7
T 2  -1 66 210  54  7
ROW -2 2 3
T 1  -1 1 1  11  6
T 2  -3 143 165  35  7
T 2  2 13 1  36  7
ROW -1 -2 12
T 0  3 8 30  4  5
T 0  3 8 2  0  5
T 1  5 6 3  19  6
T 1  1 3 14  7  6
T 1  -1 6 30  20  6
T 1  -1 6 2  8  6
T 2  3 143 35  49  7
T 2  3 143 105  25  7
T 2  -5 39 3  50  7
T 2  -2 39 14  27  7
T 2  1 66 30  51  7
T 2  1 66 2  28  7
ROW -1 -1 12
T 0  -3 1 5  6  5
T 0  -3 2 3  2  5
T 1  1 6 5  23  6
T 1  -1 6 21  14  6
T 1  4 3 5  24  6
T 1  2 3 3  15  6
T 2  21 143 5  55  7
T 2  3 143 210  41  7
T 2  -1 39 5  56  7
T 2  1 39 21  42  7
T 2  -4 33 5  57  7
T 2  -2 33 3  43  7
ROW -1 0 6
T 0  -9 4 10  5  5
T 1  3 2 1  21  6
T 1  1 1 10  22  6
T 2  -6 143 105  52  7
T 2  -3 13 1  53  7
T 2  -1 11 10  54  7
ROW -1 1 6
T 0  3 2 3  3  5
T 1  1 6 21  17  6
T 1  -2 3 3  18  6
T 2  -3 143 210  46  7
T 2  -1 39 21  47  7
T 2  2 33 3  48  7
ROW -1 2 12
T 0  -3 8 2  1  5
T 0  -3 8 30  5  5
T 1  -1 3 14  12  6
T 1  -5 6 3  21  6
T 1  1 6 2  13  6
T 1  1 6 30  22  6
T 2  -3 143 105  38  7
T 2  -3 143 35  52  7
T 2  2 39 14  39  7
T 2  5 39 3  53  7
T 2  -1 66 2  40  7
T 2  -1 66 30  54  7
ROW 0 -2 6
T 0  -3 4 5  3  5
T 1  -1 3 35  17  6
T 1  1 3 5  18  6
T 2  -9 143 14  46  7
T 2  2 39 35  47  7
T 2  -1 33 5  48  7
ROW 0 -1 6
T 0  15 4 2  5  5
T 1  1 6 5  21  6
T 1  -5 3 2  22  6
T 2  -12 143 21  52  7
T 2  -1 39 5  53  7
T 2  5 33 2  54  7
ROW 0 0 6
T 0  -15 2 1  6  5
T 1  5 3 1  23  6
T 1  10 3 1  24  6
T 2  -63 143 1  55  7
T 2  -10 39 1  56  7
T 2  -10 33 1  57  7
ROW 0 1 6
T 0  15 4 2  4  5
T 1  1 6 5  19  6
T 1  -5 3 2  20  6
T 2  -12 143 21  49  7
T 2  -1 39 5  50  7
T 2  5 33 2  51  7
ROW 0 2 6
T 0  -3 4 5  2  5
T 1  -1 3 35  14  6
T 1  1 3 5  15  6
T 2  -9 143 14  41  7
T 2  2 39 35  42  7
T 2  -1 33 5  43  7
ROW 1 -2 12
T 0  -3 8 2  1  5
T 0  3 8 30  5  5
T 1  -1 3 14  12  6
T 1  5 6 3  21  6
T 1  1 6 2  13  6
T 1  -1 6 30  22  6
T 2  -3 143 105  38  7
T 2  3 143 35  52  7
T 2  2 39 14  39  7
T 2  -5 39 3  53  7
T 2  -1 66 2  40  7
T 2  1 66 30  54  7
ROW 1 -1 6
T 0  3 2 3  3  5
T 1  1 6 21  17  6
T 1  -2 3 3  18  6
T 2  -3 143 210  46  7
T 2  -1 39 21  47  7
T 2  2 33 3  48  7
ROW 1 0 6
T 0  -9 4 10  4  5
T 1  3 2 1  19  6
T 1  1 1 10  20  6
T 2  -6 143 105  49  7
T 2  -3 13 1  50  7
T 2  -1 11 10  51  7
ROW 1 1 12
T 0  -3 1 5  6  5
T 0  3 2 3  2  5
T 1  1 6 5  23  6
T 1  1 6 21  14  6
T 1  4 3 5  24  6
T 1  -2 3 3  15  6
T 2  21 143 5  55  7
T 2  -3 143 210  41  7
T 2  -1 39 5  56  7
T 2  -1 39 21  42  7
T 2  -4 33 5  57  7
T 2  2 33 3  43  7
ROW 1 2 12
T 0  3 8 30  4  5
T 0  -3 8 2  0  5
T 1  5 6 3  19  6
T 1  -1 3 14  7  6
T 1  -1 6 30  20  6
T 1  1 6 2  8  6
T 2  3 143 35  49  7
T 2  -3 143 105  25  7
T 2  -5 39 3  50  7
T 2  2 39 14  27  7
T 2  1 66 30  51  7
T 2  -1 66 2  28  7
ROW 2 -2 3
T 1  -1 1 1  11  6
T 2  -3 143 165  35  7
T 2  2 13 1  36  7
ROW 2 -1 12
T 0  3 8 14  1  5
T 0  3 8 210  5  5
T 1  5 6 2  12  6
T 1  -1 6 21  21  6
T 1  -1 6 14  13  6
T 1  -1 6 210  22  6
T 2  -12 143 15  38  7
T 2  -12 143 5  52  7
T 2  -5 39 2  39  7
T 2  1 39 21  53  7
T 2  1 66 14  40  7
T 2  1 66 210  54  7
ROW 2 0 6
T 0  -9 4 7  2  5
T 1  1 1 1  14  6
T 1  1 1 7  15  6
T 2  -18 143 10  41  7
T 2  -2 13 1  42  7
T 2  -1 11 7  43  7
ROW 2 1 12
T 0  -3 8 210  4  5
T 0  3 8 14  0  5
T 1  1 6 21  19  6
T 1  5 6 2  7  6
T 1  1 6 210  20  6
T 1  -1 6 14  8  6
T 2  12 143 5  49  7
T 2  -12 143 15  25  7
T 2  -1 39 21  50  7
T 2  -5 39 2  27  7
T 2  -1 66 210  51  7
T 2  1 66 14  28  7
ROW 2 2 9
T 0  -3 4 35  6  5
T 1  -1 3 35  23  6
T 1  -1 1 1  9  6
T 1  1 3 35  24  6
T 2  -3 143 35  55  7
T 2  -3 143 165  29  7
T 2  2 39 35  56  7
T 2  2 13 1  31  7
T 2  -1 33 35  57  7
ROW 3 -2 9
T 0  3 4 35  5  5
T 1  -1 6 15  10  6
T 1  1 3 14  21  6
T 1  -1 3 35  22  6
T 2  -9 286 110  32  7
T 2  3 286 30  52  7
T 2  1 39 15  33  7
T 2  -2 39 14  53  7
T 2  1 33 35  54  7
ROW 3 -1 9
T 0  3 2 14  3  5
T 1  7 12 6  11  6
T 1  -5 6 2  17  6
T 1  -2 3 14  18  6
T 2  -9 286 110  35  7
T 2  -9 143 5  46  7
T 2  -7 78 6  36  7
T 2  5 39 2  47  7
T 2  2 33 14  48  7
ROW 3 0 6
T 0  -3 2 7  0  5
T 1  1 6 1  7  6
T 1  2 3 7  8  6
T 2  -9 143 30  25  7
T 2  -1 39 1  27  7
T 2  -2 33 7  28  7
ROW 3 1 9
T 0  -3 2 14  2  5
T 1  5 6 2  14  6
T 1  7 12 6  9  6
T 1  2 3 14  15  6
T 2  9 143 5  41  7
T 2  -9 286 110  29  7
T 2  -5 39 2  42  7
T 2  -7 78 6  31  7
T 2  -2 33 14  43  7
ROW 3 2 9
T 0  -3 4 35  4  5
T 1  -1 3 14  19  6
T 1  -1 6 15  16  6
T 1  1 3 35  20  6
T 2  -3 286 30  49  7
T 2  -9 286 110  44  7
T 2  2 39 14  50  7
T 2  1 39 15  45  7
T 2  -1 33 35  51  7
ROW 4 -2 7
T 0  9 4 7  3  5
T 1  1 1 1  17  6
T 1  -1 1 7  18  6
T 2  -3 286 1430  34  7
T 2  3 286 10  46  7
T 2  -2 13 1  47  7
T 2  1 11 7  48  7
ROW 4 -1 9
T 0  3 4 42  1  5
T 1  1 4 30  10  6
T 1  -7 12 6  12  6
T 1  -1 3 42  13  6
T 2  -6 143 55  32  7
T 2  -6 143 5  38  7
T 2  -1 26 30  33  7
T 2  7 78 6  39  7
T 2  1 33 42  40  7
ROW 4 0 3
T 1  -1 1 1  9  6
T 2  -3 143 165  29  7
T 2  2 13 1  31  7
ROW 4 1 9
T 0  -3 4 42  0  5
T 1  7 12 6  7  6
T 1  1 4 30  16  6
T 1  1 3 42  8  6
T 2  6 143 5  25  7
T 2  -6 143 55  44  7
T 2  -7 78 6  27  7
T 2  -1 26 30  45  7
T 2  -1 33 42  28  7
ROW 4 2 7
T 0  -9 4 7  2  5
T 1  -1 1 1  14  6
T 1  1 1 7  15  6
T 2  -3 286 10  41  7
T 2  -3 286 1430  30  7
T 2  2 13 1  42  7
T 2  -1 11 7  43  7
ROW 5 -2 7
T 0  3 4 105  1  5
T 1  1 6 15  12  6
T 1  -1 3 105  13  6
T 2  -3 286 2002  37  7
T 2  3 286 2  38  7
T 2  -1 39 15  39  7
T 2  1 33 105  40  7
ROW 5 -1 4
T 1  -1 4 30  11  6
T 2  -3 143 143  34  7
T 2  -3 286 22  35  7
T 2  1 26 30  36  7
ROW 5 0 3
T 1  -5 2 1  16  6
T 2  -3 143 66  44  7
T 2  5 13 1  45  7
ROW 5 1 4
T 1  1 4 30  9  6
T 2  3 286 22  29  7
T 2  -3 143 143  30  7
T 2  -1 26 30  31  7
ROW 5 2 7
T 0  -3 4 105  0  5
T 1  -1 6 15  7  6
T 1  1 3 105  8  6
T 2  -3 286 2  25  7
T 2  -3 286 2002  26  7
T 2  1 39 15  27  7
T 2  -1 33 105  28  7
