FORMAT 2
KERNEL J
SOURCE (s|J|s)^(m)
SHELLS 6 1
ORDERS 6 7

# E <id> <alpha> <beta> <mu> <p>
E 0 0 5 0 -6
E 1 0 5 1 -6

# G <id> <2k> <L> <M>
G 0 0 5 5
G 1 0 5 -5
G 2 0 5 4
G 3 0 5 -4
G 4 0 5 3
G 5 0 5 -3
G 6 0 5 2
G 7 0 5 -2
G 8 0 5 1
G 9 0 5 -1
G 10 0 5 0
G 11 0 7 5
G 12 0 7 7
G 13 2 5 5
G 14 0 7 -6
G 15 0 7 -7
G 16 0 7 -5
G 17 2 5 -5
G 18 0 7 4
G 19 0 7 6
G 20 2 5 4
G 21 0 7 -4
G 22 2 5 -4
G 23 0 7 3
G 24 2 5 3
G 25 0 7 -3
G 26 2 5 -3
G 27 0 7 2
G 28 2 5 2
G 29 0 7 -2
G 30 2 5 -2
G 31 0 7 1
G 32 2 5 1
G 33 0 7 -1
G 34 2 5 -1
G 35 0 7 0
G 36 2 5 0

# TABLE <l> <l'> <rows> [SYMMETRIC]
# ROW <m> <m'> <terms>
# T <prefactor> <num> <den> <radicand> <geometry> <boys order>

TABLE 6 1 39
ROW -6 -1 4
T 0  -1 2 33  0  6
T 1  -1 26 2  11  7
T 1  -1 26 182  12  7
T 1  1 13 33  13  7
ROW -6 0 1
T 1  1 13 13  14  7
ROW -6 1 4
T 0  -1 2 33  1  6
T 1  1 26 182  15  7
T 1  -1 26 2  16  7
T 1  1 13 33  17  7
ROW -5 -1 4
T 0  -1 4 110  2  6
T 1  -1 26 6  18  7
T 1  -1 13 39  19  7
T 1  1 26 110  20  7
ROW -5 0 3
T 0  -1 2 11  1  6
T 1  2 13 6  16  7
T 1  1 13 11  17  7
ROW -5 1 4
T 0  -1 4 110  3  6
T 1  1 13 39  14  7
T 1  -1 26 6  21  7
T 1  1 26 110  22  7
ROW -4 -1 6
T 0  -3 4 10  4  6
T 0  -1 4 2  0  6
T 1  -1 13 3  23  7
T 1  -1 13 33  11  7
T 1  3 26 10  24  7
T 1  1 26 2  13  7
ROW -4 0 3
T 0  -1 1 5  3  6
T 1  1 13 33  21  7
T 1  2 13 5  22  7
ROW -4 1 6
T 0  1 4 2  1  6
T 0  -3 4 10  5  6
T 1  1 13 33  16  7
T 1  -1 13 3  25  7
T 1  -1 26 2  17  7
T 1  3 26 10  26  7
ROW -3 -1 6
T 0  -3 2 2  6  6
T 0  -1 4 6  2  6
T 1  -1 13 5  27  7
T 1  -1 26 110  18  7
T 1  3 13 2  28  7
T 1  1 26 6  20  7
ROW -3 0 3
T 0  -3 2 3  5  6
T 1  2 13 10  25  7
T 1  3 13 3  26  7
ROW -3 1 6
T 0  1 4 6  3  6
T 0  -3 2 2  7  6
T 1  1 26 110  21  7
T 1  -1 13 5  29  7
T 1  -1 26 6  22  7
T 1  3 13 2  30  7
ROW -2 -1 6
T 0  -1 2 14  8  6
T 0  -1 2 3  4  6
T 1  -1 26 30  31  7
T 1  -3 26 10  23  7
T 1  1 13 14  32  7
T 1  1 13 3  24  7
ROW -2 0 3
T 0  -2 1 2  7  6
T 1  3 13 5  29  7
T 1  4 13 2  30  7
ROW -2 1 6
T 0  1 2 3  5  6
T 0  -1 2 14  9  6
T 1  3 26 10  25  7
T 1  -1 26 30  33  7
T 1  -1 13 3  26  7
T 1  1 13 14  34  7
ROW -1 -1 6
T 0  -1 2 21  10  6
T 0  -1 2 5  6  6
T 1  -1 13 21  35  7
T 1  -3 13 2  27  7
T 1  1 13 21  36  7
T 1  1 13 5  28  7
ROW -1 0 3
T 0  -1 2 35  9  6
T 1  4 13 3  33  7
T 1  1 13 35  34  7
ROW -1 1 3
T 0  1 2 5  7  6
T 1  3 13 2  29  7
T 1  -1 13 5  30  7
ROW 0 -1 3
T 0  1 2 15  9  6
T 1  2 13 7  33  7
T 1  -1 13 15  34  7
ROW 0 0 3
T 0  -3 1 1  10  6
T 1  7 13 1  35  7
T 1  6 13 1  36  7
ROW 0 1 3
T 0  1 2 15  8  6
T 1  2 13 7  31  7
T 1  -1 13 15  32  7
ROW 1 -1 3
T 0  1 2 5  7  6
T 1  3 13 2  29  7
T 1  -1 13 5  30  7
ROW 1 0 3
T 0  -1 2 35  8  6
T 1  4 13 3  31  7
T 1  1 13 35  32  7
ROW 1 1 6
T 0  -1 2 21  10  6
T 0  1 2 5  6  6
T 1  -1 13 21  35  7
T 1  3 13 2  27  7
T 1  1 13 21  36  7
T 1  -1 13 5  28  7
ROW 2 -1 6
T 0  1 2 3  5  6
T 0  1 2 14  9  6
T 1  3 26 10  25  7
T 1  1 26 30  33  7
T 1  -1 13 3  26  7
T 1  -1 13 14  34  7
ROW 2 0 3
T 0  -2 1 2  6  6
T 1  3 13 5  27  7
T 1  4 13 2  28  7
ROW 2 1 6
T 0  -1 2 14  8  6
T 0  1 2 3  4  6
T 1  -1 26 30  31  7
T 1  3 26 10  23  7
T 1  1 13 14  32  7
T 1  -1 13 3  24  7
ROW 3 -1 6
T 0  1 4 6  3  6
T 0  3 2 2  7  6
T 1  1 26 110  21  7
T 1  1 13 5  29  7
T 1  -1 26 6  22  7
T 1  -3 13 2  30  7
ROW 3 0 3
T 0  -3 2 3  4  6
T 1  2 13 10  23  7
T 1  3 13 3  24  7
ROW 3 1 6
T 0  -3 2 2  6  6
T 0  1 4 6  2  6
T 1  -1 13 5  27  7
T 1  1 26 110  18  7
T 1  3 13 2  28  7
T 1  -1 26 6  20  7
ROW 4 -1 6
T 0  1 4 2  1  6
T 0  3 4 10  5  6
T 1  1 13 33  16  7
T 1  1 13 3  25  7
T 1  -1 26 2  17  7
T 1  -3 26 10  26  7
ROW 4 0 3
T 0  -1 1 5  2  6
T 1  1 13 33  18  7
T 1  2 13 5  20  7
ROW 4 1 6
T 0  -3 4 10  4  6
T 0  1 4 2  0  6
T 1  -1 13 3  23  7
T 1  1 13 33  11  7
T 1  3 26 10  24  7
T 1  -1 26 2  13  7
ROW 5 -1 4
T 0  1 4 110  3  6
T 1  1 13 39  14  7
T 1  1 26 6  21  7
T 1  -1 26 110  22  7
ROW 5 0 3
T 0  -1 2 11  0  6
T 1  2 13 6  11  7
T 1  1 13 11  13  7
ROW 5 1 4
T 0  -1 4 110  2  6
T 1  -1 26 6  18  7
T 1  1 13 39  19  7
T 1  1 26 110  20  7
ROW 6 -1 4
T 0  1 2 33  1  6
T 1  1 26 182  15  7
T 1  1 26 2  16  7
T 1  -1 13 33  17  7
ROW 6 0 1
T 1  1 13 13  19  7
ROW 6 1 4
T 0  -1 2 33  0  6
T 1  -1 26 2  11  7
T 1  1 26 182  12  7
T 1  1 13 33  13  7
