FORMAT 2
KERNEL J
SOURCE (s|J|s)^(m)
SHELLS 4 1
ORDERS 4 5

# E <id> <alpha> <beta> <mu> <p>
E 0 0 3 0 -4
E 1 0 3 1 -4

# G <id> <2k> <L> <M>
G 0 0 3 3
G 1 0 3 -3
G 2 0 3 2
G 3 0 3 -2
G 4 0 3 1
G 5 0 3 -1
G 6 0 3 0
G 7 0 5 3
G 8 0 5 5
G 9 2 3 3
G 10 0 5 -4
G 11 0 5 -5
G 12 0 5 -3
G 13 2 3 -3
G 14 0 5 2
G 15 0 5 4
G 16 2 3 2
G 17 0 5 -2
G 18 2 3 -2
G 19 0 5 1
G 20 2 3 1
G 21 0 5 -1
G 22 2 3 -1
G 23 0 5 0
G 24 2 3 0

# TABLE <l> <l'> <rows> [SYMMETRIC]
# ROW <m> <m'> <terms>
# T <prefactor> <num> <den> <radicand> <geometry> <boys order>

TABLE 4 1 27
ROW -4 -1 4
T 0  -1 2 14  0  4
T 1  -1 18 2  7  5
T 1  -1 6 10  8  5
T 1  1 9 14  9  5
ROW -4 0 1
T 1  1 3 1  10  5
ROW -4 1 4
T 0  -1 2 14  1  4
T 1  1 6 10  11  5
T 1  -1 18 2  12  5
T 1  1 9 14  13  5
ROW -3 -1 4
T 0  -1 4 42  2  4
T 1  -1 18 6  14  5
T 1  -1 3 2  15  5
T 1  1 18 42  16  5
ROW -3 0 3
T 0  -1 2 7  1  4
T 1  4 9 1  12  5
T 1  1 9 7  13  5
ROW -3 1 4
T 0  -1 4 42  3  4
T 1  1 3 2  10  5
T 1  -1 18 6  17  5
T 1  1 18 42  18  5
ROW -2 -1 6
T 0  -1 4 30  4  4
T 0  -1 4 2  0  4
T 1  -1 9 3  19  5
T 1  -1 9 14  7  5
T 1  1 18 30  20  5
T 1  1 18 2  9  5
ROW -2 0 3
T 0  -1 1 3  3  4
T 1  1 9 21  17  5
T 1  2 9 3  18  5
ROW -2 1 6
T 0  1 4 2  1  4
T 0  -1 4 30  5  4
T 1  1 9 14  12  5
T 1  -1 9 3  21  5
T 1  -1 18 2  13  5
T 1  1 18 30  22  5
ROW -1 -1 6
T 0  -1 2 10  6  4
T 0  -1 4 6  2  4
T 1  -1 9 10  23  5
T 1  -1 18 42  14  5
T 1  1 9 10  24  5
T 1  1 18 6  16  5
ROW -1 0 3
T 0  -1 2 15  5  4
T 1  2 9 6  21  5
T 1  1 9 15  22  5
ROW -1 1 3
T 0  1 4 6  3  4
T 1  1 18 42  17  5
T 1  -1 18 6  18  5
ROW 0 -1 3
T 0  1 2 6  5  4
T 1  1 9 15  21  5
T 1  -1 9 6  22  5
ROW 0 0 3
T 0  -2 1 1  6  4
T 1  5 9 1  23  5
T 1  4 9 1  24  5
ROW 0 1 3
T 0  1 2 6  4  4
T 1  1 9 15  19  5
T 1  -1 9 6  20  5
ROW 1 -1 3
T 0  1 4 6  3  4
T 1  1 18 42  17  5
T 1  -1 18 6  18  5
ROW 1 0 3
T 0  -1 2 15  4  4
T 1  2 9 6  19  5
T 1  1 9 15  20  5
ROW 1 1 6
T 0  -1 2 10  6  4
T 0  1 4 6  2  4
T 1  -1 9 10  23  5
T 1  1 18 42  14  5
T 1  1 9 10  24  5
T 1  -1 18 6  16  5
ROW 2 -1 6
T 0  1 4 2  1  4
T 0  1 4 30  5  4
T 1  1 9 14  12  5
T 1  1 9 3  21  5
T 1  -1 18 2  13  5
T 1  -1 18 30  22  5
ROW 2 0 3
T 0  -1 1 3  2  4
T 1  1 9 21  14  5
T 1  2 9 3  16  5
ROW 2 1 6
T 0  -1 4 30  4  4
T 0  1 4 2  0  4
T 1  -1 9 3  19  5
T 1  1 9 14  7  5
T 1  1 18 30  20  5
T 1  -1 18 2  9  5
ROW 3 -1 4
T 0  1 4 42  3  4
T 1  1 3 2  10  5
T 1  1 18 6  17  5
T 1  -1 18 42  18  5
ROW 3 0 3
T 0  -1 2 7  0  4
T 1  4 9 1  7  5
T 1  1 9 7  9  5
ROW 3 1 4
T 0  -1 4 42  2  4
T 1  -1 18 6  14  5
T 1  1 3 2  15  5
T 1  1 18 42  16  5
ROW 4 -1 4
T 0  1 2 14  1  4
T 1  1 6 10  11  5
T 1  1 18 2  12  5
T 1  -1 9 14  13  5
ROW 4 0 1
T 1  1 3 1  15  5
ROW 4 1 4
T 0  -1 2 14  0  4
T 1  -1 18 2  7  5
T 1  1 6 10  8  5
T 1  1 9 14  9  5
