FORMAT 2
KERNEL J
SOURCE (s|J|s)^(m)
SHELLS 5 3
ORDERS 5 8

# E <id> <alpha> <beta> <mu> <p>
E 0 0 2 0 -5
E 1 0 2 1 -5
E 2 0 2 2 -5
E 3 0 2 3 -5

# G <id> <2k> <L> <M>
G 0 0 2 2
G 1 0 2 -2
G 2 0 2 1
G 3 0 2 -1
G 4 0 2 0
G 5 0 4 2
G 6 2 2 2
G 7 0 4 3
G 8 0 4 4
G 9 0 4 -4
G 10 0 4 -3
G 11 0 4 -2
G 12 2 2 -2
G 13 0 4 1
G 14 2 2 1
G 15 0 4 -1
G 16 2 2 -1
G 17 0 4 0
G 18 2 2 0
G 19 0 6 2
G 20 2 4 2
G 21 4 2 2
G 22 0 6 3
G 23 2 4 3
G 24 0 6 4
G 25 0 6 6
G 26 2 4 4
G 27 0 6 -5
G 28 0 6 -6
G 29 0 6 -4
G 30 2 4 -4
G 31 0 6 -3
G 32 2 4 -3
G 33 0 6 -2
G 34 2 4 -2
G 35 4 2 -2
G 36 0 6 1
G 37 2 4 1
G 38 4 2 1
G 39 0 6 -1
G 40 2 4 -1
G 41 4 2 -1
G 42 0 6 0
G 43 2 4 0
G 44 4 2 0
G 45 0 6 5
G 46 0 8 2
G 47 0 8 8
G 48 2 6 2
G 49 4 4 2
G 50 6 2 2
G 51 0 8 3
G 52 0 8 7
G 53 2 6 3
G 54 4 4 3
G 55 0 8 4
G 56 0 8 6
G 57 2 6 4
G 58 2 6 6
G 59 4 4 4
G 60 0 8 -5
G 61 2 6 -5
G 62 0 8 -6
G 63 0 8 -4
G 64 2 6 -6
G 65 2 6 -4
G 66 4 4 -4
G 67 0 8 -7
G 68 0 8 -3
G 69 2 6 -3
G 70 4 4 -3
G 71 0 8 -8
G 72 0 8 -2
G 73 2 6 -2
G 74 4 4 -2
G 75 6 2 -2
G 76 0 8 1
G 77 2 6 1
G 78 4 4 1
G 79 6 2 1
G 80 0 8 5
G 81 0 8 -1
G 82 2 6 -1
G 83 4 4 -1
G 84 6 2 -1
G 85 0 8 0
G 86 2 6 0
G 87 4 4 0
G 88 6 2 0
G 89 2 6 5

# TABLE <l> <l'> <rows> [SYMMETRIC]
# ROW <m> <m'> <terms>
# T <prefactor> <num> <den> <radicand> <geometry> <boys order>

TABLE 5 3 77
ROW -5 -3 11
T 0  15 8 105  0  5
T 1  45 28 7  5  6
T 1  -45 28 105  6  6
T 2  5 44 6  19  7
T 2  -45 77 7  20  7
T 2  5 14 105  21  7
T 3  1 286 2  46  8
T 3  2 143 1001  47  8
T 3  -1 66 6  48  8
T 3  45 1001 7  49  8
T 3  -5 231 105  50  8
ROW -5 -2 7
T 1  -15 4 3  7  6
T 2  -15 22 1  22  7
T 2  15 11 3  23  7
T 3  -1 286 22  51  8
T 3  1 286 6006  52  8
T 3  1 11 1  53  8
T 3  -15 143 3  54  8
ROW -5 -1 9
T 1  3 2 15  8  6
T 2  15 22 3  24  7
T 2  15 44 22  25  7
T 2  -6 11 15  26  7
T 3  1 143 33  55  8
T 3  1 286 2002  56  8
T 3  -1 11 3  57  8
T 3  -1 22 22  58  8
T 3  6 143 15  59  8
ROW -5 0 3
T 2  -15 22 11  27  7
T 3  -1 143 286  60  8
T 3  1 11 11  61  8
ROW -5 1 9
T 1  3 2 15  9  6
T 2  -15 44 22  28  7
T 2  15 22 3  29  7
T 2  -6 11 15  30  7
T 3  -1 286 2002  62  8
T 3  1 143 33  63  8
T 3  1 22 22  64  8
T 3  -1 11 3  65  8
T 3  6 143 15  66  8
ROW -5 2 7
T 1  -15 4 3  10  6
T 2  -15 22 1  31  7
T 2  15 11 3  32  7
T 3  -1 286 6006  67  8
T 3  -1 286 22  68  8
T 3  1 11 1  69  8
T 3  -15 143 3  70  8
ROW -5 3 11
T 0  15 8 105  1  5
T 1  45 28 7  11  6
T 1  -45 28 105  12  6
T 2  5 44 6  33  7
T 2  -45 77 7  34  7
T 2  5 14 105  35  7
T 3  -2 143 1001  71  8
T 3  1 286 2  72  8
T 3  -1 66 6  73  8
T 3  45 1001 7  74  8
T 3  -5 231 105  75  8
ROW -4 -3 11
T 0  15 8 42  2  5
T 1  27 28 35  13  6
T 1  -45 28 42  14  6
T 2  5 22 6  36  7
T 2  -27 77 35  37  7
T 2  5 14 42  38  7
T 3  1 286 14  76  8
T 3  1 286 10010  52  8
T 3  -1 33 6  77  8
T 3  27 1001 35  78  8
T 3  -5 231 42  79  8
ROW -4 -2 13
T 0  45 8 7  0  5
T 1  -3 7 105  5  6
T 1  -135 28 7  6  6
T 2  -15 44 10  19  7
T 2  -15 44 22  25  7
T 2  12 77 105  20  7
T 2  15 14 7  21  7
T 3  -1 143 30  46  8
T 3  1 143 2002  56  8
T 3  1 22 10  48  8
T 3  1 22 22  58  8
T 3  -12 1001 105  49  8
T 3  -5 77 7  50  8
ROW -4 -1 7
T 1  -3 4 3  7  6
T 2  15 11 1  22  7
T 2  3 11 3  23  7
T 3  5 286 22  51  8
T 3  1 286 4290  80  8
T 3  -2 11 1  53  8
T 3  -3 143 3  54  8
ROW -4 0 6
T 1  9 1 1  9  6
T 2  -15 22 5  29  7
T 2  -36 11 1  30  7
T 3  -4 143 55  63  8
T 3  1 11 5  65  8
T 3  36 143 1  66  8
ROW -4 1 7
T 1  -3 4 3  10  6
T 2  15 11 1  31  7
T 2  3 11 3  32  7
T 3  -1 286 4290  60  8
T 3  5 286 22  68  8
T 3  -2 11 1  69  8
T 3  -3 143 3  70  8
ROW -4 2 13
T 0  45 8 7  1  5
T 1  -3 7 105  11  6
T 1  -135 28 7  12  6
T 2  15 44 22  28  7
T 2  -15 44 10  33  7
T 2  12 77 105  34  7
T 2  15 14 7  35  7
T 3  -1 143 2002  62  8
T 3  -1 143 30  72  8
T 3  -1 22 22  64  8
T 3  1 22 10  73  8
T 3  -12 1001 105  74  8
T 3  -5 77 7  75  8
ROW -4 3 11
T 0  15 8 42  3  5
T 1  27 28 35  15  6
T 1  -45 28 42  16  6
T 2  5 22 6  39  7
T 2  -27 77 35  40  7
T 2  5 14 42  41  7
T 3  -1 286 10010  67  8
T 3  1 286 14  81  8
T 3  -1 33 6  82  8
T 3  27 1001 35  83  8
T 3  -5 231 42  84  8
ROW -3 -3 13
T 0  15 4 7  4  5
T 1  45 14 7  17  6
T 1  -45 14 7  18  6
T 2  5 11 7  42  7
T 2  5 44 66  25  7
T 2  -90 77 7  43  7
T 2  5 7 7  44  7
T 3  2 143 7  85  8
T 3  1 286 6006  56  8
T 3  -2 33 7  86  8
T 3  -1 66 66  58  8
T 3  90 1001 7  87  8
T 3  -10 231 7  88  8
ROW -3 -2 13
T 0  15 4 14  2  5
T 1  -3 28 105  13  6
T 1  -45 14 14  14  6
T 2  -10 11 2  36  7
T 2  -5 22 33  45  7
T 2  3 77 105  37  7
T 2  5 7 14  38  7
T 3  -3 286 42  76  8
T 3  3 286 858  80  8
T 3  4 33 2  77  8
T 3  1 33 33  89  8
T 3  -3 1001 105  78  8
T 3  -10 231 14  79  8
ROW -3 -1 16
T 0  15 8 35  0  5
T 1  -27 28 21  5  6
T 1  3 1 3  8  6
T 1  -45 28 35  6  6
T 2  35 44 2  19  7
T 2  -5 22 15  24  7
T 2  27 77 21  20  7
T 2  -12 11 3  26  7
T 2  5 14 35  21  7
T 3  15 286 6  46  8
T 3  3 143 165  55  8
T 3  -7 66 2  48  8
T 3  1 33 15  57  8
T 3  -27 1001 21  49  8
T 3  12 143 3  59  8
T 3  -5 231 35  50  8
ROW -3 0 6
T 1  9 2 1  10  6
T 2  -5 22 3  31  7
T 2  -18 11 1  32  7
T 3  -5 143 66  68  8
T 3  1 33 3  69  8
T 3  18 143 1  70  8
ROW -3 1 16
T 0  15 8 35  1  5
T 1  -3 1 3  9  6
T 1  -27 28 21  11  6
T 1  -45 28 35  12  6
T 2  5 22 15  29  7
T 2  35 44 2  33  7
T 2  12 11 3  30  7
T 2  27 77 21  34  7
T 2  5 14 35  35  7
T 3  -3 143 165  63  8
T 3  15 286 6  72  8
T 3  -1 33 15  65  8
T 3  -7 66 2  73  8
T 3  -12 143 3  66  8
T 3  -27 1001 21  74  8
T 3  -5 231 35  75  8
ROW -3 2 13
T 0  15 4 14  3  5
T 1  -3 28 105  15  6
T 1  -45 14 14  16  6
T 2  5 22 33  27  7
T 2  -10 11 2  39  7
T 2  3 77 105  40  7
T 2  5 7 14  41  7
T 3  -3 286 858  60  8
T 3  -3 286 42  81  8
T 3  -1 33 33  61  8
T 3  4 33 2  82  8
T 3  -3 1001 105  83  8
T 3  -10 231 14  84  8
ROW -3 3 3
T 2  -5 44 66  28  7
T 3  -1 286 6006  62  8
T 3  1 66 66  64  8
ROW -2 -3 13
T 0  -15 16 14  2  5
T 1  -15 28 105  13  6
T 1  45 56 14  14  6
T 2  -35 44 2  36  7
T 2  5 22 33  45  7
T 2  15 77 105  37  7
T 2  -5 28 14  38  7
T 3  -1 143 42  76  8
T 3  1 143 858  80  8
T 3  7 66 2  77  8
T 3  -1 33 33  89  8
T 3  -15 1001 105  78  8
T 3  5 462 14  79  8
ROW -2 -2 16
T 0  45 8 7  4  5
T 1  15 14 7  17  6
T 1  -3 2 5  8  6
T 1  -135 28 7  18  6
T 2  -15 22 7  42  7
T 2  -15 22 1  24  7
T 2  -30 77 7  43  7
T 2  6 11 5  26  7
T 2  15 14 7  44  7
T 3  -8 143 7  85  8
T 3  12 143 11  55  8
T 3  1 11 7  86  8
T 3  1 11 1  57  8
T 3  30 1001 7  87  8
T 3  -6 143 5  59  8
T 3  -5 77 7  88  8
ROW -2 -1 16
T 0  15 16 210  2  5
T 1  -12 7 7  13  6
T 1  21 4 1  7  6
T 1  -45 56 210  14  6
T 2  5 44 30  36  7
T 2  -15 22 3  22  7
T 2  48 77 7  37  7
T 2  -21 11 1  23  7
T 2  5 28 210  38  7
T 3  3 143 70  76  8
T 3  5 143 66  51  8
T 3  -1 66 30  77  8
T 3  1 11 3  53  8
T 3  -48 1001 7  78  8
T 3  21 143 1  54  8
T 3  -5 462 210  79  8
ROW -2 0 10
T 0  15 8 35  1  5
T 1  -3 14 21  11  6
T 1  -45 28 35  12  6
T 2  5 11 2  33  7
T 2  6 77 21  34  7
T 2  5 14 35  35  7
T 3  -20 143 6  72  8
T 3  -2 33 2  73  8
T 3  -6 1001 21  74  8
T 3  -5 231 35  75  8
ROW -2 1 16
T 0  15 16 210  3  5
T 1  -21 4 1  10  6
T 1  -12 7 7  15  6
T 1  -45 56 210  16  6
T 2  15 22 3  31  7
T 2  5 44 30  39  7
T 2  21 11 1  32  7
T 2  48 77 7  40  7
T 2  5 28 210  41  7
T 3  -5 143 66  68  8
T 3  3 143 70  81  8
T 3  -1 11 3  69  8
T 3  -1 66 30  82  8
T 3  -21 143 1  70  8
T 3  -48 1001 7  83  8
T 3  -5 462 210  84  8
ROW -2 2 6
T 1  3 2 5  9  6
T 2  15 22 1  29  7
T 2  -6 11 5  30  7
T 3  -12 143 11  63  8
T 3  -1 11 1  65  8
T 3  6 143 5  66  8
ROW -2 3 13
T 0  15 16 14  3  5
T 1  15 28 105  15  6
T 1  -45 56 14  16  6
T 2  -5 22 33  27  7
T 2  35 44 2  39  7
T 2  -15 77 105  40  7
T 2  5 28 14  41  7
T 3  -1 143 858  60  8
T 3  1 143 42  81  8
T 3  1 33 33  61  8
T 3  -7 66 2  82  8
T 3  15 1001 105  83  8
T 3  -5 462 14  84  8
ROW -1 -3 16
T 0  15 16 2  0  5
T 1  45 56 30  5  6
T 1  3 28 210  8  6
T 1  -45 56 2  6  6
T 2  5 22 35  19  7
T 2  5 22 42  24  7
T 2  -45 154 30  20  7
T 2  -3 77 210  26  7
T 2  5 28 2  21  7
T 3  1 143 105  46  8
T 3  1 143 462  55  8
T 3  -1 33 35  48  8
T 3  -1 33 42  57  8
T 3  45 2002 30  49  8
T 3  3 1001 210  59  8
T 3  -5 462 2  50  8
ROW -1 -2 14
T 0  -15 4 3  2  5
T 1  -75 56 10  13  6
T 1  -33 56 70  7  6
T 1  45 14 3  14  6
T 2  5 22 21  36  7
T 2  75 154 10  37  7
T 2  3 14 70  23  7
T 2  -5 7 3  38  7
T 3  21 143 1  76  8
T 3  1 143 1155  51  8
T 3  -1 33 21  77  8
T 3  -75 2002 10  78  8
T 3  -3 182 70  54  8
T 3  10 231 3  79  8
ROW -1 -1 18
T 0  45 8 10  4  5
T 0  15 16 30  0  5
T 1  -33 28 10  17  6
T 1  129 56 2  5  6
T 1  -135 28 10  18  6
T 1  -45 56 30  6  6
T 2  -5 22 21  19  7
T 2  3 7 10  43  7
T 2  -129 154 2  20  7
T 2  15 14 10  44  7
T 2  5 28 30  21  7
T 3  14 143 10  85  8
T 3  15 143 7  46  8
T 3  1 33 21  48  8
T 3  -3 91 10  87  8
T 3  129 2002 2  49  8
T 3  -5 77 10  88  8
T 3  -5 462 30  50  8
ROW -1 0 10
T 0  15 2 5  3  5
T 1  -57 28 6  15  6
T 1  -45 7 5  16  6
T 2  5 22 35  39  7
T 2  57 77 6  40  7
T 2  10 7 5  41  7
T 3  -14 143 15  81  8
T 3  -1 33 35  82  8
T 3  -57 1001 6  83  8
T 3  -20 231 5  84  8
ROW -1 1 10
T 0  -15 16 30  1  5
T 1  -129 56 2  11  6
T 1  45 56 30  12  6
T 2  5 22 21  33  7
T 2  129 154 2  34  7
T 2  -5 28 30  35  7
T 3  -15 143 7  72  8
T 3  -1 33 21  73  8
T 3  -129 2002 2  74  8
T 3  5 462 30  75  8
ROW -1 2 14
T 0  15 4 3  3  5
T 1  33 56 70  10  6
T 1  75 56 10  15  6
T 1  -45 14 3  16  6
T 2  -5 22 21  39  7
T 2  -3 14 70  32  7
T 2  -75 154 10  40  7
T 2  5 7 3  41  7
T 3  -1 143 1155  68  8
T 3  -21 143 1  81  8
T 3  1 33 21  82  8
T 3  3 182 70  70  8
T 3  75 2002 10  83  8
T 3  -10 231 3  84  8
ROW -1 3 16
T 0  -15 16 2  1  5
T 1  -3 28 210  9  6
T 1  -45 56 30  11  6
T 1  45 56 2  12  6
T 2  -5 22 42  29  7
T 2  -5 22 35  33  7
T 2  3 77 210  30  7
T 2  45 154 30  34  7
T 2  -5 28 2  35  7
T 3  -1 143 462  63  8
T 3  -1 143 105  72  8
T 3  1 33 42  65  8
T 3  1 33 35  73  8
T 3  -3 1001 210  66  8
T 3  -45 2002 30  74  8
T 3  5 462 2  75  8
ROW 0 -3 6
T 1  -45 28 7  10  6
T 2  -5 11 21  31  7
T 2  45 77 7  32  7
T 3  -1 143 462  68  8
T 3  2 33 21  69  8
T 3  -45 1001 7  70  8
ROW 0 -2 10
T 0  15 8 5  1  5
T 1  30 7 3  11  6
T 1  -45 28 5  12  6
T 2  -5 22 14  33  7
T 2  -120 77 3  34  7
T 2  5 14 5  35  7
T 3  -6 143 42  72  8
T 3  1 33 14  73  8
T 3  120 1001 3  74  8
T 3  -5 231 5  75  8
ROW 0 -1 10
T 0  -75 8 2  3  5
T 1  -3 28 15  15  6
T 1  225 28 2  16  6
T 2  5 22 14  39  7
T 2  3 77 15  40  7
T 2  -25 14 2  41  7
T 3  -21 143 6  81  8
T 3  -1 33 14  82  8
T 3  -3 1001 15  83  8
T 3  25 231 2  84  8
ROW 0 0 10
T 0  75 4 1  4  5
T 1  -45 7 1  17  6
T 1  -225 14 1  18  6
T 2  35 22 1  42  7
T 2  180 77 1  43  7
T 2  25 7 1  44  7
T 3  -56 143 1  85  8
T 3  -7 33 1  86  8
T 3  -180 1001 1  87  8
T 3  -50 231 1  88  8
ROW 0 1 10
T 0  -75 8 2  2  5
T 1  -3 28 15  13  6
T 1  225 28 2  14  6
T 2  5 22 14  36  7
T 2  3 77 15  37  7
T 2  -25 14 2  38  7
T 3  -21 143 6  76  8
T 3  -1 33 14  77  8
T 3  -3 1001 15  78  8
T 3  25 231 2  79  8
ROW 0 2 10
T 0  15 8 5  0  5
T 1  30 7 3  5  6
T 1  -45 28 5  6  6
T 2  -5 22 14  19  7
T 2  -120 77 3  20  7
T 2  5 14 5  21  7
T 3  -6 143 42  46  8
T 3  1 33 14  48  8
T 3  120 1001 3  49  8
T 3  -5 231 5  50  8
ROW 0 3 6
T 1  -45 28 7  7  6
T 2  -5 11 21  22  7
T 2  45 77 7  23  7
T 3  -1 143 462  51  8
T 3  2 33 21  53  8
T 3  -45 1001 7  54  8
ROW 1 -3 16
T 0  15 16 2  1  5
T 1  -3 28 210  9  6
T 1  45 56 30  11  6
T 1  -45 56 2  12  6
T 2  -5 22 42  29  7
T 2  5 22 35  33  7
T 2  3 77 210  30  7
T 2  -45 154 30  34  7
T 2  5 28 2  35  7
T 3  -1 143 462  63  8
T 3  1 143 105  72  8
T 3  1 33 42  65  8
T 3  -1 33 35  73  8
T 3  -3 1001 210  66  8
T 3  45 2002 30  74  8
T 3  -5 462 2  75  8
ROW 1 -2 14
T 0  -15 4 3  3  5
T 1  33 56 70  10  6
T 1  -75 56 10  15  6
T 1  45 14 3  16  6
T 2  5 22 21  39  7
T 2  -3 14 70  32  7
T 2  75 154 10  40  7
T 2  -5 7 3  41  7
T 3  -1 143 1155  68  8
T 3  21 143 1  81  8
T 3  -1 33 21  82  8
T 3  3 182 70  70  8
T 3  -75 2002 10  83  8
T 3  10 231 3  84  8
ROW 1 -1 10
T 0  -15 16 30  1  5
T 1  -129 56 2  11  6
T 1  45 56 30  12  6
T 2  5 22 21  33  7
T 2  129 154 2  34  7
T 2  -5 28 30  35  7
T 3  -15 143 7  72  8
T 3  -1 33 21  73  8
T 3  -129 2002 2  74  8
T 3  5 462 30  75  8
ROW 1 0 10
T 0  15 2 5  2  5
T 1  -57 28 6  13  6
T 1  -45 7 5  14  6
T 2  5 22 35  36  7
T 2  57 77 6  37  7
T 2  10 7 5  38  7
T 3  -14 143 15  76  8
T 3  -1 33 35  77  8
T 3  -57 1001 6  78  8
T 3  -20 231 5  79  8
ROW 1 1 18
T 0  45 8 10  4  5
T 0  -15 16 30  0  5
T 1  -33 28 10  17  6
T 1  -129 56 2  5  6
T 1  -135 28 10  18  6
T 1  45 56 30  6  6
T 2  5 22 21  19  7
T 2  3 7 10  43  7
T 2  129 154 2  20  7
T 2  15 14 10  44  7
T 2  -5 28 30  21  7
T 3  14 143 10  85  8
T 3  -15 143 7  46  8
T 3  -1 33 21  48  8
T 3  -3 91 10  87  8
T 3  -129 2002 2  49  8
T 3  -5 77 10  88  8
T 3  5 462 30  50  8
ROW 1 2 14
T 0  -15 4 3  2  5
T 1  -75 56 10  13  6
T 1  33 56 70  7  6
T 1  45 14 3  14  6
T 2  5 22 21  36  7
T 2  75 154 10  37  7
T 2  -3 14 70  23  7
T 2  -5 7 3  38  7
T 3  21 143 1  76  8
T 3  -1 143 1155  51  8
T 3  -1 33 21  77  8
T 3  -75 2002 10  78  8
T 3  3 182 70  54  8
T 3  10 231 3  79  8
ROW 1 3 16
T 0  15 16 2  0  5
T 1  45 56 30  5  6
T 1  -3 28 210  8  6
T 1  -45 56 2  6  6
T 2  5 22 35  19  7
T 2  -5 22 42  24  7
T 2  -45 154 30  20  7
T 2  3 77 210  26  7
T 2  5 28 2  21  7
T 3  1 143 105  46  8
T 3  -1 143 462  55  8
T 3  -1 33 35  48  8
T 3  1 33 42  57  8
T 3  45 2002 30  49  8
T 3  -3 1001 210  59  8
T 3  -5 462 2  50  8
ROW 2 -3 13
T 0  -15 16 14  3  5
T 1  -15 28 105  15  6
T 1  45 56 14  16  6
T 2  -5 22 33  27  7
T 2  -35 44 2  39  7
T 2  15 77 105  40  7
T 2  -5 28 14  41  7
T 3  -1 143 858  60  8
T 3  -1 143 42  81  8
T 3  1 33 33  61  8
T 3  7 66 2  82  8
T 3  -15 1001 105  83  8
T 3  5 462 14  84  8
ROW 2 -2 6
T 1  3 2 5  9  6
T 2  15 22 1  29  7
T 2  -6 11 5  30  7
T 3  -12 143 11  63  8
T 3  -1 11 1  65  8
T 3  6 143 5  66  8
ROW 2 -1 16
T 0  -15 16 210  3  5
T 1  -21 4 1  10  6
T 1  12 7 7  15  6
T 1  45 56 210  16  6
T 2  15 22 3  31  7
T 2  -5 44 30  39  7
T 2  21 11 1  32  7
T 2  -48 77 7  40  7
T 2  -5 28 210  41  7
T 3  -5 143 66  68  8
T 3  -3 143 70  81  8
T 3  -1 11 3  69  8
T 3  1 66 30  82  8
T 3  -21 143 1  70  8
T 3  48 1001 7  83  8
T 3  5 462 210  84  8
ROW 2 0 10
T 0  15 8 35  0  5
T 1  -3 14 21  5  6
T 1  -45 28 35  6  6
T 2  5 11 2  19  7
T 2  6 77 21  20  7
T 2  5 14 35  21  7
T 3  -20 143 6  46  8
T 3  -2 33 2  48  8
T 3  -6 1001 21  49  8
T 3  -5 231 35  50  8
ROW 2 1 16
T 0  15 16 210  2  5
T 1  -12 7 7  13  6
T 1  -21 4 1  7  6
T 1  -45 56 210  14  6
T 2  5 44 30  36  7
T 2  15 22 3  22  7
T 2  48 77 7  37  7
T 2  21 11 1  23  7
T 2  5 28 210  38  7
T 3  3 143 70  76  8
T 3  -5 143 66  51  8
T 3  -1 66 30  77  8
T 3  -1 11 3  53  8
T 3  -48 1001 7  78  8
T 3  -21 143 1  54  8
T 3  -5 462 210  79  8
ROW 2 2 16
T 0  45 8 7  4  5
T 1  15 14 7  17  6
T 1  3 2 5  8  6
T 1  -135 28 7  18  6
T 2  -15 22 7  42  7
T 2  15 22 1  24  7
T 2  -30 77 7  43  7
T 2  -6 11 5  26  7
T 2  15 14 7  44  7
T 3  -8 143 7  85  8
T 3  -12 143 11  55  8
T 3  1 11 7  86  8
T 3  -1 11 1  57  8
T 3  30 1001 7  87  8
T 3  6 143 5  59  8
T 3  -5 77 7  88  8
ROW 2 3 13
T 0  -15 16 14  2  5
T 1  -15 28 105  13  6
T 1  45 56 14  14  6
T 2  -35 44 2  36  7
T 2  -5 22 33  45  7
T 2  15 77 105  37  7
T 2  -5 28 14  38  7
T 3  -1 143 42  76  8
T 3  -1 143 858  80  8
T 3  7 66 2  77  8
T 3  1 33 33  89  8
T 3  -15 1001 105  78  8
T 3  5 462 14  79  8
ROW 3 -3 3
T 2  -5 44 66  28  7
T 3  -1 286 6006  62  8
T 3  1 66 66  64  8
ROW 3 -2 13
T 0  -15 4 14  3  5
T 1  3 28 105  15  6
T 1  45 14 14  16  6
T 2  5 22 33  27  7
T 2  10 11 2  39  7
T 2  -3 77 105  40  7
T 2  -5 7 14  41  7
T 3  -3 286 858  60  8
T 3  3 286 42  81  8
T 3  -1 33 33  61  8
T 3  -4 33 2  82  8
T 3  3 1001 105  83  8
T 3  10 231 14  84  8
ROW 3 -1 16
T 0  -15 8 35  1  5
T 1  -3 1 3  9  6
T 1  27 28 21  11  6
T 1  45 28 35  12  6
T 2  5 22 15  29  7
T 2  -35 44 2  33  7
T 2  12 11 3  30  7
T 2  -27 77 21  34  7
T 2  -5 14 35  35  7
T 3  -3 143 165  63  8
T 3  -15 286 6  72  8
T 3  -1 33 15  65  8
T 3  7 66 2  73  8
T 3  -12 143 3  66  8
T 3  27 1001 21  74  8
T 3  5 231 35  75  8
ROW 3 0 6
T 1  9 2 1  7  6
T 2  -5 22 3  22  7
T 2  -18 11 1  23  7
T 3  -5 143 66  51  8
T 3  1 33 3  53  8
T 3  18 143 1  54  8
ROW 3 1 16
T 0  15 8 35  0  5
T 1  -27 28 21  5  6
T 1  -3 1 3  8  6
T 1  -45 28 35  6  6
T 2  35 44 2  19  7
T 2  5 22 15  24  7
T 2  27 77 21  20  7
T 2  12 11 3  26  7
T 2  5 14 35  21  7
T 3  15 286 6  46  8
T 3  -3 143 165  55  8
T 3  -7 66 2  48  8
T 3  -1 33 15  57  8
T 3  -27 1001 21  49  8
T 3  -12 143 3  59  8
T 3  -5 231 35  50  8
ROW 3 2 13
T 0  15 4 14  2  5
T 1  -3 28 105  13  6
T 1  -45 14 14  14  6
T 2  -10 11 2  36  7
T 2  5 22 33  45  7
T 2  3 77 105  37  7
T 2  5 7 14  38  7
T 3  -3 286 42  76  8
T 3  -3 286 858  80  8
T 3  4 33 2  77  8
T 3  -1 33 33  89  8
T 3  -3 1001 105  78  8
T 3  -10 231 14  79  8
ROW 3 3 13
T 0  15 4 7  4  5
T 1  45 14 7  17  6
T 1  -45 14 7  18  6
T 2  5 11 7  42  7
T 2  -5 44 66  25  7
T 2  -90 77 7  43  7
T 2  5 7 7  44  7
T 3  2 143 7  85  8
T 3  -1 286 6006  56  8
T 3  -2 33 7  86  8
T 3  1 66 66  58  8
T 3  90 1001 7  87  8
T 3  -10 231 7  88  8
ROW 4 -3 11
T 0  -15 8 42  3  5
T 1  -27 28 35  15  6
T 1  45 28 42  16  6
T 2  -5 22 6  39  7
T 2  27 77 35  40  7
T 2  -5 14 42  41  7
T 3  -1 286 10010  67  8
T 3  -1 286 14  81  8
T 3  1 33 6  82  8
T 3  -27 1001 35  83  8
T 3  5 231 42  84  8
ROW 4 -2 13
T 0  -45 8 7  1  5
T 1  3 7 105  11  6
T 1  135 28 7  12  6
T 2  15 44 22  28  7
T 2  15 44 10  33  7
T 2  -12 77 105  34  7
T 2  -15 14 7  35  7
T 3  -1 143 2002  62  8
T 3  1 143 30  72  8
T 3  -1 22 22  64  8
T 3  -1 22 10  73  8
T 3  12 1001 105  74  8
T 3  5 77 7  75  8
ROW 4 -1 7
T 1  3 4 3  10  6
T 2  -15 11 1  31  7
T 2  -3 11 3  32  7
T 3  -1 286 4290  60  8
T 3  -5 286 22  68  8
T 3  2 11 1  69  8
T 3  3 143 3  70  8
ROW 4 0 6
T 1  9 1 1  8  6
T 2  -15 22 5  24  7
T 2  -36 11 1  26  7
T 3  -4 143 55  55  8
T 3  1 11 5  57  8
T 3  36 143 1  59  8
ROW 4 1 7
T 1  -3 4 3  7  6
T 2  15 11 1  22  7
T 2  3 11 3  23  7
T 3  5 286 22  51  8
T 3  -1 286 4290  80  8
T 3  -2 11 1  53  8
T 3  -3 143 3  54  8
ROW 4 2 13
T 0  45 8 7  0  5
T 1  -3 7 105  5  6
T 1  -135 28 7  6  6
T 2  -15 44 10  19  7
T 2  15 44 22  25  7
T 2  12 77 105  20  7
T 2  15 14 7  21  7
T 3  -1 143 30  46  8
T 3  -1 143 2002  56  8
T 3  1 22 10  48  8
T 3  -1 22 22  58  8
T 3  -12 1001 105  49  8
T 3  -5 77 7  50  8
ROW 4 3 11
T 0  15 8 42  2  5
T 1  27 28 35  13  6
T 1  -45 28 42  14  6
T 2  5 22 6  36  7
T 2  -27 77 35  37  7
T 2  5 14 42  38  7
T 3  1 286 14  76  8
T 3  -1 286 10010  52  8
T 3  -1 33 6  77  8
T 3  27 1001 35  78  8
T 3  -5 231 42  79  8
ROW 5 -3 11
T 0  -15 8 105  1  5
T 1  -45 28 7  11  6
T 1  45 28 105  12  6
T 2  -5 44 6  33  7
T 2  45 77 7  34  7
T 2  -5 14 105  35  7
T 3  -2 143 1001  71  8
T 3  -1 286 2  72  8
T 3  1 66 6  73  8
T 3  -45 1001 7  74  8
T 3  5 231 105  75  8
ROW 5 -2 7
T 1  15 4 3  10  6
T 2  15 22 1  31  7
T 2  -15 11 3  32  7
T 3  -1 286 6006  67  8
T 3  1 286 22  68  8
T 3  -1 11 1  69  8
T 3  15 143 3  70  8
ROW 5 -1 9
T 1  -3 2 15  9  6
T 2  -15 44 22  28  7
T 2  -15 22 3  29  7
T 2  6 11 15  30  7
T 3  -1 286 2002  62  8
T 3  -1 143 33  63  8
T 3  1 22 22  64  8
T 3  1 11 3  65  8
T 3  -6 143 15  66  8
ROW 5 0 3
T 2  -15 22 11  45  7
T 3  -1 143 286  80  8
T 3  1 11 11  89  8
ROW 5 1 9
T 1  3 2 15  8  6
T 2  15 22 3  24  7
T 2  -15 44 22  25  7
T 2  -6 11 15  26  7
T 3  1 143 33  55  8
T 3  -1 286 2002  56  8
T 3  -1 11 3  57  8
T 3  1 22 22  58  8
T 3  6 143 15  59  8
ROW 5 2 7
T 1  -15 4 3  7  6
T 2  -15 22 1  22  7
T 2  15 11 3  23  7
T 3  -1 286 22  51  8
T 3  -1 286 6006  52  8
T 3  1 11 1  53  8
T 3  -15 143 3  54  8
ROW 5 3 11
T 0  15 8 105  0  5
T 1  45 28 7  5  6
T 1  -45 28 105  6  6
T 2  5 44 6  19  7
T 2  -45 77 7  20  7
T 2  5 14 105  21  7
T 3  1 286 2  46  8
T 3  -2 143 1001  47  8
T 3  -1 66 6  48  8
T 3  45 1001 7  49  8
T 3  -5 231 105  50  8
