FORMAT 2
KERNEL J
SOURCE (s|J|s)^(m)
SHELLS 3 1
ORDERS 3 4

# E <id> <alpha> <beta> <mu> <p>
E 0 0 2 0 -3
E 1 0 2 1 -3

# G <id> <2k> <L> <M>
G 0 0 2 2
G 1 0 2 -2
G 2 0 2 1
G 3 0 2 -1
G 4 0 2 0
G 5 0 4 2
G 6 0 4 4
G 7 2 2 2
G 8 0 4 -3
G 9 0 4 -4
G 10 0 4 -2
G 11 2 2 -2
G 12 0 4 1
G 13 0 4 3
G 14 2 2 1
G 15 0 4 -1
G 16 2 2 -1
G 17 0 4 0
G 18 2 2 0

# TABLE <l> <l'> <rows> [SYMMETRIC]
# ROW <m> <m'> <terms>
# T <prefactor> <num> <den> <radicand> <geometry> <boys order>

TABLE 3 1 21
ROW -3 -1 4
T 0  1 4 30  0  3
T 1  1 14 2  5  4
T 1  1 7 14  6  4
T 1  -1 14 30  7  4
ROW -3 0 1
T 1  -1 7 7  8  4
ROW -3 1 4
T 0  1 4 30  1  3
T 1  -1 7 14  9  4
T 1  1 14 2  10  4
T 1  -1 14 30  11  4
ROW -2 -1 4
T 0  1 2 5  2  3
T 1  1 14 6  12  4
T 1  1 14 42  13  4
T 1  -1 7 5  14  4
ROW -2 0 3
T 0  1 2 5  1  3
T 1  -2 7 3  10  4
T 1  -1 7 5  11  4
ROW -2 1 4
T 0  1 2 5  3  3
T 1  -1 14 42  8  4
T 1  1 14 6  15  4
T 1  -1 7 5  16  4
ROW -1 -1 6
T 0  1 2 6  4  3
T 0  1 4 2  0  3
T 1  1 7 6  17  4
T 1  1 14 30  5  4
T 1  -1 7 6  18  4
T 1  -1 14 2  7  4
ROW -1 0 3
T 0  1 1 2  3  3
T 1  -1 7 15  15  4
T 1  -2 7 2  16  4
ROW -1 1 3
T 0  -1 4 2  1  3
T 1  -1 14 30  10  4
T 1  1 14 2  11  4
ROW 0 -1 3
T 0  -1 2 3  3  3
T 1  -1 7 10  15  4
T 1  1 7 3  16  4
ROW 0 0 3
T 0  3 2 1  4  3
T 1  -4 7 1  17  4
T 1  -3 7 1  18  4
ROW 0 1 3
T 0  -1 2 3  2  3
T 1  -1 7 10  12  4
T 1  1 7 3  14  4
ROW 1 -1 3
T 0  -1 4 2  1  3
T 1  -1 14 30  10  4
T 1  1 14 2  11  4
ROW 1 0 3
T 0  1 1 2  2  3
T 1  -1 7 15  12  4
T 1  -2 7 2  14  4
ROW 1 1 6
T 0  1 2 6  4  3
T 0  -1 4 2  0  3
T 1  1 7 6  17  4
T 1  -1 14 30  5  4
T 1  -1 7 6  18  4
T 1  1 14 2  7  4
ROW 2 -1 4
T 0  -1 2 5  3  3
T 1  -1 14 42  8  4
T 1  -1 14 6  15  4
T 1  1 7 5  16  4
ROW 2 0 3
T 0  1 2 5  0  3
T 1  -2 7 3  5  4
T 1  -1 7 5  7  4
ROW 2 1 4
T 0  1 2 5  2  3
T 1  1 14 6  12  4
T 1  -1 14 42  13  4
T 1  -1 7 5  14  4
ROW 3 -1 4
T 0  -1 4 30  1  3
T 1  -1 7 14  9  4
T 1  -1 14 2  10  4
T 1  1 14 30  11  4
ROW 3 0 1
T 1  -1 7 7  13  4
ROW 3 1 4
T 0  1 4 30  0  3
T 1  1 14 2  5  4
T 1  -1 7 14  6  4
T 1  -1 14 30  7  4
