FORMAT 2
KERNEL J
SOURCE (s|J|s)^(m)
SHELLS 3 3
ORDERS 3 6

# E <id> <alpha> <beta> <mu> <p>
E 0 0 0 0 -3
E 1 0 0 1 -3
E 2 0 0 2 -3
E 3 0 0 3 -3

# G <id> <2k> <L> <M>
G 0 0 0 0
G 1 0 2 0
G 2 2 0 0
G 3 0 2 1
G 4 0 2 2
G 5 0 2 -2
G 6 0 2 -1
G 7 0 4 0
G 8 2 2 0
G 9 4 0 0
G 10 0 4 1
G 11 2 2 1
G 12 0 4 2
G 13 0 4 4
G 14 2 2 2
G 15 0 4 -3
G 16 0 4 -4
G 17 0 4 -2
G 18 2 2 -2
G 19 0 4 -1
G 20 2 2 -1
G 21 0 4 3
G 22 0 6 0
G 23 0 6 6
G 24 2 4 0
G 25 4 2 0
G 26 6 0 0
G 27 0 6 1
G 28 0 6 5
G 29 2 4 1
G 30 4 2 1
G 31 0 6 2
G 32 0 6 4
G 33 2 4 2
G 34 2 4 4
G 35 4 2 2
G 36 0 6 -3
G 37 2 4 -3
G 38 0 6 -4
G 39 0 6 -2
G 40 2 4 -4
G 41 2 4 -2
G 42 4 2 -2
G 43 0 6 -5
G 44 0 6 -1
G 45 2 4 -1
G 46 4 2 -1
G 47 0 6 -6
G 48 0 6 3
G 49 2 4 3

# TABLE <l> <l'> <rows> [SYMMETRIC]
# ROW <m> <m'> <terms>
# T <prefactor> <num> <den> <radicand> <geometry> <boys order>

TABLE 3 3 28 SYMMETRIC
ROW -3 -3 11
T 0  15 8 1  0  3
T 1  15 4 1  1  4
T 1  -15 4 1  2  4
T 2  9 14 1  7  5
T 2  -15 7 1  8  5
T 2  3 2 1  9  5
T 3  5 231 1  22  6
T 3  5 231 462  23  6
T 3  -9 77 1  24  6
T 3  5 21 1  25  6
T 3  -1 7 1  26  6
ROW -3 -2 7
T 1  -15 8 2  3  4
T 2  -3 14 15  10  5
T 2  15 14 2  11  5
T 3  -5 462 14  27  6
T 3  5 231 231  28  6
T 3  3 77 15  29  6
T 3  -5 42 2  30  6
ROW -3 -1 9
T 1  3 4 5  4  4
T 2  9 14 3  12  5
T 2  3 14 21  13  5
T 2  -3 7 5  14  5
T 3  5 231 14  31  6
T 3  5 231 105  32  6
T 3  -9 77 3  33  6
T 3  -3 77 21  34  6
T 3  1 21 5  35  6
ROW -3 0 3
T 2  -9 14 7  15  5
T 3  -10 231 21  36  6
T 3  9 77 7  37  6
ROW -3 1 9
T 1  3 4 5  5  4
T 2  -3 14 21  16  5
T 2  9 14 3  17  5
T 2  -3 7 5  18  5
T 3  -5 231 105  38  6
T 3  5 231 14  39  6
T 3  3 77 21  40  6
T 3  -9 77 3  41  6
T 3  1 21 5  42  6
ROW -3 2 7
T 1  -15 8 2  6  4
T 2  -3 14 15  19  5
T 2  15 14 2  20  5
T 3  -5 231 231  43  6
T 3  -5 462 14  44  6
T 3  3 77 15  45  6
T 3  -5 42 2  46  6
ROW -3 3 1
T 3  -5 231 462  47  6
ROW -2 -2 10
T 0  15 8 1  0  3
T 1  -15 4 1  2  4
T 2  -3 2 1  7  5
T 2  -3 14 35  13  5
T 2  3 2 1  9  5
T 3  -10 77 1  22  6
T 3  10 77 7  32  6
T 3  3 11 1  24  6
T 3  3 77 35  34  6
T 3  -1 7 1  26  6
ROW -2 -1 9
T 1  -3 8 30  3  4
T 2  6 7 1  10  5
T 2  -3 14 7  21  5
T 2  3 14 30  11  5
T 3  5 462 210  27  6
T 3  5 77 21  48  6
T 3  -12 77 1  29  6
T 3  3 77 7  49  6
T 3  -1 42 30  30  6
ROW -2 0 6
T 1  3 2 5  5  4
T 2  -3 14 3  17  5
T 2  -6 7 5  18  5
T 3  -20 231 14  39  6
T 3  3 77 3  41  6
T 3  2 21 5  42  6
ROW -2 1 9
T 1  -3 8 30  6  4
T 2  3 14 7  15  5
T 2  6 7 1  19  5
T 2  3 14 30  20  5
T 3  -5 77 21  36  6
T 3  5 462 210  44  6
T 3  -3 77 7  37  6
T 3  -12 77 1  45  6
T 3  -1 42 30  46  6
ROW -2 2 3
T 2  3 14 35  16  5
T 3  -10 77 7  38  6
T 3  -3 77 35  40  6
ROW -2 3 7
T 1  15 8 2  6  4
T 2  3 14 15  19  5
T 2  -15 14 2  20  5
T 3  -5 231 231  43  6
T 3  5 462 14  44  6
T 3  -3 77 15  45  6
T 3  5 42 2  46  6
ROW -1 -1 16
T 0  15 8 1  0  3
T 1  -9 4 1  1  4
T 1  3 2 3  4  4
T 1  -15 4 1  2  4
T 2  3 14 1  7  5
T 2  -3 7 5  12  5
T 2  9 7 1  8  5
T 2  -6 7 3  14  5
T 2  3 2 1  9  5
T 3  25 77 1  22  6
T 3  5 231 210  31  6
T 3  -3 77 1  24  6
T 3  6 77 5  33  6
T 3  -1 7 1  25  6
T 3  2 21 3  35  6
T 3  -1 7 1  26  6
ROW -1 0 6
T 1  -3 4 2  6  4
T 2  3 14 15  19  5
T 2  3 7 2  20  5
T 3  -25 231 14  44  6
T 3  -3 77 15  45  6
T 3  -1 21 2  46  6
ROW -1 1 6
T 1  -3 2 3  5  4
T 2  3 7 5  17  5
T 2  6 7 3  18  5
T 3  -5 231 210  39  6
T 3  -6 77 5  41  6
T 3  -2 21 3  42  6
ROW -1 2 9
T 1  3 8 30  6  4
T 2  3 14 7  15  5
T 2  -6 7 1  19  5
T 2  -3 14 30  20  5
T 3  -5 77 21  36  6
T 3  -5 462 210  44  6
T 3  -3 77 7  37  6
T 3  12 77 1  45  6
T 3  1 42 30  46  6
ROW -1 3 9
T 1  -3 4 5  5  4
T 2  -3 14 21  16  5
T 2  -9 14 3  17  5
T 2  3 7 5  18  5
T 3  -5 231 105  38  6
T 3  -5 231 14  39  6
T 3  3 77 21  40  6
T 3  9 77 3  41  6
T 3  -1 21 5  42  6
ROW 0 0 10
T 0  15 8 1  0  3
T 1  -3 1 1  1  4
T 1  -15 4 1  2  4
T 2  9 7 1  7  5
T 2  12 7 1  8  5
T 2  3 2 1  9  5
T 3  -100 231 1  22  6
T 3  -18 77 1  24  6
T 3  -4 21 1  25  6
T 3  -1 7 1  26  6
ROW 0 1 6
T 1  -3 4 2  3  4
T 2  3 14 15  10  5
T 2  3 7 2  11  5
T 3  -25 231 14  27  6
T 3  -3 77 15  29  6
T 3  -1 21 2  30  6
ROW 0 2 6
T 1  3 2 5  4  4
T 2  -3 14 3  12  5
T 2  -6 7 5  14  5
T 3  -20 231 14  31  6
T 3  3 77 3  33  6
T 3  2 21 5  35  6
ROW 0 3 3
T 2  -9 14 7  21  5
T 3  -10 231 21  48  6
T 3  9 77 7  49  6
ROW 1 1 16
T 0  15 8 1  0  3
T 1  -9 4 1  1  4
T 1  -3 2 3  4  4
T 1  -15 4 1  2  4
T 2  3 14 1  7  5
T 2  3 7 5  12  5
T 2  9 7 1  8  5
T 2  6 7 3  14  5
T 2  3 2 1  9  5
T 3  25 77 1  22  6
T 3  -5 231 210  31  6
T 3  -3 77 1  24  6
T 3  -6 77 5  33  6
T 3  -1 7 1  25  6
T 3  -2 21 3  35  6
T 3  -1 7 1  26  6
ROW 1 2 9
T 1  -3 8 30  3  4
T 2  6 7 1  10  5
T 2  3 14 7  21  5
T 2  3 14 30  11  5
T 3  5 462 210  27  6
T 3  -5 77 21  48  6
T 3  -12 77 1  29  6
T 3  -3 77 7  49  6
T 3  -1 42 30  30  6
ROW 1 3 9
T 1  3 4 5  4  4
T 2  9 14 3  12  5
T 2  -3 14 21  13  5
T 2  -3 7 5  14  5
T 3  5 231 14  31  6
T 3  -5 231 105  32  6
T 3  -9 77 3  33  6
T 3  3 77 21  34  6
T 3  1 21 5  35  6
ROW 2 2 10
T 0  15 8 1  0  3
T 1  -15 4 1  2  4
T 2  -3 2 1  7  5
T 2  3 14 35  13  5
T 2  3 2 1  9  5
T 3  -10 77 1  22  6
T 3  -10 77 7  32  6
T 3  3 11 1  24  6
T 3  -3 77 35  34  6
T 3  -1 7 1  26  6
ROW 2 3 7
T 1  -15 8 2  3  4
T 2  -3 14 15  10  5
T 2  15 14 2  11  5
T 3  -5 462 14  27  6
T 3  -5 231 231  28  6
T 3  3 77 15  29  6
T 3  -5 42 2  30  6
ROW 3 3 11
T 0  15 8 1  0  3
T 1  15 4 1  1  4
T 1  -15 4 1  2  4
T 2  9 14 1  7  5
T 2  -15 7 1  8  5
T 2  3 2 1  9  5
T 3  5 231 1  22  6
T 3  -5 231 462  23  6
T 3  -9 77 1  24  6
T 3  5 21 1  25  6
T 3  -1 7 1  26  6
