FORMAT 2
KERNEL J
SOURCE (s|J|s)^(m)
SHELLS 3 6
ORDERS 6 9

# E <id> <alpha> <beta> <mu> <p>
E 0 3 0 0 -6
E 1 3 0 1 -6
E 2 3 0 2 -6
E 3 3 0 3 -6

# G <id> <2k> <L> <M>
G 0 0 3 3
G 1 0 3 2
G 2 0 3 1
G 3 0 3 0
G 4 0 3 -3
G 5 0 3 -2
G 6 0 3 -1
G 7 0 5 3
G 8 2 3 3
G 9 0 5 2
G 10 2 3 2
G 11 0 5 1
G 12 2 3 1
G 13 0 5 0
G 14 2 3 0
G 15 0 5 5
G 16 0 5 4
G 17 0 5 -3
G 18 2 3 -3
G 19 0 5 -4
G 20 0 5 -2
G 21 2 3 -2
G 22 0 5 -5
G 23 0 5 -1
G 24 2 3 -1
G 25 0 7 3
G 26 2 5 3
G 27 4 3 3
G 28 0 7 2
G 29 2 5 2
G 30 4 3 2
G 31 0 7 1
G 32 0 7 7
G 33 2 5 1
G 34 4 3 1
G 35 0 7 0
G 36 0 7 6
G 37 2 5 0
G 38 4 3 0
G 39 0 7 5
G 40 2 5 5
G 41 0 7 4
G 42 2 5 4
G 43 0 7 -3
G 44 2 5 -3
G 45 4 3 -3
G 46 0 7 -4
G 47 0 7 -2
G 48 2 5 -4
G 49 2 5 -2
G 50 4 3 -2
G 51 0 7 -5
G 52 0 7 -1
G 53 2 5 -5
G 54 2 5 -1
G 55 4 3 -1
G 56 0 7 -6
G 57 0 7 -7
G 58 0 9 3
G 59 0 9 9
G 60 2 7 3
G 61 4 5 3
G 62 6 3 3
G 63 0 9 2
G 64 0 9 8
G 65 2 7 2
G 66 4 5 2
G 67 6 3 2
G 68 0 9 1
G 69 0 9 7
G 70 2 7 1
G 71 2 7 7
G 72 4 5 1
G 73 6 3 1
G 74 0 9 0
G 75 0 9 6
G 76 2 7 0
G 77 2 7 6
G 78 4 5 0
G 79 6 3 0
G 80 0 9 5
G 81 2 7 5
G 82 4 5 5
G 83 0 9 4
G 84 2 7 4
G 85 4 5 4
G 86 0 9 -3
G 87 2 7 -3
G 88 4 5 -3
G 89 6 3 -3
G 90 0 9 -4
G 91 0 9 -2
G 92 2 7 -4
G 93 2 7 -2
G 94 4 5 -4
G 95 4 5 -2
G 96 6 3 -2
G 97 0 9 -5
G 98 0 9 -1
G 99 2 7 -5
G 100 2 7 -1
G 101 4 5 -5
G 102 4 5 -1
G 103 6 3 -1
G 104 0 9 -6
G 105 2 7 -6
G 106 0 9 -7
G 107 2 7 -7
G 108 0 9 -8
G 109 0 9 -9

# TABLE <l> <l'> <rows> [SYMMETRIC]
# ROW <m> <m'> <terms>
# T <prefactor> <num> <den> <radicand> <geometry> <boys order>

TABLE 3 6 91
ROW -3 -6 11
T 0  15 8 462  0  6
T 1  5 8 66  7  7
T 1  -5 4 462  8  7
T 2  9 286 55  25  8
T 2  -5 26 66  26  8
T 2  5 22 462  27  8
T 3  1 442 2  58  9
T 3  1 221 9282  59  9
T 3  -9 2431 55  60  9
T 3  1 78 66  61  9
T 3  -5 429 462  62  9
ROW -3 -5 11
T 0  15 8 231  1  6
T 1  5 4 33  9  7
T 1  -5 4 231  10  7
T 2  15 572 330  28  8
T 2  -5 13 33  29  8
T 2  5 22 231  30  8
T 3  1 442 14  63  9
T 3  2 221 1547  64  9
T 3  -15 4862 330  65  9
T 3  1 39 33  66  9
T 3  -5 429 231  67  9
ROW -3 -4 13
T 0  15 8 105  2  6
T 1  5 4 42  11  7
T 1  -5 4 105  12  7
T 2  135 572 10  31  8
T 2  3 572 30030  32  8
T 2  -5 13 42  33  8
T 2  5 22 105  34  8
T 3  1 221 14  68  9
T 3  2 221 1001  69  9
T 3  -135 4862 10  70  9
T 3  -3 4862 30030  71  9
T 3  1 39 42  72  9
T 3  -5 429 105  73  9
ROW -3 -3 13
T 0  15 4 21  3  6
T 1  5 2 21  13  7
T 1  -5 2 21  14  7
T 2  45 143 21  35  8
T 2  45 572 286  36  8
T 2  -10 13 21  37  8
T 2  5 11 21  38  8
T 3  2 221 21  74  9
T 3  1 442 10010  75  9
T 3  -90 2431 21  76  9
T 3  -45 4862 286  77  9
T 3  2 39 21  78  9
T 3  -10 429 21  79  9
ROW -3 -2 16
T 0  -15 8 14  2  6
T 1  -5 4 35  11  7
T 1  5 8 6  15  7
T 1  5 4 14  12  7
T 2  -105 143 3  31  8
T 2  135 286 11  39  8
T 2  5 13 35  33  8
T 2  -5 26 6  40  8
T 2  -5 22 14  34  8
T 3  -1 221 105  68  9
T 3  1 442 6006  80  9
T 3  210 2431 3  70  9
T 3  -135 2431 11  81  9
T 3  -1 39 35  72  9
T 3  1 78 6  82  9
T 3  5 429 14  73  9
ROW -3 -1 16
T 0  15 16 14  1  6
T 1  35 8 2  9  7
T 1  5 4 6  16  7
T 1  -5 8 14  10  7
T 2  189 286 5  28  8
T 2  45 286 110  41  8
T 2  -35 26 2  29  8
T 2  -5 13 6  42  8
T 2  5 44 14  30  8
T 3  1 221 231  63  9
T 3  1 221 858  83  9
T 3  -189 2431 5  65  9
T 3  -45 2431 110  84  9
T 3  7 78 2  66  9
T 3  1 39 6  85  9
T 3  -5 858 14  67  9
ROW -3 0 10
T 0  -15 8 1  4  6
T 1  -5 2 7  17  7
T 1  5 4 1  18  7
T 2  -45 286 210  43  8
T 2  10 13 7  44  8
T 2  -5 22 1  45  8
T 3  -2 221 231  86  9
T 3  45 2431 210  87  9
T 3  -2 39 7  88  9
T 3  5 429 1  89  9
ROW -3 1 16
T 0  15 16 14  5  6
T 1  -5 4 6  19  7
T 1  35 8 2  20  7
T 1  -5 8 14  21  7
T 2  -45 286 110  46  8
T 2  189 286 5  47  8
T 2  5 13 6  48  8
T 2  -35 26 2  49  8
T 2  5 44 14  50  8
T 3  -1 221 858  90  9
T 3  1 221 231  91  9
T 3  45 2431 110  92  9
T 3  -189 2431 5  93  9
T 3  -1 39 6  94  9
T 3  7 78 2  95  9
T 3  -5 858 14  96  9
ROW -3 2 16
T 0  -15 8 14  6  6
T 1  -5 8 6  22  7
T 1  -5 4 35  23  7
T 1  5 4 14  24  7
T 2  -135 286 11  51  8
T 2  -105 143 3  52  8
T 2  5 26 6  53  8
T 2  5 13 35  54  8
T 2  -5 22 14  55  8
T 3  -1 442 6006  97  9
T 3  -1 221 105  98  9
T 3  135 2431 11  99  9
T 3  210 2431 3  100  9
T 3  -1 78 6  101  9
T 3  -1 39 35  102  9
T 3  5 429 14  103  9
ROW -3 3 3
T 2  -45 572 286  56  8
T 3  -1 442 10010  104  9
T 3  45 4862 286  105  9
ROW -3 4 13
T 0  -15 8 105  6  6
T 1  -5 4 42  23  7
T 1  5 4 105  24  7
T 2  -3 572 30030  57  8
T 2  -135 572 10  52  8
T 2  5 13 42  54  8
T 2  -5 22 105  55  8
T 3  -2 221 1001  106  9
T 3  -1 221 14  98  9
T 3  3 4862 30030  107  9
T 3  135 4862 10  100  9
T 3  -1 39 42  102  9
T 3  5 429 105  103  9
ROW -3 5 11
T 0  -15 8 231  5  6
T 1  -5 4 33  20  7
T 1  5 4 231  21  7
T 2  -15 572 330  47  8
T 2  5 13 33  49  8
T 2  -5 22 231  50  8
T 3  -2 221 1547  108  9
T 3  -1 442 14  91  9
T 3  15 4862 330  93  9
T 3  -1 39 33  95  9
T 3  5 429 231  96  9
ROW -3 6 11
T 0  -15 8 462  4  6
T 1  -5 8 66  17  7
T 1  5 4 462  18  7
T 2  -9 286 55  43  8
T 2  5 26 66  44  8
T 2  -5 22 462  45  8
T 3  -1 221 9282  109  9
T 3  -1 442 2  86  9
T 3  9 2431 55  87  9
T 3  -1 78 66  88  9
T 3  5 429 462  89  9
ROW -2 -6 7
T 1  -15 8 22  16  7
T 2  -3 26 30  41  8
T 2  15 26 22  42  8
T 3  -1 442 26  83  9
T 3  1 221 3094  64  9
T 3  3 221 30  84  9
T 3  -1 26 22  85  9
ROW -2 -5 13
T 0  15 8 231  0  6
T 1  -5 4 33  7  7
T 1  -5 4 231  8  7
T 2  -57 572 110  25  8
T 2  -3 52 910  32  8
T 2  5 13 33  26  8
T 2  5 22 231  27  8
T 3  -6 221 1  58  9
T 3  4 221 273  69  9
T 3  57 4862 110  60  9
T 3  3 442 910  71  9
T 3  -1 39 33  61  9
T 3  -5 429 231  62  9
ROW -2 -4 13
T 0  45 4 7  1  6
T 1  -15 4 1  9  7
T 1  -15 2 7  10  7
T 2  -60 143 10  28  8
T 2  -6 143 1430  36  8
T 2  15 13 1  29  8
T 2  15 11 7  30  8
T 3  -1 442 462  63  9
T 3  3 442 2002  75  9
T 3  120 2431 10  65  9
T 3  12 2431 1430  77  9
T 3  -1 13 1  66  9
T 3  -10 143 7  67  9
ROW -2 -3 13
T 0  45 8 21  2  6
T 1  -15 4 1  15  7
T 1  -15 4 21  12  7
T 2  -45 44 2  31  8
T 2  -75 572 66  39  8
T 2  15 13 1  40  8
T 2  15 22 21  34  8
T 3  -2 221 70  68  9
T 3  2 221 1001  80  9
T 3  45 374 2  70  9
T 3  75 4862 66  81  9
T 3  -1 13 1  82  9
T 3  -5 143 21  73  9
ROW -2 -2 16
T 0  15 2 14  3  6
T 1  5 4 14  13  7
T 1  -15 8 10  16  7
T 1  -5 1 14  14  7
T 2  -75 143 14  35  8
T 2  -15 286 66  41  8
T 2  -5 13 14  37  8
T 2  15 26 10  42  8
T 2  10 11 14  38  8
T 3  -9 221 14  74  9
T 3  3 442 1430  83  9
T 3  150 2431 14  76  9
T 3  15 2431 66  84  9
T 3  1 39 14  78  9
T 3  -1 26 10  85  9
T 3  -20 429 14  79  9
ROW -2 -1 20
T 0  -15 16 210  2  6
T 0  -15 16 14  0  6
T 1  -5 4 21  11  7
T 1  -5 1 2  7  7
T 1  5 8 210  12  7
T 1  5 8 14  8  7
T 2  147 286 5  31  8
T 2  15 286 15  25  8
T 2  5 13 21  33  8
T 2  20 13 2  26  8
T 2  -5 44 210  34  8
T 2  -5 44 14  27  8
T 3  12 221 7  68  9
T 3  6 221 66  58  9
T 3  -147 2431 5  70  9
T 3  -15 2431 15  60  9
T 3  -1 39 21  72  9
T 3  -4 39 2  61  9
T 3  5 858 210  73  9
T 3  5 858 14  62  9
ROW -2 0 10
T 0  45 4 1  5  6
T 1  15 4 7  20  7
T 1  -15 2 1  21  7
T 2  -18 143 70  47  8
T 2  -15 13 7  49  8
T 2  15 11 1  50  8
T 3  -7 221 66  91  9
T 3  36 2431 70  93  9
T 3  1 13 7  95  9
T 3  -10 143 1  96  9
ROW -2 1 20
T 0  15 16 14  4  6
T 0  -15 16 210  6  6
T 1  5 1 2  17  7
T 1  -5 4 21  23  7
T 1  -5 8 14  18  7
T 1  5 8 210  24  7
T 2  -15 286 15  43  8
T 2  147 286 5  52  8
T 2  -20 13 2  44  8
T 2  5 13 21  54  8
T 2  5 44 14  45  8
T 2  -5 44 210  55  8
T 3  -6 221 66  86  9
T 3  12 221 7  98  9
T 3  15 2431 15  87  9
T 3  -147 2431 5  100  9
T 3  4 39 2  88  9
T 3  -1 39 21  102  9
T 3  -5 858 14  89  9
T 3  5 858 210  103  9
ROW -2 2 6
T 1  15 8 10  19  7
T 2  15 286 66  46  8
T 2  -15 26 10  48  8
T 3  -3 442 1430  90  9
T 3  -15 2431 66  92  9
T 3  1 26 10  94  9
ROW -2 3 13
T 0  -45 8 21  6  6
T 1  15 4 1  22  7
T 1  15 4 21  24  7
T 2  75 572 66  51  8
T 2  45 44 2  52  8
T 2  -15 13 1  53  8
T 2  -15 22 21  55  8
T 3  -2 221 1001  97  9
T 3  2 221 70  98  9
T 3  -75 4862 66  99  9
T 3  -45 374 2  100  9
T 3  1 13 1  101  9
T 3  5 143 21  103  9
ROW -2 4 13
T 0  -45 4 7  5  6
T 1  15 4 1  20  7
T 1  15 2 7  21  7
T 2  6 143 1430  56  8
T 2  60 143 10  47  8
T 2  -15 13 1  49  8
T 2  -15 11 7  50  8
T 3  -3 442 2002  104  9
T 3  1 442 462  91  9
T 3  -12 2431 1430  105  9
T 3  -120 2431 10  93  9
T 3  1 13 1  95  9
T 3  10 143 7  96  9
ROW -2 5 13
T 0  -15 8 231  4  6
T 1  5 4 33  17  7
T 1  5 4 231  18  7
T 2  3 52 910  57  8
T 2  57 572 110  43  8
T 2  -5 13 33  44  8
T 2  -5 22 231  45  8
T 3  -4 221 273  106  9
T 3  6 221 1  86  9
T 3  -3 442 910  107  9
T 3  -57 4862 110  87  9
T 3  1 39 33  88  9
T 3  5 429 231  89  9
ROW -2 6 7
T 1  15 8 22  19  7
T 2  3 26 30  46  8
T 2  -15 26 22  48  8
T 3  -1 221 3094  108  9
T 3  1 442 26  90  9
T 3  -3 221 30  92  9
T 3  1 26 22  94  9
ROW -1 -6 9
T 1  15 8 22  15  7
T 2  9 13 3  39  8
T 2  3 26 273  32  8
T 2  -15 26 22  40  8
T 3  1 442 182  80  9
T 3  1 221 910  69  9
T 3  -18 221 3  81  9
T 3  -3 221 273  71  9
T 3  1 26 22  82  9
ROW -1 -5 6
T 2  3 2 1  41  8
T 2  3 52 26  36  8
T 3  1 221 195  83  9
T 3  3 442 910  75  9
T 3  -3 17 1  84  9
T 3  -3 442 26  77  9
ROW -1 -4 16
T 0  15 8 105  0  6
T 1  -5 4 15  7  7
T 1  15 4 3  15  7
T 1  -5 4 105  8  7
T 2  573 572 2  25  8
T 2  -87 572 22  39  8
T 2  5 13 15  26  8
T 2  -15 13 3  40  8
T 2  5 22 105  27  8
T 3  3 221 55  58  9
T 3  1 221 3003  80  9
T 3  -573 4862 2  60  9
T 3  87 4862 22  81  9
T 3  -1 39 15  61  9
T 3  1 13 3  82  9
T 3  -5 429 105  62  9
ROW -1 -3 16
T 0  45 8 21  1  6
T 1  -15 4 3  9  7
T 1  15 2 1  16  7
T 1  -15 4 21  10  7
T 2  111 572 30  28  8
T 2  -27 286 165  41  8
T 2  15 13 3  29  8
T 2  -30 13 1  42  8
T 2  15 22 21  30  8
T 3  5 442 154  63  9
T 3  5 221 143  83  9
T 3  -111 4862 30  65  9
T 3  27 2431 165  84  9
T 3  -1 13 3  66  9
T 3  2 13 1  85  9
T 3  -5 143 21  67  9
ROW -1 -2 20
T 0  15 8 210  2  6
T 0  15 8 14  0  6
T 1  -5 4 21  11  7
T 1  35 8 2  7  7
T 1  -5 4 210  12  7
T 1  -5 4 14  8  7
T 2  69 286 5  31  8
T 2  -48 143 15  25  8
T 2  5 13 21  33  8
T 2  -35 26 2  26  8
T 2  5 22 210  34  8
T 2  5 22 14  27  8
T 3  15 221 7  68  9
T 3  15 442 66  58  9
T 3  -69 2431 5  70  9
T 3  96 2431 15  60  9
T 3  -1 39 21  72  9
T 3  7 78 2  61  9
T 3  -5 429 210  73  9
T 3  -5 429 14  62  9
ROW -1 -1 20
T 0  75 8 14  3  6
T 0  15 16 210  1  6
T 1  -5 4 14  13  7
T 1  5 8 30  9  7
T 1  -25 4 14  14  7
T 1  -5 8 210  10  7
T 2  -3 143 14  35  8
T 2  -177 286 3  28  8
T 2  5 13 14  37  8
T 2  -5 26 30  29  8
T 2  25 22 14  38  8
T 2  5 44 210  30  8
T 3  18 221 14  74  9
T 3  3 221 385  63  9
T 3  6 2431 14  76  9
T 3  177 2431 3  65  9
T 3  -1 39 14  78  9
T 3  1 78 30  66  9
T 3  -25 429 14  79  9
T 3  -5 858 210  67  9
ROW -1 0 7
T 0  -225 8 1  6  6
T 1  75 4 1  24  7
T 2  3 22 42  52  8
T 2  -75 22 1  55  8
T 3  -14 221 30  98  9
T 3  -3 187 42  100  9
T 3  25 143 1  103  9
ROW -1 1 10
T 0  -15 16 210  5  6
T 1  -5 8 30  20  7
T 1  5 8 210  21  7
T 2  177 286 3  47  8
T 2  5 26 30  49  8
T 2  -5 44 210  50  8
T 3  -3 221 385  91  9
T 3  -177 2431 3  93  9
T 3  -1 78 30  95  9
T 3  5 858 210  96  9
ROW -1 2 20
T 0  -15 8 14  4  6
T 0  -15 8 210  6  6
T 1  -35 8 2  17  7
T 1  5 4 21  23  7
T 1  5 4 14  18  7
T 1  5 4 210  24  7
T 2  48 143 15  43  8
T 2  -69 286 5  52  8
T 2  35 26 2  44  8
T 2  -5 13 21  54  8
T 2  -5 22 14  45  8
T 2  -5 22 210  55  8
T 3  -15 442 66  86  9
T 3  -15 221 7  98  9
T 3  -96 2431 15  87  9
T 3  69 2431 5  100  9
T 3  -7 78 2  88  9
T 3  1 39 21  102  9
T 3  5 429 14  89  9
T 3  5 429 210  103  9
ROW -1 3 16
T 0  -45 8 21  5  6
T 1  -15 2 1  19  7
T 1  15 4 3  20  7
T 1  15 4 21  21  7
T 2  27 286 165  46  8
T 2  -111 572 30  47  8
T 2  30 13 1  48  8
T 2  -15 13 3  49  8
T 2  -15 22 21  50  8
T 3  -5 221 143  90  9
T 3  -5 442 154  91  9
T 3  -27 2431 165  92  9
T 3  111 4862 30  93  9
T 3  -2 13 1  94  9
T 3  1 13 3  95  9
T 3  5 143 21  96  9
ROW -1 4 16
T 0  -15 8 105  4  6
T 1  -15 4 3  22  7
T 1  5 4 15  17  7
T 1  5 4 105  18  7
T 2  87 572 22  51  8
T 2  -573 572 2  43  8
T 2  15 13 3  53  8
T 2  -5 13 15  44  8
T 2  -5 22 105  45  8
T 3  -1 221 3003  97  9
T 3  -3 221 55  86  9
T 3  -87 4862 22  99  9
T 3  573 4862 2  87  9
T 3  -1 13 3  101  9
T 3  1 39 15  88  9
T 3  5 429 105  89  9
ROW -1 5 6
T 2  -3 52 26  56  8
T 2  -3 2 1  46  8
T 3  -3 442 910  104  9
T 3  -1 221 195  90  9
T 3  3 442 26  105  9
T 3  3 17 1  92  9
ROW -1 6 9
T 1  -15 8 22  22  7
T 2  -3 26 273  57  8
T 2  -9 13 3  51  8
T 2  15 26 22  53  8
T 3  -1 221 910  106  9
T 3  -1 442 182  97  9
T 3  3 221 273  107  9
T 3  18 221 3  99  9
T 3  -1 26 22  101  9
ROW 0 -6 3
T 2  -9 13 13  56  8
T 3  -1 221 455  104  9
T 3  18 221 13  105  9
ROW 0 -5 6
T 1  15 4 11  22  7
T 2  -21 26 6  51  8
T 2  -15 13 11  53  8
T 3  -4 221 91  97  9
T 3  21 221 6  99  9
T 3  1 13 11  101  9
ROW 0 -4 6
T 1  15 4 5  19  7
T 2  -24 143 33  46  8
T 2  -15 13 5  48  8
T 3  -2 221 715  90  9
T 3  48 2431 33  92  9
T 3  1 13 5  94  9
ROW 0 -3 10
T 0  15 4 21  4  6
T 1  5 4 3  17  7
T 1  -5 2 21  18  7
T 2  9 286 10  43  8
T 2  -5 13 3  44  8
T 2  5 11 21  45  8
T 3  -20 221 11  86  9
T 3  -9 2431 10  87  9
T 3  1 39 3  88  9
T 3  -10 429 21  89  9
ROW 0 -2 10
T 0  15 2 14  5  6
T 1  -5 2 2  20  7
T 1  -5 1 14  21  7
T 2  63 143 5  47  8
T 2  10 13 2  49  8
T 2  10 11 14  50  8
T 3  -5 221 231  91  9
T 3  -126 2431 5  93  9
T 3  -2 39 2  95  9
T 3  -20 429 14  96  9
ROW 0 -1 10
T 0  75 8 14  6  6
T 1  -5 4 35  23  7
T 1  -25 4 14  24  7
T 2  129 143 3  52  8
T 2  5 13 35  54  8
T 2  25 22 14  55  8
T 3  -8 221 105  98  9
T 3  -258 2431 3  100  9
T 3  -1 39 35  102  9
T 3  -25 429 14  103  9
ROW 0 0 10
T 0  75 2 1  3  6
T 1  -35 4 1  13  7
T 1  -25 1 1  14  7
T 2  252 143 1  35  8
T 2  35 13 1  37  8
T 2  50 11 1  38  8
T 3  -84 221 1  74  9
T 3  -504 2431 1  76  9
T 3  -7 39 1  78  9
T 3  -100 429 1  79  9
ROW 0 1 10
T 0  75 8 14  2  6
T 1  -5 4 35  11  7
T 1  -25 4 14  12  7
T 2  129 143 3  31  8
T 2  5 13 35  33  8
T 2  25 22 14  34  8
T 3  -8 221 105  68  9
T 3  -258 2431 3  70  9
T 3  -1 39 35  72  9
T 3  -25 429 14  73  9
ROW 0 2 10
T 0  15 2 14  1  6
T 1  -5 2 2  9  7
T 1  -5 1 14  10  7
T 2  63 143 5  28  8
T 2  10 13 2  29  8
T 2  10 11 14  30  8
T 3  -5 221 231  63  9
T 3  -126 2431 5  65  9
T 3  -2 39 2  66  9
T 3  -20 429 14  67  9
ROW 0 3 10
T 0  15 4 21  0  6
T 1  5 4 3  7  7
T 1  -5 2 21  8  7
T 2  9 286 10  25  8
T 2  -5 13 3  26  8
T 2  5 11 21  27  8
T 3  -20 221 11  58  9
T 3  -9 2431 10  60  9
T 3  1 39 3  61  9
T 3  -10 429 21  62  9
ROW 0 4 6
T 1  15 4 5  16  7
T 2  -24 143 33  41  8
T 2  -15 13 5  42  8
T 3  -2 221 715  83  9
T 3  48 2431 33  84  9
T 3  1 13 5  85  9
ROW 0 5 6
T 1  15 4 11  15  7
T 2  -21 26 6  39  8
T 2  -15 13 11  40  8
T 3  -4 221 91  80  9
T 3  21 221 6  81  9
T 3  1 13 11  82  9
ROW 0 6 3
T 2  -9 13 13  36  8
T 3  -1 221 455  75  9
T 3  18 221 13  77  9
ROW 1 -6 9
T 1  15 8 22  22  7
T 2  -3 26 273  57  8
T 2  9 13 3  51  8
T 2  -15 26 22  53  8
T 3  -1 221 910  106  9
T 3  1 442 182  97  9
T 3  3 221 273  107  9
T 3  -18 221 3  99  9
T 3  1 26 22  101  9
ROW 1 -5 6
T 2  -3 52 26  56  8
T 2  3 2 1  46  8
T 3  -3 442 910  104  9
T 3  1 221 195  90  9
T 3  3 442 26  105  9
T 3  -3 17 1  92  9
ROW 1 -4 16
T 0  15 8 105  4  6
T 1  -15 4 3  22  7
T 1  -5 4 15  17  7
T 1  -5 4 105  18  7
T 2  87 572 22  51  8
T 2  573 572 2  43  8
T 2  15 13 3  53  8
T 2  5 13 15  44  8
T 2  5 22 105  45  8
T 3  -1 221 3003  97  9
T 3  3 221 55  86  9
T 3  -87 4862 22  99  9
T 3  -573 4862 2  87  9
T 3  -1 13 3  101  9
T 3  -1 39 15  88  9
T 3  -5 429 105  89  9
ROW 1 -3 16
T 0  45 8 21  5  6
T 1  -15 2 1  19  7
T 1  -15 4 3  20  7
T 1  -15 4 21  21  7
T 2  27 286 165  46  8
T 2  111 572 30  47  8
T 2  30 13 1  48  8
T 2  15 13 3  49  8
T 2  15 22 21  50  8
T 3  -5 221 143  90  9
T 3  5 442 154  91  9
T 3  -27 2431 165  92  9
T 3  -111 4862 30  93  9
T 3  -2 13 1  94  9
T 3  -1 13 3  95  9
T 3  -5 143 21  96  9
ROW 1 -2 20
T 0  -15 8 14  4  6
T 0  15 8 210  6  6
T 1  -35 8 2  17  7
T 1  -5 4 21  23  7
T 1  5 4 14  18  7
T 1  -5 4 210  24  7
T 2  48 143 15  43  8
T 2  69 286 5  52  8
T 2  35 26 2  44  8
T 2  5 13 21  54  8
T 2  -5 22 14  45  8
T 2  5 22 210  55  8
T 3  -15 442 66  86  9
T 3  15 221 7  98  9
T 3  -96 2431 15  87  9
T 3  -69 2431 5  100  9
T 3  -7 78 2  88  9
T 3  -1 39 21  102  9
T 3  5 429 14  89  9
T 3  -5 429 210  103  9
ROW 1 -1 10
T 0  -15 16 210  5  6
T 1  -5 8 30  20  7
T 1  5 8 210  21  7
T 2  177 286 3  47  8
T 2  5 26 30  49  8
T 2  -5 44 210  50  8
T 3  -3 221 385  91  9
T 3  -177 2431 3  93  9
T 3  -1 78 30  95  9
T 3  5 858 210  96  9
ROW 1 0 7
T 0  -225 8 1  2  6
T 1  75 4 1  12  7
T 2  3 22 42  31  8
T 2  -75 22 1  34  8
T 3  -14 221 30  68  9
T 3  -3 187 42  70  9
T 3  25 143 1  73  9
ROW 1 1 20
T 0  75 8 14  3  6
T 0  -15 16 210  1  6
T 1  -5 4 14  13  7
T 1  -5 8 30  9  7
T 1  -25 4 14  14  7
T 1  5 8 210  10  7
T 2  -3 143 14  35  8
T 2  177 286 3  28  8
T 2  5 13 14  37  8
T 2  5 26 30  29  8
T 2  25 22 14  38  8
T 2  -5 44 210  30  8
T 3  18 221 14  74  9
T 3  -3 221 385  63  9
T 3  6 2431 14  76  9
T 3  -177 2431 3  65  9
T 3  -1 39 14  78  9
T 3  -1 78 30  66  9
T 3  -25 429 14  79  9
T 3  5 858 210  67  9
ROW 1 2 20
T 0  15 8 210  2  6
T 0  -15 8 14  0  6
T 1  -5 4 21  11  7
T 1  -35 8 2  7  7
T 1  -5 4 210  12  7
T 1  5 4 14  8  7
T 2  69 286 5  31  8
T 2  48 143 15  25  8
T 2  5 13 21  33  8
T 2  35 26 2  26  8
T 2  5 22 210  34  8
T 2  -5 22 14  27  8
T 3  15 221 7  68  9
T 3  -15 442 66  58  9
T 3  -69 2431 5  70  9
T 3  -96 2431 15  60  9
T 3  -1 39 21  72  9
T 3  -7 78 2  61  9
T 3  -5 429 210  73  9
T 3  5 429 14  62  9
ROW 1 3 16
T 0  45 8 21  1  6
T 1  -15 4 3  9  7
T 1  -15 2 1  16  7
T 1  -15 4 21  10  7
T 2  111 572 30  28  8
T 2  27 286 165  41  8
T 2  15 13 3  29  8
T 2  30 13 1  42  8
T 2  15 22 21  30  8
T 3  5 442 154  63  9
T 3  -5 221 143  83  9
T 3  -111 4862 30  65  9
T 3  -27 2431 165  84  9
T 3  -1 13 3  66  9
T 3  -2 13 1  85  9
T 3  -5 143 21  67  9
ROW 1 4 16
T 0  15 8 105  0  6
T 1  -5 4 15  7  7
T 1  -15 4 3  15  7
T 1  -5 4 105  8  7
T 2  573 572 2  25  8
T 2  87 572 22  39  8
T 2  5 13 15  26  8
T 2  15 13 3  40  8
T 2  5 22 105  27  8
T 3  3 221 55  58  9
T 3  -1 221 3003  80  9
T 3  -573 4862 2  60  9
T 3  -87 4862 22  81  9
T 3  -1 39 15  61  9
T 3  -1 13 3  82  9
T 3  -5 429 105  62  9
ROW 1 5 6
T 2  3 2 1  41  8
T 2  -3 52 26  36  8
T 3  1 221 195  83  9
T 3  -3 442 910  75  9
T 3  -3 17 1  84  9
T 3  3 442 26  77  9
ROW 1 6 9
T 1  15 8 22  15  7
T 2  9 13 3  39  8
T 2  -3 26 273  32  8
T 2  -15 26 22  40  8
T 3  1 442 182  80  9
T 3  -1 221 910  69  9
T 3  -18 221 3  81  9
T 3  3 221 273  71  9
T 3  1 26 22  82  9
ROW 2 -6 7
T 1  -15 8 22  19  7
T 2  -3 26 30  46  8
T 2  15 26 22  48  8
T 3  -1 221 3094  108  9
T 3  -1 442 26  90  9
T 3  3 221 30  92  9
T 3  -1 26 22  94  9
ROW 2 -5 13
T 0  15 8 231  4  6
T 1  -5 4 33  17  7
T 1  -5 4 231  18  7
T 2  3 52 910  57  8
T 2  -57 572 110  43  8
T 2  5 13 33  44  8
T 2  5 22 231  45  8
T 3  -4 221 273  106  9
T 3  -6 221 1  86  9
T 3  -3 442 910  107  9
T 3  57 4862 110  87  9
T 3  -1 39 33  88  9
T 3  -5 429 231  89  9
ROW 2 -4 13
T 0  45 4 7  5  6
T 1  -15 4 1  20  7
T 1  -15 2 7  21  7
T 2  6 143 1430  56  8
T 2  -60 143 10  47  8
T 2  15 13 1  49  8
T 2  15 11 7  50  8
T 3  -3 442 2002  104  9
T 3  -1 442 462  91  9
T 3  -12 2431 1430  105  9
T 3  120 2431 10  93  9
T 3  -1 13 1  95  9
T 3  -10 143 7  96  9
ROW 2 -3 13
T 0  45 8 21  6  6
T 1  15 4 1  22  7
T 1  -15 4 21  24  7
T 2  75 572 66  51  8
T 2  -45 44 2  52  8
T 2  -15 13 1  53  8
T 2  15 22 21  55  8
T 3  -2 221 1001  97  9
T 3  -2 221 70  98  9
T 3  -75 4862 66  99  9
T 3  45 374 2  100  9
T 3  1 13 1  101  9
T 3  -5 143 21  103  9
ROW 2 -2 6
T 1  15 8 10  19  7
T 2  15 286 66  46  8
T 2  -15 26 10  48  8
T 3  -3 442 1430  90  9
T 3  -15 2431 66  92  9
T 3  1 26 10  94  9
ROW 2 -1 20
T 0  15 16 14  4  6
T 0  15 16 210  6  6
T 1  5 1 2  17  7
T 1  5 4 21  23  7
T 1  -5 8 14  18  7
T 1  -5 8 210  24  7
T 2  -15 286 15  43  8
T 2  -147 286 5  52  8
T 2  -20 13 2  44  8
T 2  -5 13 21  54  8
T 2  5 44 14  45  8
T 2  5 44 210  55  8
T 3  -6 221 66  86  9
T 3  -12 221 7  98  9
T 3  15 2431 15  87  9
T 3  147 2431 5  100  9
T 3  4 39 2  88  9
T 3  1 39 21  102  9
T 3  -5 858 14  89  9
T 3  -5 858 210  103  9
ROW 2 0 10
T 0  45 4 1  1  6
T 1  15 4 7  9  7
T 1  -15 2 1  10  7
T 2  -18 143 70  28  8
T 2  -15 13 7  29  8
T 2  15 11 1  30  8
T 3  -7 221 66  63  9
T 3  36 2431 70  65  9
T 3  1 13 7  66  9
T 3  -10 143 1  67  9
ROW 2 1 20
T 0  -15 16 210  2  6
T 0  15 16 14  0  6
T 1  -5 4 21  11  7
T 1  5 1 2  7  7
T 1  5 8 210  12  7
T 1  -5 8 14  8  7
T 2  147 286 5  31  8
T 2  -15 286 15  25  8
T 2  5 13 21  33  8
T 2  -20 13 2  26  8
T 2  -5 44 210  34  8
T 2  5 44 14  27  8
T 3  12 221 7  68  9
T 3  -6 221 66  58  9
T 3  -147 2431 5  70  9
T 3  15 2431 15  60  9
T 3  -1 39 21  72  9
T 3  4 39 2  61  9
T 3  5 858 210  73  9
T 3  -5 858 14  62  9
ROW 2 2 16
T 0  15 2 14  3  6
T 1  5 4 14  13  7
T 1  15 8 10  16  7
T 1  -5 1 14  14  7
T 2  -75 143 14  35  8
T 2  15 286 66  41  8
T 2  -5 13 14  37  8
T 2  -15 26 10  42  8
T 2  10 11 14  38  8
T 3  -9 221 14  74  9
T 3  -3 442 1430  83  9
T 3  150 2431 14  76  9
T 3  -15 2431 66  84  9
T 3  1 39 14  78  9
T 3  1 26 10  85  9
T 3  -20 429 14  79  9
ROW 2 3 13
T 0  45 8 21  2  6
T 1  15 4 1  15  7
T 1  -15 4 21  12  7
T 2  -45 44 2  31  8
T 2  75 572 66  39  8
T 2  -15 13 1  40  8
T 2  15 22 21  34  8
T 3  -2 221 70  68  9
T 3  -2 221 1001  80  9
T 3  45 374 2  70  9
T 3  -75 4862 66  81  9
T 3  1 13 1  82  9
T 3  -5 143 21  73  9
ROW 2 4 13
T 0  45 4 7  1  6
T 1  -15 4 1  9  7
T 1  -15 2 7  10  7
T 2  -60 143 10  28  8
T 2  6 143 1430  36  8
T 2  15 13 1  29  8
T 2  15 11 7  30  8
T 3  -1 442 462  63  9
T 3  -3 442 2002  75  9
T 3  120 2431 10  65  9
T 3  -12 2431 1430  77  9
T 3  -1 13 1  66  9
T 3  -10 143 7  67  9
ROW 2 5 13
T 0  15 8 231  0  6
T 1  -5 4 33  7  7
T 1  -5 4 231  8  7
T 2  -57 572 110  25  8
T 2  3 52 910  32  8
T 2  5 13 33  26  8
T 2  5 22 231  27  8
T 3  -6 221 1  58  9
T 3  -4 221 273  69  9
T 3  57 4862 110  60  9
T 3  -3 442 910  71  9
T 3  -1 39 33  61  9
T 3  -5 429 231  62  9
ROW 2 6 7
T 1  -15 8 22  16  7
T 2  -3 26 30  41  8
T 2  15 26 22  42  8
T 3  -1 442 26  83  9
T 3  -1 221 3094  64  9
T 3  3 221 30  84  9
T 3  -1 26 22  85  9
ROW 3 -6 11
T 0  15 8 462  4  6
T 1  5 8 66  17  7
T 1  -5 4 462  18  7
T 2  9 286 55  43  8
T 2  -5 26 66  44  8
T 2  5 22 462  45  8
T 3  -1 221 9282  109  9
T 3  1 442 2  86  9
T 3  -9 2431 55  87  9
T 3  1 78 66  88  9
T 3  -5 429 462  89  9
ROW 3 -5 11
T 0  15 8 231  5  6
T 1  5 4 33  20  7
T 1  -5 4 231  21  7
T 2  15 572 330  47  8
T 2  -5 13 33  49  8
T 2  5 22 231  50  8
T 3  -2 221 1547  108  9
T 3  1 442 14  91  9
T 3  -15 4862 330  93  9
T 3  1 39 33  95  9
T 3  -5 429 231  96  9
ROW 3 -4 13
T 0  15 8 105  6  6
T 1  5 4 42  23  7
T 1  -5 4 105  24  7
T 2  -3 572 30030  57  8
T 2  135 572 10  52  8
T 2  -5 13 42  54  8
T 2  5 22 105  55  8
T 3  -2 221 1001  106  9
T 3  1 221 14  98  9
T 3  3 4862 30030  107  9
T 3  -135 4862 10  100  9
T 3  1 39 42  102  9
T 3  -5 429 105  103  9
ROW 3 -3 3
T 2  -45 572 286  56  8
T 3  -1 442 10010  104  9
T 3  45 4862 286  105  9
ROW 3 -2 16
T 0  15 8 14  6  6
T 1  -5 8 6  22  7
T 1  5 4 35  23  7
T 1  -5 4 14  24  7
T 2  -135 286 11  51  8
T 2  105 143 3  52  8
T 2  5 26 6  53  8
T 2  -5 13 35  54  8
T 2  5 22 14  55  8
T 3  -1 442 6006  97  9
T 3  1 221 105  98  9
T 3  135 2431 11  99  9
T 3  -210 2431 3  100  9
T 3  -1 78 6  101  9
T 3  1 39 35  102  9
T 3  -5 429 14  103  9
ROW 3 -1 16
T 0  -15 16 14  5  6
T 1  -5 4 6  19  7
T 1  -35 8 2  20  7
T 1  5 8 14  21  7
T 2  -45 286 110  46  8
T 2  -189 286 5  47  8
T 2  5 13 6  48  8
T 2  35 26 2  49  8
T 2  -5 44 14  50  8
T 3  -1 221 858  90  9
T 3  -1 221 231  91  9
T 3  45 2431 110  92  9
T 3  189 2431 5  93  9
T 3  -1 39 6  94  9
T 3  -7 78 2  95  9
T 3  5 858 14  96  9
ROW 3 0 10
T 0  -15 8 1  0  6
T 1  -5 2 7  7  7
T 1  5 4 1  8  7
T 2  -45 286 210  25  8
T 2  10 13 7  26  8
T 2  -5 22 1  27  8
T 3  -2 221 231  58  9
T 3  45 2431 210  60  9
T 3  -2 39 7  61  9
T 3  5 429 1  62  9
ROW 3 1 16
T 0  15 16 14  1  6
T 1  35 8 2  9  7
T 1  -5 4 6  16  7
T 1  -5 8 14  10  7
T 2  189 286 5  28  8
T 2  -45 286 110  41  8
T 2  -35 26 2  29  8
T 2  5 13 6  42  8
T 2  5 44 14  30  8
T 3  1 221 231  63  9
T 3  -1 221 858  83  9
T 3  -189 2431 5  65  9
T 3  45 2431 110  84  9
T 3  7 78 2  66  9
T 3  -1 39 6  85  9
T 3  -5 858 14  67  9
ROW 3 2 16
T 0  -15 8 14  2  6
T 1  -5 4 35  11  7
T 1  -5 8 6  15  7
T 1  5 4 14  12  7
T 2  -105 143 3  31  8
T 2  -135 286 11  39  8
T 2  5 13 35  33  8
T 2  5 26 6  40  8
T 2  -5 22 14  34  8
T 3  -1 221 105  68  9
T 3  -1 442 6006  80  9
T 3  210 2431 3  70  9
T 3  135 2431 11  81  9
T 3  -1 39 35  72  9
T 3  -1 78 6  82  9
T 3  5 429 14  73  9
ROW 3 3 13
T 0  15 4 21  3  6
T 1  5 2 21  13  7
T 1  -5 2 21  14  7
T 2  45 143 21  35  8
T 2  -45 572 286  36  8
T 2  -10 13 21  37  8
T 2  5 11 21  38  8
T 3  2 221 21  74  9
T 3  -1 442 10010  75  9
T 3  -90 2431 21  76  9
T 3  45 4862 286  77  9
T 3  2 39 21  78  9
T 3  -10 429 21  79  9
ROW 3 4 13
T 0  15 8 105  2  6
T 1  5 4 42  11  7
T 1  -5 4 105  12  7
T 2  135 572 10  31  8
T 2  -3 572 30030  32  8
T 2  -5 13 42  33  8
T 2  5 22 105  34  8
T 3  1 221 14  68  9
T 3  -2 221 1001  69  9
T 3  -135 4862 10  70  9
T 3  3 4862 30030  71  9
T 3  1 39 42  72  9
T 3  -5 429 105  73  9
ROW 3 5 11
T 0  15 8 231  1  6
T 1  5 4 33  9  7
T 1  -5 4 231  10  7
T 2  15 572 330  28  8
T 2  -5 13 33  29  8
T 2  5 22 231  30  8
T 3  1 442 14  63  9
T 3  -2 221 1547  64  9
T 3  -15 4862 330  65  9
T 3  1 39 33  66  9
T 3  -5 429 231  67  9
ROW 3 6 11
T 0  15 8 462  0  6
T 1  5 8 66  7  7
T 1  -5 4 462  8  7
T 2  9 286 55  25  8
T 2  -5 26 66  26  8
T 2  5 22 462  27  8
T 3  1 442 2  58  9
T 3  -1 221 9282  59  9
T 3  -9 2431 55  60  9
T 3  1 78 66  61  9
T 3  -5 429 462  62  9
