FORMAT 2
KERNEL J
SOURCE (s|J|s)^(m)
SHELLS 2 3
ORDERS 3 5

# E <id> <alpha> <beta> <mu> <p>
E 0 1 0 0 -3
E 1 1 0 1 -3
E 2 1 0 2 -3

# G <id> <2k> <L> <M>
G 0 0 1 1
G 1 0 1 0
G 2 0 1 -1
G 3 0 3 1
G 4 2 1 1
G 5 0 3 0
G 6 2 1 0
G 7 0 3 3
G 8 0 3 -2
G 9 0 3 -3
G 10 0 3 -1
G 11 2 1 -1
G 12 0 3 2
G 13 0 5 1
G 14 0 5 5
G 15 2 3 1
G 16 4 1 1
G 17 0 5 0
G 18 0 5 4
G 19 2 3 0
G 20 4 1 0
G 21 0 5 3
G 22 2 3 3
G 23 0 5 -2
G 24 2 3 -2
G 25 0 5 -3
G 26 0 5 -1
G 27 2 3 -3
G 28 2 3 -1
G 29 4 1 -1
G 30 0 5 -4
G 31 0 5 -5
G 32 0 5 2
G 33 2 3 2

# TABLE <l> <l'> <rows> [SYMMETRIC]
# ROW <m> <m'> <terms>
# T <prefactor> <num> <den> <radicand> <geometry> <boys order>

TABLE 2 3 35
ROW -2 -3 7
T 0  3 8 30  0  3
T 1  3 10 5  3  4
T 1  -3 10 30  4  4
T 2  1 42 2  13  5
T 2  -1 21 105  14  5
T 2  -1 15 5  15  5
T 2  3 70 30  16  5
ROW -2 -2 7
T 0  3 4 5  1  3
T 1  3 5 5  5  4
T 1  -3 5 5  6  4
T 2  1 21 5  17  5
T 2  -1 7 7  18  5
T 2  -2 15 5  19  5
T 2  3 35 5  20  5
ROW -2 -1 9
T 0  -3 8 2  0  3
T 1  -3 5 3  3  4
T 1  -3 10 5  7  4
T 1  3 10 2  4  4
T 2  -1 42 30  13  5
T 2  -1 21 35  21  5
T 2  2 15 3  15  5
T 2  1 15 5  22  5
T 2  -3 70 2  16  5
ROW -2 0 3
T 1  3 5 5  8  4
T 2  1 21 35  23  5
T 2  -2 15 5  24  5
ROW -2 1 9
T 0  -3 8 2  2  3
T 1  3 10 5  9  4
T 1  -3 5 3  10  4
T 1  3 10 2  11  4
T 2  1 21 35  25  5
T 2  -1 42 30  26  5
T 2  -1 15 5  27  5
T 2  2 15 3  28  5
T 2  -3 70 2  29  5
ROW -2 2 1
T 2  1 7 7  30  5
ROW -2 3 7
T 0  -3 8 30  2  3
T 1  -3 10 5  10  4
T 1  3 10 30  11  4
T 2  1 21 105  31  5
T 2  -1 42 2  26  5
T 2  1 15 5  28  5
T 2  -3 70 30  29  5
ROW -1 -3 4
T 1  -3 4 2  12  4
T 2  -1 42 14  32  5
T 2  -1 21 42  18  5
T 2  1 6 2  33  5
ROW -1 -2 9
T 0  3 4 5  0  3
T 1  -3 20 30  3  4
T 1  3 4 2  7  4
T 1  -3 5 5  4  4
T 2  -2 21 3  13  5
T 2  -2 21 14  21  5
T 2  1 30 30  15  5
T 2  -1 6 2  22  5
T 2  3 35 5  16  5
ROW -1 -1 9
T 0  3 2 2  1  3
T 1  -3 10 2  5  4
T 1  3 20 30  12  4
T 1  -6 5 2  6  4
T 2  -5 21 2  17  5
T 2  -1 42 210  32  5
T 2  1 15 2  19  5
T 2  -1 30 30  33  5
T 2  6 35 2  20  5
ROW -1 0 6
T 0  -3 4 3  2  3
T 1  -3 10 2  10  4
T 1  3 5 3  11  4
T 2  4 21 5  26  5
T 2  1 15 2  28  5
T 2  -3 35 3  29  5
ROW -1 1 3
T 1  -3 20 30  8  4
T 2  1 42 210  23  5
T 2  1 30 30  24  5
ROW -1 2 9
T 0  -3 4 5  2  3
T 1  -3 4 2  9  4
T 1  3 20 30  10  4
T 1  3 5 5  11  4
T 2  2 21 14  25  5
T 2  2 21 3  26  5
T 2  1 6 2  27  5
T 2  -1 30 30  28  5
T 2  -3 35 5  29  5
ROW -1 3 4
T 1  3 4 2  8  4
T 2  1 21 42  30  5
T 2  1 42 14  23  5
T 2  -1 6 2  24  5
ROW 0 -3 3
T 1  3 2 1  9  4
T 2  2 21 7  25  5
T 2  -1 3 1  27  5
ROW 0 -2 1
T 2  1 7 7  23  5
ROW 0 -1 6
T 0  3 4 6  2  3
T 1  -9 10 1  10  4
T 1  -3 5 6  11  4
T 2  1 7 10  26  5
T 2  1 5 1  28  5
T 2  3 35 6  29  5
ROW 0 0 6
T 0  9 4 1  1  3
T 1  -6 5 1  5  4
T 1  -9 5 1  6  4
T 2  10 21 1  17  5
T 2  4 15 1  19  5
T 2  9 35 1  20  5
ROW 0 1 6
T 0  3 4 6  0  3
T 1  -9 10 1  3  4
T 1  -3 5 6  4  4
T 2  1 7 10  13  5
T 2  1 5 1  15  5
T 2  3 35 6  16  5
ROW 0 2 1
T 2  1 7 7  32  5
ROW 0 3 3
T 1  3 2 1  7  4
T 2  2 21 7  21  5
T 2  -1 3 1  22  5
ROW 1 -3 4
T 1  -3 4 2  8  4
T 2  1 21 42  30  5
T 2  -1 42 14  23  5
T 2  1 6 2  24  5
ROW 1 -2 9
T 0  3 4 5  2  3
T 1  -3 4 2  9  4
T 1  -3 20 30  10  4
T 1  -3 5 5  11  4
T 2  2 21 14  25  5
T 2  -2 21 3  26  5
T 2  1 6 2  27  5
T 2  1 30 30  28  5
T 2  3 35 5  29  5
ROW 1 -1 3
T 1  -3 20 30  8  4
T 2  1 42 210  23  5
T 2  1 30 30  24  5
ROW 1 0 6
T 0  -3 4 3  0  3
T 1  -3 10 2  3  4
T 1  3 5 3  4  4
T 2  4 21 5  13  5
T 2  1 15 2  15  5
T 2  -3 35 3  16  5
ROW 1 1 9
T 0  3 2 2  1  3
T 1  -3 10 2  5  4
T 1  -3 20 30  12  4
T 1  -6 5 2  6  4
T 2  -5 21 2  17  5
T 2  1 42 210  32  5
T 2  1 15 2  19  5
T 2  1 30 30  33  5
T 2  6 35 2  20  5
ROW 1 2 9
T 0  3 4 5  0  3
T 1  -3 20 30  3  4
T 1  -3 4 2  7  4
T 1  -3 5 5  4  4
T 2  -2 21 3  13  5
T 2  2 21 14  21  5
T 2  1 30 30  15  5
T 2  1 6 2  22  5
T 2  3 35 5  16  5
ROW 1 3 4
T 1  -3 4 2  12  4
T 2  -1 42 14  32  5
T 2  1 21 42  18  5
T 2  1 6 2  33  5
ROW 2 -3 7
T 0  3 8 30  2  3
T 1  3 10 5  10  4
T 1  -3 10 30  11  4
T 2  1 21 105  31  5
T 2  1 42 2  26  5
T 2  -1 15 5  28  5
T 2  3 70 30  29  5
ROW 2 -2 1
T 2  1 7 7  30  5
ROW 2 -1 9
T 0  3 8 2  2  3
T 1  3 10 5  9  4
T 1  3 5 3  10  4
T 1  -3 10 2  11  4
T 2  1 21 35  25  5
T 2  1 42 30  26  5
T 2  -1 15 5  27  5
T 2  -2 15 3  28  5
T 2  3 70 2  29  5
ROW 2 0 3
T 1  3 5 5  12  4
T 2  1 21 35  32  5
T 2  -2 15 5  33  5
ROW 2 1 9
T 0  -3 8 2  0  3
T 1  -3 5 3  3  4
T 1  3 10 5  7  4
T 1  3 10 2  4  4
T 2  -1 42 30  13  5
T 2  1 21 35  21  5
T 2  2 15 3  15  5
T 2  -1 15 5  22  5
T 2  -3 70 2  16  5
ROW 2 2 7
T 0  3 4 5  1  3
T 1  3 5 5  5  4
T 1  -3 5 5  6  4
T 2  1 21 5  17  5
T 2  1 7 7  18  5
T 2  -2 15 5  19  5
T 2  3 35 5  20  5
ROW 2 3 7
T 0  3 8 30  0  3
T 1  3 10 5  3  4
T 1  -3 10 30  4  4
T 2  1 42 2  13  5
T 2  1 21 105  14  5
T 2  -1 15 5  15  5
T 2  3 70 30  16  5
