FORMAT 2
KERNEL J
SOURCE (s|J|s)^(m)
SHELLS 2 6
ORDERS 6 8

# E <id> <alpha> <beta> <mu> <p>
E 0 4 0 0 -6
E 1 4 0 1 -6
E 2 4 0 2 -6

# G <id> <2k> <L> <M>
G 0 0 4 4
G 1 0 4 3
G 2 0 4 2
G 3 0 4 1
G 4 0 4 0
G 5 0 4 -2
G 6 0 4 -3
G 7 0 4 -1
G 8 0 4 -4
G 9 0 6 4
G 10 2 4 4
G 11 0 6 3
G 12 2 4 3
G 13 0 6 2
G 14 0 6 6
G 15 2 4 2
G 16 0 6 1
G 17 0 6 5
G 18 2 4 1
G 19 0 6 0
G 20 2 4 0
G 21 0 6 -2
G 22 2 4 -2
G 23 0 6 -3
G 24 0 6 -1
G 25 2 4 -3
G 26 2 4 -1
G 27 0 6 -4
G 28 2 4 -4
G 29 0 6 -5
G 30 0 6 -6
G 31 0 8 4
G 32 0 8 8
G 33 2 6 4
G 34 4 4 4
G 35 0 8 3
G 36 0 8 7
G 37 2 6 3
G 38 4 4 3
G 39 0 8 2
G 40 0 8 6
G 41 2 6 2
G 42 2 6 6
G 43 4 4 2
G 44 0 8 1
G 45 0 8 5
G 46 2 6 1
G 47 2 6 5
G 48 4 4 1
G 49 0 8 0
G 50 2 6 0
G 51 4 4 0
G 52 0 8 -2
G 53 2 6 -2
G 54 4 4 -2
G 55 0 8 -3
G 56 0 8 -1
G 57 2 6 -3
G 58 2 6 -1
G 59 4 4 -3
G 60 4 4 -1
G 61 0 8 -4
G 62 2 6 -4
G 63 4 4 -4
G 64 0 8 -5
G 65 2 6 -5
G 66 0 8 -6
G 67 2 6 -6
G 68 0 8 -7
G 69 0 8 -8

# TABLE <l> <l'> <rows> [SYMMETRIC]
# ROW <m> <m'> <terms>
# T <prefactor> <num> <den> <radicand> <geometry> <boys order>

TABLE 2 6 65
ROW -2 -6 7
T 0  9 8 110  0  6
T 1  3 22 22  9  7
T 1  -9 22 110  10  7
T 2  1 130 2  31  8
T 2  -1 65 910  32  8
T 2  -1 55 22  33  8
T 2  9 286 110  34  8
ROW -2 -5 7
T 0  3 4 165  1  6
T 1  3 22 55  11  7
T 1  -3 11 165  12  7
T 2  1 130 10  35  8
T 2  -1 130 2730  36  8
T 2  -1 55 55  37  8
T 2  3 143 165  38  8
ROW -2 -4 9
T 0  3 4 105  2  6
T 1  9 22 10  13  7
T 1  -3 22 22  14  7
T 1  -3 11 105  15  7
T 2  1 130 30  39  8
T 2  -1 130 2002  40  8
T 2  -3 55 10  41  8
T 2  1 55 22  42  8
T 2  3 143 105  43  8
ROW -2 -3 9
T 0  9 4 7  3  6
T 1  3 11 30  16  7
T 1  -3 22 55  17  7
T 1  -9 11 7  18  7
T 2  1 130 70  44  8
T 2  -1 130 1430  45  8
T 2  -2 55 30  46  8
T 2  1 55 55  47  8
T 2  9 143 7  48  8
ROW -2 -2 12
T 0  3 4 70  4  6
T 0  -3 8 2  0  6
T 1  3 11 70  19  7
T 1  -9 22 10  9  7
T 1  -3 11 70  20  7
T 1  3 22 2  10  7
T 2  1 65 70  49  8
T 2  -3 130 110  31  8
T 2  -2 55 70  50  8
T 2  3 55 10  33  8
T 2  3 143 70  51  8
T 2  -3 286 2  34  8
ROW -2 -1 12
T 0  -3 8 70  3  6
T 0  -3 8 10  1  6
T 1  -21 22 3  16  7
T 1  -3 11 30  11  7
T 1  3 22 70  18  7
T 1  3 22 10  12  7
T 2  -3 65 7  44  8
T 2  -1 65 165  35  8
T 2  7 55 3  46  8
T 2  2 55 30  37  8
T 2  -3 286 70  48  8
T 2  -3 286 10  38  8
ROW -2 0 6
T 0  3 4 15  5  6
T 1  3 11 70  21  7
T 1  -3 11 15  22  7
T 2  1 65 210  52  8
T 2  -2 55 70  53  8
T 2  3 143 15  54  8
ROW -2 1 12
T 0  3 8 10  6  6
T 0  -3 8 70  7  6
T 1  3 11 30  23  7
T 1  -21 22 3  24  7
T 1  -3 22 10  25  7
T 1  3 22 70  26  7
T 2  1 65 165  55  8
T 2  -3 65 7  56  8
T 2  -2 55 30  57  8
T 2  7 55 3  58  8
T 2  3 286 10  59  8
T 2  -3 286 70  60  8
ROW -2 2 6
T 0  3 8 2  8  6
T 1  9 22 10  27  7
T 1  -3 22 2  28  7
T 2  3 130 110  61  8
T 2  -3 55 10  62  8
T 2  3 286 2  63  8
ROW -2 3 9
T 0  -9 4 7  7  6
T 1  3 22 55  29  7
T 1  -3 11 30  24  7
T 1  9 11 7  26  7
T 2  1 130 1430  64  8
T 2  -1 130 70  56  8
T 2  -1 55 55  65  8
T 2  2 55 30  58  8
T 2  -9 143 7  60  8
ROW -2 4 9
T 0  -3 4 105  5  6
T 1  3 22 22  30  7
T 1  -9 22 10  21  7
T 1  3 11 105  22  7
T 2  1 130 2002  66  8
T 2  -1 130 30  52  8
T 2  -1 55 22  67  8
T 2  3 55 10  53  8
T 2  -3 143 105  54  8
ROW -2 5 7
T 0  -3 4 165  6  6
T 1  -3 22 55  23  7
T 1  3 11 165  25  7
T 2  1 130 2730  68  8
T 2  -1 130 10  55  8
T 2  1 55 55  57  8
T 2  -3 143 165  59  8
ROW -2 6 7
T 0  -9 8 110  8  6
T 1  -3 22 22  27  7
T 1  9 22 110  28  7
T 2  1 65 910  69  8
T 2  -1 130 2  61  8
T 2  1 55 22  62  8
T 2  -9 286 110  63  8
ROW -1 -6 4
T 1  -3 2 1  17  7
T 2  -1 130 26  45  8
T 2  -1 130 910  36  8
T 2  1 5 1  47  8
ROW -1 -5 9
T 0  3 8 330  0  6
T 1  -9 44 66  9  7
T 1  3 2 1  14  7
T 1  -3 22 330  10  7
T 2  -2 65 6  31  8
T 2  -2 65 91  40  8
T 2  3 110 66  33  8
T 2  -1 5 1  42  8
T 2  3 286 330  34  8
ROW -1 -4 9
T 0  3 2 30  1  6
T 1  -21 44 10  11  7
T 1  9 44 66  17  7
T 1  -6 11 30  12  7
T 2  -1 65 55  35  8
T 2  -1 65 429  45  8
T 2  7 110 10  37  8
T 2  -3 110 66  47  8
T 2  6 143 30  38  8
ROW -1 -3 12
T 0  9 4 14  2  6
T 0  9 8 2  0  6
T 1  -15 22 3  13  7
T 1  21 44 10  9  7
T 1  -9 11 14  15  7
T 1  -9 22 2  10  7
T 2  -2 13 1  39  8
T 2  -2 65 110  31  8
T 2  1 11 3  41  8
T 2  -7 110 10  33  8
T 2  9 143 14  43  8
T 2  9 286 2  34  8
ROW -1 -2 12
T 0  3 1 7  3  6
T 0  3 1 1  1  6
T 1  -3 22 30  16  7
T 1  15 22 3  11  7
T 1  -12 11 7  18  7
T 1  -12 11 1  12  7
T 2  -3 130 70  44  8
T 2  -1 26 66  35  8
T 2  1 55 30  46  8
T 2  -1 11 3  37  8
T 2  12 143 7  48  8
T 2  12 143 1  38  8
ROW -1 -1 12
T 0  15 4 7  4  6
T 0  3 4 35  2  6
T 1  -3 22 7  19  7
T 1  3 22 30  13  7
T 1  -15 11 7  20  7
T 1  -3 11 35  15  7
T 2  -8 65 7  49  8
T 2  -6 65 10  39  8
T 2  1 55 7  50  8
T 2  -1 55 30  41  8
T 2  15 143 7  51  8
T 2  3 143 35  43  8
ROW -1 0 6
T 0  -3 2 30  7  6
T 1  -3 22 7  24  7
T 1  6 11 30  26  7
T 2  14 65 3  56  8
T 2  1 55 7  58  8
T 2  -6 143 30  60  8
ROW -1 1 6
T 0  -3 4 35  5  6
T 1  -3 22 30  21  7
T 1  3 11 35  22  7
T 2  6 65 10  52  8
T 2  1 55 30  53  8
T 2  -3 143 35  54  8
ROW -1 2 12
T 0  -3 1 1  6  6
T 0  -3 1 7  7  6
T 1  -15 22 3  23  7
T 1  3 22 30  24  7
T 1  12 11 1  25  7
T 1  12 11 7  26  7
T 2  1 26 66  55  8
T 2  3 130 70  56  8
T 2  1 11 3  57  8
T 2  -1 55 30  58  8
T 2  -12 143 1  59  8
T 2  -12 143 7  60  8
ROW -1 3 12
T 0  -9 8 2  8  6
T 0  -9 4 14  5  6
T 1  -21 44 10  27  7
T 1  15 22 3  21  7
T 1  9 22 2  28  7
T 1  9 11 14  22  7
T 2  2 65 110  61  8
T 2  2 13 1  52  8
T 2  7 110 10  62  8
T 2  -1 11 3  53  8
T 2  -9 286 2  63  8
T 2  -9 143 14  54  8
ROW -1 4 9
T 0  -3 2 30  6  6
T 1  -9 44 66  29  7
T 1  21 44 10  23  7
T 1  6 11 30  25  7
T 2  1 65 429  64  8
T 2  1 65 55  55  8
T 2  3 110 66  65  8
T 2  -7 110 10  57  8
T 2  -6 143 30  59  8
ROW -1 5 9
T 0  -3 8 330  8  6
T 1  -3 2 1  30  7
T 1  9 44 66  27  7
T 1  3 22 330  28  7
T 2  2 65 91  66  8
T 2  2 65 6  61  8
T 2  1 5 1  67  8
T 2  -3 110 66  62  8
T 2  -3 286 330  63  8
ROW -1 6 4
T 1  3 2 1  29  7
T 2  1 130 910  68  8
T 2  1 130 26  64  8
T 2  -1 5 1  65  8
ROW 0 -6 3
T 1  3 1 1  30  7
T 2  1 65 91  66  8
T 2  -2 5 1  67  8
ROW 0 -5 3
T 1  3 2 1  29  7
T 2  3 65 26  64  8
T 2  -1 5 1  65  8
ROW 0 -4 6
T 0  9 4 5  8  6
T 1  3 11 1  27  7
T 1  -9 11 5  28  7
T 2  6 65 11  61  8
T 2  -2 55 1  62  8
T 2  9 143 5  63  8
ROW 0 -3 6
T 0  9 2 3  6  6
T 1  -15 22 1  23  7
T 1  -18 11 3  25  7
T 2  1 13 22  55  8
T 2  1 11 1  57  8
T 2  18 143 3  59  8
ROW 0 -2 6
T 0  3 2 42  5  6
T 1  -15 11 1  21  7
T 1  -6 11 42  22  7
T 2  3 13 3  52  8
T 2  2 11 1  53  8
T 2  6 143 42  54  8
ROW 0 -1 6
T 0  3 4 210  7  6
T 1  -39 22 1  24  7
T 1  -3 11 210  26  7
T 2  6 65 21  56  8
T 2  13 55 1  58  8
T 2  3 143 210  60  8
ROW 0 0 6
T 0  45 4 1  4  6
T 1  -21 11 1  19  7
T 1  -45 11 1  20  7
T 2  28 65 1  49  8
T 2  14 55 1  50  8
T 2  45 143 1  51  8
ROW 0 1 6
T 0  3 4 210  3  6
T 1  -39 22 1  16  7
T 1  -3 11 210  18  7
T 2  6 65 21  44  8
T 2  13 55 1  46  8
T 2  3 143 210  48  8
ROW 0 2 6
T 0  3 2 42  2  6
T 1  -15 11 1  13  7
T 1  -6 11 42  15  7
T 2  3 13 3  39  8
T 2  2 11 1  41  8
T 2  6 143 42  43  8
ROW 0 3 6
T 0  9 2 3  1  6
T 1  -15 22 1  11  7
T 1  -18 11 3  12  7
T 2  1 13 22  35  8
T 2  1 11 1  37  8
T 2  18 143 3  38  8
ROW 0 4 6
T 0  9 4 5  0  6
T 1  3 11 1  9  7
T 1  -9 11 5  10  7
T 2  6 65 11  31  8
T 2  -2 55 1  33  8
T 2  9 143 5  34  8
ROW 0 5 3
T 1  3 2 1  17  7
T 2  3 65 26  45  8
T 2  -1 5 1  47  8
ROW 0 6 3
T 1  3 1 1  14  7
T 2  1 65 91  40  8
T 2  -2 5 1  42  8
ROW 1 -6 4
T 1  -3 2 1  29  7
T 2  1 130 910  68  8
T 2  -1 130 26  64  8
T 2  1 5 1  65  8
ROW 1 -5 9
T 0  3 8 330  8  6
T 1  -3 2 1  30  7
T 1  -9 44 66  27  7
T 1  -3 22 330  28  7
T 2  2 65 91  66  8
T 2  -2 65 6  61  8
T 2  1 5 1  67  8
T 2  3 110 66  62  8
T 2  3 286 330  63  8
ROW 1 -4 9
T 0  3 2 30  6  6
T 1  -9 44 66  29  7
T 1  -21 44 10  23  7
T 1  -6 11 30  25  7
T 2  1 65 429  64  8
T 2  -1 65 55  55  8
T 2  3 110 66  65  8
T 2  7 110 10  57  8
T 2  6 143 30  59  8
ROW 1 -3 12
T 0  -9 8 2  8  6
T 0  9 4 14  5  6
T 1  -21 44 10  27  7
T 1  -15 22 3  21  7
T 1  9 22 2  28  7
T 1  -9 11 14  22  7
T 2  2 65 110  61  8
T 2  -2 13 1  52  8
T 2  7 110 10  62  8
T 2  1 11 3  53  8
T 2  -9 286 2  63  8
T 2  9 143 14  54  8
ROW 1 -2 12
T 0  -3 1 1  6  6
T 0  3 1 7  7  6
T 1  -15 22 3  23  7
T 1  -3 22 30  24  7
T 1  12 11 1  25  7
T 1  -12 11 7  26  7
T 2  1 26 66  55  8
T 2  -3 130 70  56  8
T 2  1 11 3  57  8
T 2  1 55 30  58  8
T 2  -12 143 1  59  8
T 2  12 143 7  60  8
ROW 1 -1 6
T 0  -3 4 35  5  6
T 1  -3 22 30  21  7
T 1  3 11 35  22  7
T 2  6 65 10  52  8
T 2  1 55 30  53  8
T 2  -3 143 35  54  8
ROW 1 0 6
T 0  -3 2 30  3  6
T 1  -3 22 7  16  7
T 1  6 11 30  18  7
T 2  14 65 3  44  8
T 2  1 55 7  46  8
T 2  -6 143 30  48  8
ROW 1 1 12
T 0  15 4 7  4  6
T 0  -3 4 35  2  6
T 1  -3 22 7  19  7
T 1  -3 22 30  13  7
T 1  -15 11 7  20  7
T 1  3 11 35  15  7
T 2  -8 65 7  49  8
T 2  6 65 10  39  8
T 2  1 55 7  50  8
T 2  1 55 30  41  8
T 2  15 143 7  51  8
T 2  -3 143 35  43  8
ROW 1 2 12
T 0  3 1 7  3  6
T 0  -3 1 1  1  6
T 1  -3 22 30  16  7
T 1  -15 22 3  11  7
T 1  -12 11 7  18  7
T 1  12 11 1  12  7
T 2  -3 130 70  44  8
T 2  1 26 66  35  8
T 2  1 55 30  46  8
T 2  1 11 3  37  8
T 2  12 143 7  48  8
T 2  -12 143 1  38  8
ROW 1 3 12
T 0  9 4 14  2  6
T 0  -9 8 2  0  6
T 1  -15 22 3  13  7
T 1  -21 44 10  9  7
T 1  -9 11 14  15  7
T 1  9 22 2  10  7
T 2  -2 13 1  39  8
T 2  2 65 110  31  8
T 2  1 11 3  41  8
T 2  7 110 10  33  8
T 2  9 143 14  43  8
T 2  -9 286 2  34  8
ROW 1 4 9
T 0  3 2 30  1  6
T 1  -21 44 10  11  7
T 1  -9 44 66  17  7
T 1  -6 11 30  12  7
T 2  -1 65 55  35  8
T 2  1 65 429  45  8
T 2  7 110 10  37  8
T 2  3 110 66  47  8
T 2  6 143 30  38  8
ROW 1 5 9
T 0  3 8 330  0  6
T 1  -9 44 66  9  7
T 1  -3 2 1  14  7
T 1  -3 22 330  10  7
T 2  -2 65 6  31  8
T 2  2 65 91  40  8
T 2  3 110 66  33  8
T 2  1 5 1  42  8
T 2  3 286 330  34  8
ROW 1 6 4
T 1  -3 2 1  17  7
T 2  -1 130 26  45  8
T 2  1 130 910  36  8
T 2  1 5 1  47  8
ROW 2 -6 7
T 0  9 8 110  8  6
T 1  3 22 22  27  7
T 1  -9 22 110  28  7
T 2  1 65 910  69  8
T 2  1 130 2  61  8
T 2  -1 55 22  62  8
T 2  9 286 110  63  8
ROW 2 -5 7
T 0  3 4 165  6  6
T 1  3 22 55  23  7
T 1  -3 11 165  25  7
T 2  1 130 2730  68  8
T 2  1 130 10  55  8
T 2  -1 55 55  57  8
T 2  3 143 165  59  8
ROW 2 -4 9
T 0  3 4 105  5  6
T 1  3 22 22  30  7
T 1  9 22 10  21  7
T 1  -3 11 105  22  7
T 2  1 130 2002  66  8
T 2  1 130 30  52  8
T 2  -1 55 22  67  8
T 2  -3 55 10  53  8
T 2  3 143 105  54  8
ROW 2 -3 9
T 0  9 4 7  7  6
T 1  3 22 55  29  7
T 1  3 11 30  24  7
T 1  -9 11 7  26  7
T 2  1 130 1430  64  8
T 2  1 130 70  56  8
T 2  -1 55 55  65  8
T 2  -2 55 30  58  8
T 2  9 143 7  60  8
ROW 2 -2 6
T 0  3 8 2  8  6
T 1  9 22 10  27  7
T 1  -3 22 2  28  7
T 2  3 130 110  61  8
T 2  -3 55 10  62  8
T 2  3 286 2  63  8
ROW 2 -1 12
T 0  3 8 10  6  6
T 0  3 8 70  7  6
T 1  3 11 30  23  7
T 1  21 22 3  24  7
T 1  -3 22 10  25  7
T 1  -3 22 70  26  7
T 2  1 65 165  55  8
T 2  3 65 7  56  8
T 2  -2 55 30  57  8
T 2  -7 55 3  58  8
T 2  3 286 10  59  8
T 2  3 286 70  60  8
ROW 2 0 6
T 0  3 4 15  2  6
T 1  3 11 70  13  7
T 1  -3 11 15  15  7
T 2  1 65 210  39  8
T 2  -2 55 70  41  8
T 2  3 143 15  43  8
ROW 2 1 12
T 0  -3 8 70  3  6
T 0  3 8 10  1  6
T 1  -21 22 3  16  7
T 1  3 11 30  11  7
T 1  3 22 70  18  7
T 1  -3 22 10  12  7
T 2  -3 65 7  44  8
T 2  1 65 165  35  8
T 2  7 55 3  46  8
T 2  -2 55 30  37  8
T 2  -3 286 70  48  8
T 2  3 286 10  38  8
ROW 2 2 12
T 0  3 4 70  4  6
T 0  3 8 2  0  6
T 1  3 11 70  19  7
T 1  9 22 10  9  7
T 1  -3 11 70  20  7
T 1  -3 22 2  10  7
T 2  1 65 70  49  8
T 2  3 130 110  31  8
T 2  -2 55 70  50  8
T 2  -3 55 10  33  8
T 2  3 143 70  51  8
T 2  3 286 2  34  8
ROW 2 3 9
T 0  9 4 7  3  6
T 1  3 11 30  16  7
T 1  3 22 55  17  7
T 1  -9 11 7  18  7
T 2  1 130 70  44  8
T 2  1 130 1430  45  8
T 2  -2 55 30  46  8
T 2  -1 55 55  47  8
T 2  9 143 7  48  8
ROW 2 4 9
T 0  3 4 105  2  6
T 1  9 22 10  13  7
T 1  3 22 22  14  7
T 1  -3 11 105  15  7
T 2  1 130 30  39  8
T 2  1 130 2002  40  8
T 2  -3 55 10  41  8
T 2  -1 55 22  42  8
T 2  3 143 105  43  8
ROW 2 5 7
T 0  3 4 165  1  6
T 1  3 22 55  11  7
T 1  -3 11 165  12  7
T 2  1 130 10  35  8
T 2  1 130 2730  36  8
T 2  -1 55 55  37  8
T 2  3 143 165  38  8
ROW 2 6 7
T 0  9 8 110  0  6
T 1  3 22 22  9  7
T 1  -9 22 110  10  7
T 2  1 130 2  31  8
T 2  1 65 910  32  8
T 2  -1 55 22  33  8
T 2  9 286 110  34  8
