FORMAT 2
KERNEL J
SOURCE (s|J|s)^(m)
SHELLS 4 2
ORDERS 4 6

# E <id> <alpha> <beta> <mu> <p>
E 0 0 2 0 -4
E 1 0 2 1 -4
E 2 0 2 2 -4

# G <id> <2k> <L> <M>
G 0 0 2 2
G 1 0 2 -2
G 2 0 2 1
G 3 0 2 -1
G 4 0 2 0
G 5 0 4 2
G 6 2 2 2
G 7 0 4 3
G 8 0 4 -4
G 9 0 4 -3
G 10 0 4 -2
G 11 2 2 -2
G 12 0 4 1
G 13 2 2 1
G 14 0 4 4
G 15 0 4 -1
G 16 2 2 -1
G 17 0 4 0
G 18 2 2 0
G 19 0 6 2
G 20 0 6 6
G 21 2 4 2
G 22 4 2 2
G 23 0 6 3
G 24 0 6 5
G 25 2 4 3
G 26 0 6 -4
G 27 2 4 -4
G 28 0 6 -5
G 29 0 6 -3
G 30 2 4 -3
G 31 0 6 -6
G 32 0 6 -2
G 33 2 4 -2
G 34 4 2 -2
G 35 0 6 1
G 36 2 4 1
G 37 4 2 1
G 38 0 6 4
G 39 2 4 4
G 40 0 6 -1
G 41 2 4 -1
G 42 4 2 -1
G 43 0 6 0
G 44 2 4 0
G 45 4 2 0

# TABLE <l> <l'> <rows> [SYMMETRIC]
# ROW <m> <m'> <terms>
# T <prefactor> <num> <den> <radicand> <geometry> <boys order>

TABLE 4 2 45
ROW -4 -2 7
T 0  3 4 35  0  4
T 1  1 7 21  5  5
T 1  -3 7 35  6  5
T 2  1 66 2  19  6
T 2  -1 22 110  20  6
T 2  -2 77 21  21  6
T 2  1 21 35  22  6
ROW -4 -1 4
T 1  -1 2 6  7  5
T 2  -1 22 2  23  6
T 2  -1 66 330  24  6
T 2  1 11 6  25  6
ROW -4 0 3
T 1  2 1 1  8  5
T 2  1 11 5  26  6
T 2  -4 11 1  27  6
ROW -4 1 4
T 1  -1 2 6  9  5
T 2  1 66 330  28  6
T 2  -1 22 2  29  6
T 2  1 11 6  30  6
ROW -4 2 7
T 0  3 4 35  1  4
T 1  1 7 21  10  5
T 1  -3 7 35  11  5
T 2  1 22 110  31  6
T 2  1 66 2  32  6
T 2  -2 77 21  33  6
T 2  1 21 35  34  6
ROW -3 -2 7
T 0  3 8 70  2  4
T 1  3 14 21  12  5
T 1  -3 14 70  13  5
T 2  1 66 10  35  6
T 2  -1 33 165  24  6
T 2  -3 77 21  36  6
T 2  1 42 70  37  6
ROW -3 -1 9
T 0  3 8 70  0  4
T 1  -5 28 42  5  5
T 1  1 2 6  14  5
T 1  -3 14 70  6  5
T 2  -4 33 1  19  6
T 2  -2 33 30  38  6
T 2  5 154 42  21  6
T 2  -1 11 6  39  6
T 2  1 42 70  22  6
ROW -3 0 3
T 1  1 2 1  9  5
T 2  2 11 3  29  6
T 2  -1 11 1  30  6
ROW -3 1 9
T 0  3 8 70  1  4
T 1  -1 2 6  8  5
T 1  -5 28 42  10  5
T 1  -3 14 70  11  5
T 2  2 33 30  26  6
T 2  -4 33 1  32  6
T 2  1 11 6  27  6
T 2  5 154 42  33  6
T 2  1 42 70  34  6
ROW -3 2 7
T 0  3 8 70  3  4
T 1  3 14 21  15  5
T 1  -3 14 70  16  5
T 2  1 33 165  28  6
T 2  1 66 10  40  6
T 2  -3 77 21  41  6
T 2  1 42 70  42  6
ROW -2 -2 9
T 0  3 4 15  4  4
T 1  3 7 15  17  5
T 1  -1 7 21  14  5
T 1  -3 7 15  18  5
T 2  1 33 15  43  6
T 2  -1 33 105  38  6
T 2  -6 77 15  44  6
T 2  2 77 21  39  6
T 2  1 21 15  45  6
ROW -2 -1 9
T 0  3 2 5  2  4
T 1  -9 28 6  12  5
T 1  5 28 42  7  5
T 1  -6 7 5  13  5
T 2  -1 33 35  35  6
T 2  -1 11 14  23  6
T 2  9 154 6  36  6
T 2  -5 154 42  25  6
T 2  2 21 5  37  6
ROW -2 0 6
T 0  3 4 15  1  4
T 1  -4 7 1  10  5
T 1  -3 7 15  11  5
T 2  2 33 42  32  6
T 2  8 77 1  33  6
T 2  1 21 15  34  6
ROW -2 1 9
T 0  3 2 5  3  4
T 1  -5 28 42  9  5
T 1  -9 28 6  15  5
T 1  -6 7 5  16  5
T 2  1 11 14  29  6
T 2  -1 33 35  40  6
T 2  5 154 42  30  6
T 2  9 154 6  41  6
T 2  2 21 5  42  6
ROW -2 2 3
T 1  1 7 21  8  5
T 2  1 33 105  26  6
T 2  -2 77 21  27  6
ROW -1 -2 9
T 0  -3 8 10  2  4
T 1  -5 7 3  12  5
T 1  -3 14 21  7  5
T 1  3 14 10  13  5
T 2  -1 66 70  35  6
T 2  -1 11 7  23  6
T 2  10 77 3  36  6
T 2  3 77 21  25  6
T 2  -1 42 10  37  6
ROW -1 -1 12
T 0  3 4 30  4  4
T 0  3 8 10  0  4
T 1  -1 14 30  17  5
T 1  9 28 6  5  5
T 1  -3 7 30  18  5
T 1  -3 14 10  6  5
T 2  -2 33 30  43  6
T 2  -4 33 7  19  6
T 2  1 77 30  44  6
T 2  -9 154 6  21  6
T 2  1 21 30  45  6
T 2  1 42 10  22  6
ROW -1 0 6
T 0  3 4 30  3  4
T 1  -17 14 1  15  5
T 1  -3 7 30  16  5
T 2  1 33 210  40  6
T 2  17 77 1  41  6
T 2  1 21 30  42  6
ROW -1 1 6
T 0  -3 8 10  1  4
T 1  -9 28 6  10  5
T 1  3 14 10  11  5
T 2  4 33 7  32  6
T 2  9 154 6  33  6
T 2  -1 42 10  34  6
ROW -1 2 9
T 0  3 8 10  3  4
T 1  3 14 21  9  5
T 1  5 7 3  15  5
T 1  -3 14 10  16  5
T 2  1 11 7  29  6
T 2  1 66 70  40  6
T 2  -3 77 21  30  6
T 2  -10 77 3  41  6
T 2  1 42 10  42  6
ROW 0 -2 6
T 0  3 4 1  1  4
T 1  3 7 15  10  5
T 1  -3 7 1  11  5
T 2  1 33 70  32  6
T 2  -6 77 15  33  6
T 2  1 21 1  34  6
ROW 0 -1 6
T 0  -3 1 1  3  4
T 1  -1 14 30  15  5
T 1  12 7 1  16  5
T 2  5 33 7  40  6
T 2  1 77 30  41  6
T 2  -4 21 1  42  6
ROW 0 0 6
T 0  9 2 1  4  4
T 1  -10 7 1  17  5
T 1  -18 7 1  18  5
T 2  5 11 1  43  6
T 2  20 77 1  44  6
T 2  2 7 1  45  6
ROW 0 1 6
T 0  -3 1 1  2  4
T 1  -1 14 30  12  5
T 1  12 7 1  13  5
T 2  5 33 7  35  6
T 2  1 77 30  36  6
T 2  -4 21 1  37  6
ROW 0 2 6
T 0  3 4 1  0  4
T 1  3 7 15  5  5
T 1  -3 7 1  6  5
T 2  1 33 70  19  6
T 2  -6 77 15  21  6
T 2  1 21 1  22  6
ROW 1 -2 9
T 0  -3 8 10  3  4
T 1  3 14 21  9  5
T 1  -5 7 3  15  5
T 1  3 14 10  16  5
T 2  1 11 7  29  6
T 2  -1 66 70  40  6
T 2  -3 77 21  30  6
T 2  10 77 3  41  6
T 2  -1 42 10  42  6
ROW 1 -1 6
T 0  -3 8 10  1  4
T 1  -9 28 6  10  5
T 1  3 14 10  11  5
T 2  4 33 7  32  6
T 2  9 154 6  33  6
T 2  -1 42 10  34  6
ROW 1 0 6
T 0  3 4 30  2  4
T 1  -17 14 1  12  5
T 1  -3 7 30  13  5
T 2  1 33 210  35  6
T 2  17 77 1  36  6
T 2  1 21 30  37  6
ROW 1 1 12
T 0  3 4 30  4  4
T 0  -3 8 10  0  4
T 1  -1 14 30  17  5
T 1  -9 28 6  5  5
T 1  -3 7 30  18  5
T 1  3 14 10  6  5
T 2  -2 33 30  43  6
T 2  4 33 7  19  6
T 2  1 77 30  44  6
T 2  9 154 6  21  6
T 2  1 21 30  45  6
T 2  -1 42 10  22  6
ROW 1 2 9
T 0  -3 8 10  2  4
T 1  -5 7 3  12  5
T 1  3 14 21  7  5
T 1  3 14 10  13  5
T 2  -1 66 70  35  6
T 2  1 11 7  23  6
T 2  10 77 3  36  6
T 2  -3 77 21  25  6
T 2  -1 42 10  37  6
ROW 2 -2 3
T 1  1 7 21  8  5
T 2  1 33 105  26  6
T 2  -2 77 21  27  6
ROW 2 -1 9
T 0  -3 2 5  3  4
T 1  -5 28 42  9  5
T 1  9 28 6  15  5
T 1  6 7 5  16  5
T 2  1 11 14  29  6
T 2  1 33 35  40  6
T 2  5 154 42  30  6
T 2  -9 154 6  41  6
T 2  -2 21 5  42  6
ROW 2 0 6
T 0  3 4 15  0  4
T 1  -4 7 1  5  5
T 1  -3 7 15  6  5
T 2  2 33 42  19  6
T 2  8 77 1  21  6
T 2  1 21 15  22  6
ROW 2 1 9
T 0  3 2 5  2  4
T 1  -9 28 6  12  5
T 1  -5 28 42  7  5
T 1  -6 7 5  13  5
T 2  -1 33 35  35  6
T 2  1 11 14  23  6
T 2  9 154 6  36  6
T 2  5 154 42  25  6
T 2  2 21 5  37  6
ROW 2 2 9
T 0  3 4 15  4  4
T 1  3 7 15  17  5
T 1  1 7 21  14  5
T 1  -3 7 15  18  5
T 2  1 33 15  43  6
T 2  1 33 105  38  6
T 2  -6 77 15  44  6
T 2  -2 77 21  39  6
T 2  1 21 15  45  6
ROW 3 -2 7
T 0  -3 8 70  3  4
T 1  -3 14 21  15  5
T 1  3 14 70  16  5
T 2  1 33 165  28  6
T 2  -1 66 10  40  6
T 2  3 77 21  41  6
T 2  -1 42 70  42  6
ROW 3 -1 9
T 0  -3 8 70  1  4
T 1  -1 2 6  8  5
T 1  5 28 42  10  5
T 1  3 14 70  11  5
T 2  2 33 30  26  6
T 2  4 33 1  32  6
T 2  1 11 6  27  6
T 2  -5 154 42  33  6
T 2  -1 42 70  34  6
ROW 3 0 3
T 1  1 2 1  7  5
T 2  2 11 3  23  6
T 2  -1 11 1  25  6
ROW 3 1 9
T 0  3 8 70  0  4
T 1  -5 28 42  5  5
T 1  -1 2 6  14  5
T 1  -3 14 70  6  5
T 2  -4 33 1  19  6
T 2  2 33 30  38  6
T 2  5 154 42  21  6
T 2  1 11 6  39  6
T 2  1 42 70  22  6
ROW 3 2 7
T 0  3 8 70  2  4
T 1  3 14 21  12  5
T 1  -3 14 70  13  5
T 2  1 66 10  35  6
T 2  1 33 165  24  6
T 2  -3 77 21  36  6
T 2  1 42 70  37  6
ROW 4 -2 7
T 0  -3 4 35  1  4
T 1  -1 7 21  10  5
T 1  3 7 35  11  5
T 2  1 22 110  31  6
T 2  -1 66 2  32  6
T 2  2 77 21  33  6
T 2  -1 21 35  34  6
ROW 4 -1 4
T 1  1 2 6  9  5
T 2  1 66 330  28  6
T 2  1 22 2  29  6
T 2  -1 11 6  30  6
ROW 4 0 3
T 1  2 1 1  14  5
T 2  1 11 5  38  6
T 2  -4 11 1  39  6
ROW 4 1 4
T 1  -1 2 6  7  5
T 2  -1 22 2  23  6
T 2  1 66 330  24  6
T 2  1 11 6  25  6
ROW 4 2 7
T 0  3 4 35  0  4
T 1  1 7 21  5  5
T 1  -3 7 35  6  5
T 2  1 66 2  19  6
T 2  1 22 110  20  6
T 2  -2 77 21  21  6
T 2  1 21 35  22  6
