FORMAT 2
KERNEL J
SOURCE (s|J|s)^(m)
SHELLS 2 5
ORDERS 5 7

# E <id> <alpha> <beta> <mu> <p>
E 0 3 0 0 -5
E 1 3 0 1 -5
E 2 3 0 2 -5

# G <id> <2k> <L> <M>
G 0 0 3 3
G 1 0 3 2
G 2 0 3 1
G 3 0 3 0
G 4 0 3 -2
G 5 0 3 -3
G 6 0 3 -1
G 7 0 5 3
G 8 2 3 3
G 9 0 5 2
G 10 2 3 2
G 11 0 5 1
G 12 0 5 5
G 13 2 3 1
G 14 0 5 0
G 15 0 5 4
G 16 2 3 0
G 17 0 5 -2
G 18 2 3 -2
G 19 0 5 -3
G 20 0 5 -1
G 21 2 3 -3
G 22 2 3 -1
G 23 0 5 -4
G 24 0 5 -5
G 25 0 7 3
G 26 0 7 7
G 27 2 5 3
G 28 4 3 3
G 29 0 7 2
G 30 0 7 6
G 31 2 5 2
G 32 4 3 2
G 33 0 7 1
G 34 0 7 5
G 35 2 5 1
G 36 2 5 5
G 37 4 3 1
G 38 0 7 0
G 39 0 7 4
G 40 2 5 0
G 41 2 5 4
G 42 4 3 0
G 43 0 7 -2
G 44 2 5 -2
G 45 4 3 -2
G 46 0 7 -3
G 47 0 7 -1
G 48 2 5 -3
G 49 2 5 -1
G 50 4 3 -3
G 51 4 3 -1
G 52 0 7 -4
G 53 2 5 -4
G 54 0 7 -5
G 55 2 5 -5
G 56 0 7 -6
G 57 0 7 -7

# TABLE <l> <l'> <rows> [SYMMETRIC]
# ROW <m> <m'> <terms>
# T <prefactor> <num> <den> <radicand> <geometry> <boys order>

TABLE 2 5 55
ROW -2 -5 7
T 0  3 4 105  0  5
T 1  1 6 15  7  6
T 1  -1 3 105  8  6
T 2  3 286 2  25  7
T 2  -3 286 2002  26  7
T 2  -1 39 15  27  7
T 2  1 33 105  28  7
ROW -2 -4 7
T 0  9 4 7  1  5
T 1  1 1 1  9  6
T 1  -1 1 7  10  6
T 2  3 286 10  29  7
T 2  -3 286 1430  30  7
T 2  -2 13 1  31  7
T 2  1 11 7  32  7
ROW -2 -3 9
T 0  3 4 35  2  5
T 1  1 3 14  11  6
T 1  -1 6 15  12  6
T 1  -1 3 35  13  6
T 2  3 286 30  33  7
T 2  -9 286 110  34  7
T 2  -2 39 14  35  7
T 2  1 39 15  36  7
T 2  1 33 35  37  7
ROW -2 -2 9
T 0  3 4 35  3  5
T 1  1 3 35  14  6
T 1  -1 1 1  15  6
T 1  -1 3 35  16  6
T 2  3 143 35  38  7
T 2  -3 143 165  39  7
T 2  -2 39 35  40  7
T 2  2 13 1  41  7
T 2  1 33 35  42  7
ROW -2 -1 12
T 0  -3 8 30  2  5
T 0  -3 8 2  0  5
T 1  -5 6 3  11  6
T 1  -1 3 14  7  6
T 1  1 6 30  13  6
T 1  1 6 2  8  6
T 2  -3 143 35  33  7
T 2  -3 143 105  25  7
T 2  5 39 3  35  7
T 2  2 39 14  27  7
T 2  -1 66 30  37  7
T 2  -1 66 2  28  7
ROW -2 0 6
T 0  3 4 5  4  5
T 1  1 3 35  17  6
T 1  -1 3 5  18  6
T 2  9 143 14  43  7
T 2  -2 39 35  44  7
T 2  1 33 5  45  7
ROW -2 1 12
T 0  3 8 2  5  5
T 0  -3 8 30  6  5
T 1  1 3 14  19  6
T 1  -5 6 3  20  6
T 1  -1 6 2  21  6
T 1  1 6 30  22  6
T 2  3 143 105  46  7
T 2  -3 143 35  47  7
T 2  -2 39 14  48  7
T 2  5 39 3  49  7
T 2  1 66 2  50  7
T 2  -1 66 30  51  7
ROW -2 2 3
T 1  1 1 1  23  6
T 2  3 143 165  52  7
T 2  -2 13 1  53  7
ROW -2 3 9
T 0  -3 4 35  6  5
T 1  1 6 15  24  6
T 1  -1 3 14  20  6
T 1  1 3 35  22  6
T 2  9 286 110  54  7
T 2  -3 286 30  47  7
T 2  -1 39 15  55  7
T 2  2 39 14  49  7
T 2  -1 33 35  51  7
ROW -2 4 7
T 0  -9 4 7  4  5
T 1  -1 1 1  17  6
T 1  1 1 7  18  6
T 2  3 286 1430  56  7
T 2  -3 286 10  43  7
T 2  2 13 1  44  7
T 2  -1 11 7  45  7
ROW -2 5 7
T 0  -3 4 105  5  5
T 1  -1 6 15  19  6
T 1  1 3 105  21  6
T 2  3 286 2002  57  7
T 2  -3 286 2  46  7
T 2  1 39 15  48  7
T 2  -1 33 105  50  7
ROW -1 -5 4
T 1  -1 4 30  15  6
T 2  -3 286 22  39  7
T 2  -3 143 143  30  7
T 2  1 26 30  41  7
ROW -1 -4 9
T 0  3 4 42  0  5
T 1  -7 12 6  7  6
T 1  1 4 30  12  6
T 1  -1 3 42  8  6
T 2  -6 143 5  25  7
T 2  -6 143 55  34  7
T 2  7 78 6  27  7
T 2  -1 26 30  36  7
T 2  1 33 42  28  7
ROW -1 -3 9
T 0  3 2 14  1  5
T 1  -5 6 2  9  6
T 1  7 12 6  15  6
T 1  -2 3 14  10  6
T 2  -9 143 5  29  7
T 2  -9 286 110  39  7
T 2  5 39 2  31  7
T 2  -7 78 6  41  7
T 2  2 33 14  32  7
ROW -1 -2 12
T 0  3 8 210  2  5
T 0  3 8 14  0  5
T 1  -1 6 21  11  6
T 1  5 6 2  7  6
T 1  -1 6 210  13  6
T 1  -1 6 14  8  6
T 2  -12 143 5  33  7
T 2  -12 143 15  25  7
T 2  1 39 21  35  7
T 2  -5 39 2  27  7
T 2  1 66 210  37  7
T 2  1 66 14  28  7
ROW -1 -1 12
T 0  3 1 5  3  5
T 0  3 2 3  1  5
T 1  -1 6 5  14  6
T 1  1 6 21  9  6
T 1  -4 3 5  16  6
T 1  -2 3 3  10  6
T 2  -21 143 5  38  7
T 2  -3 143 210  29  7
T 2  1 39 5  40  7
T 2  -1 39 21  31  7
T 2  4 33 5  42  7
T 2  2 33 3  32  7
ROW -1 0 6
T 0  -15 4 2  6  5
T 1  -1 6 5  20  6
T 1  5 3 2  22  6
T 2  12 143 21  47  7
T 2  1 39 5  49  7
T 2  -5 33 2  51  7
ROW -1 1 6
T 0  -3 2 3  4  5
T 1  -1 6 21  17  6
T 1  2 3 3  18  6
T 2  3 143 210  43  7
T 2  1 39 21  44  7
T 2  -2 33 3  45  7
ROW -1 2 12
T 0  -3 8 14  5  5
T 0  -3 8 210  6  5
T 1  -5 6 2  19  6
T 1  1 6 21  20  6
T 1  1 6 14  21  6
T 1  1 6 210  22  6
T 2  12 143 15  46  7
T 2  12 143 5  47  7
T 2  5 39 2  48  7
T 2  -1 39 21  49  7
T 2  -1 66 14  50  7
T 2  -1 66 210  51  7
ROW -1 3 9
T 0  -3 2 14  4  5
T 1  -7 12 6  23  6
T 1  5 6 2  17  6
T 1  2 3 14  18  6
T 2  9 286 110  52  7
T 2  9 143 5  43  7
T 2  7 78 6  53  7
T 2  -5 39 2  44  7
T 2  -2 33 14  45  7
ROW -1 4 9
T 0  -3 4 42  5  5
T 1  -1 4 30  24  6
T 1  7 12 6  19  6
T 1  1 3 42  21  6
T 2  6 143 55  54  7
T 2  6 143 5  46  7
T 2  1 26 30  55  7
T 2  -7 78 6  48  7
T 2  -1 33 42  50  7
ROW -1 5 4
T 1  1 4 30  23  6
T 2  3 143 143  56  7
T 2  3 286 22  52  7
T 2  -1 26 30  53  7
ROW 0 -5 3
T 1  5 2 1  24  6
T 2  3 143 66  54  7
T 2  -5 13 1  55  7
ROW 0 -4 3
T 1  1 1 1  23  6
T 2  3 143 165  52  7
T 2  -2 13 1  53  7
ROW 0 -3 6
T 0  3 2 7  5  5
T 1  -1 6 1  19  6
T 1  -2 3 7  21  6
T 2  9 143 30  46  7
T 2  1 39 1  48  7
T 2  2 33 7  50  7
ROW 0 -2 6
T 0  9 4 7  4  5
T 1  -1 1 1  17  6
T 1  -1 1 7  18  6
T 2  18 143 10  43  7
T 2  2 13 1  44  7
T 2  1 11 7  45  7
ROW 0 -1 6
T 0  9 4 10  6  5
T 1  -3 2 1  20  6
T 1  -1 1 10  22  6
T 2  6 143 105  47  7
T 2  3 13 1  49  7
T 2  1 11 10  51  7
ROW 0 0 6
T 0  15 2 1  3  5
T 1  -5 3 1  14  6
T 1  -10 3 1  16  6
T 2  63 143 1  38  7
T 2  10 39 1  40  7
T 2  10 33 1  42  7
ROW 0 1 6
T 0  9 4 10  2  5
T 1  -3 2 1  11  6
T 1  -1 1 10  13  6
T 2  6 143 105  33  7
T 2  3 13 1  35  7
T 2  1 11 10  37  7
ROW 0 2 6
T 0  9 4 7  1  5
T 1  -1 1 1  9  6
T 1  -1 1 7  10  6
T 2  18 143 10  29  7
T 2  2 13 1  31  7
T 2  1 11 7  32  7
ROW 0 3 6
T 0  3 2 7  0  5
T 1  -1 6 1  7  6
T 1  -2 3 7  8  6
T 2  9 143 30  25  7
T 2  1 39 1  27  7
T 2  2 33 7  28  7
ROW 0 4 3
T 1  1 1 1  15  6
T 2  3 143 165  39  7
T 2  -2 13 1  41  7
ROW 0 5 3
T 1  5 2 1  12  6
T 2  3 143 66  34  7
T 2  -5 13 1  36  7
ROW 1 -5 4
T 1  -1 4 30  23  6
T 2  3 143 143  56  7
T 2  -3 286 22  52  7
T 2  1 26 30  53  7
ROW 1 -4 9
T 0  3 4 42  5  5
T 1  -1 4 30  24  6
T 1  -7 12 6  19  6
T 1  -1 3 42  21  6
T 2  6 143 55  54  7
T 2  -6 143 5  46  7
T 2  1 26 30  55  7
T 2  7 78 6  48  7
T 2  1 33 42  50  7
ROW 1 -3 9
T 0  3 2 14  4  5
T 1  -7 12 6  23  6
T 1  -5 6 2  17  6
T 1  -2 3 14  18  6
T 2  9 286 110  52  7
T 2  -9 143 5  43  7
T 2  7 78 6  53  7
T 2  5 39 2  44  7
T 2  2 33 14  45  7
ROW 1 -2 12
T 0  -3 8 14  5  5
T 0  3 8 210  6  5
T 1  -5 6 2  19  6
T 1  -1 6 21  20  6
T 1  1 6 14  21  6
T 1  -1 6 210  22  6
T 2  12 143 15  46  7
T 2  -12 143 5  47  7
T 2  5 39 2  48  7
T 2  1 39 21  49  7
T 2  -1 66 14  50  7
T 2  1 66 210  51  7
ROW 1 -1 6
T 0  -3 2 3  4  5
T 1  -1 6 21  17  6
T 1  2 3 3  18  6
T 2  3 143 210  43  7
T 2  1 39 21  44  7
T 2  -2 33 3  45  7
ROW 1 0 6
T 0  -15 4 2  2  5
T 1  -1 6 5  11  6
T 1  5 3 2  13  6
T 2  12 143 21  33  7
T 2  1 39 5  35  7
T 2  -5 33 2  37  7
ROW 1 1 12
T 0  3 1 5  3  5
T 0  -3 2 3  1  5
T 1  -1 6 5  14  6
T 1  -1 6 21  9  6
T 1  -4 3 5  16  6
T 1  2 3 3  10  6
T 2  -21 143 5  38  7
T 2  3 143 210  29  7
T 2  1 39 5  40  7
T 2  1 39 21  31  7
T 2  4 33 5  42  7
T 2  -2 33 3  32  7
ROW 1 2 12
T 0  3 8 210  2  5
T 0  -3 8 14  0  5
T 1  -1 6 21  11  6
T 1  -5 6 2  7  6
T 1  -1 6 210  13  6
T 1  1 6 14  8  6
T 2  -12 143 5  33  7
T 2  12 143 15  25  7
T 2  1 39 21  35  7
T 2  5 39 2  27  7
T 2  1 66 210  37  7
T 2  -1 66 14  28  7
ROW 1 3 9
T 0  3 2 14  1  5
T 1  -5 6 2  9  6
T 1  -7 12 6  15  6
T 1  -2 3 14  10  6
T 2  -9 143 5  29  7
T 2  9 286 110  39  7
T 2  5 39 2  31  7
T 2  7 78 6  41  7
T 2  2 33 14  32  7
ROW 1 4 9
T 0  3 4 42  0  5
T 1  -7 12 6  7  6
T 1  -1 4 30  12  6
T 1  -1 3 42  8  6
T 2  -6 143 5  25  7
T 2  6 143 55  34  7
T 2  7 78 6  27  7
T 2  1 26 30  36  7
T 2  1 33 42  28  7
ROW 1 5 4
T 1  -1 4 30  15  6
T 2  -3 286 22  39  7
T 2  3 143 143  30  7
T 2  1 26 30  41  7
ROW 2 -5 7
T 0  3 4 105  5  5
T 1  1 6 15  19  6
T 1  -1 3 105  21  6
T 2  3 286 2002  57  7
T 2  3 286 2  46  7
T 2  -1 39 15  48  7
T 2  1 33 105  50  7
ROW 2 -4 7
T 0  9 4 7  4  5
T 1  1 1 1  17  6
T 1  -1 1 7  18  6
T 2  3 286 1430  56  7
T 2  3 286 10  43  7
T 2  -2 13 1  44  7
T 2  1 11 7  45  7
ROW 2 -3 9
T 0  3 4 35  6  5
T 1  1 6 15  24  6
T 1  1 3 14  20  6
T 1  -1 3 35  22  6
T 2  9 286 110  54  7
T 2  3 286 30  47  7
T 2  -1 39 15  55  7
T 2  -2 39 14  49  7
T 2  1 33 35  51  7
ROW 2 -2 3
T 1  1 1 1  23  6
T 2  3 143 165  52  7
T 2  -2 13 1  53  7
ROW 2 -1 12
T 0  3 8 2  5  5
T 0  3 8 30  6  5
T 1  1 3 14  19  6
T 1  5 6 3  20  6
T 1  -1 6 2  21  6
T 1  -1 6 30  22  6
T 2  3 143 105  46  7
T 2  3 143 35  47  7
T 2  -2 39 14  48  7
T 2  -5 39 3  49  7
T 2  1 66 2  50  7
T 2  1 66 30  51  7
ROW 2 0 6
T 0  3 4 5  1  5
T 1  1 3 35  9  6
T 1  -1 3 5  10  6
T 2  9 143 14  29  7
T 2  -2 39 35  31  7
T 2  1 33 5  32  7
ROW 2 1 12
T 0  -3 8 30  2  5
T 0  3 8 2  0  5
T 1  -5 6 3  11  6
T 1  1 3 14  7  6
T 1  1 6 30  13  6
T 1  -1 6 2  8  6
T 2  -3 143 35  33  7
T 2  3 143 105  25  7
T 2  5 39 3  35  7
T 2  -2 39 14  27  7
T 2  -1 66 30  37  7
T 2  1 66 2  28  7
ROW 2 2 9
T 0  3 4 35  3  5
T 1  1 3 35  14  6
T 1  1 1 1  15  6
T 1  -1 3 35  16  6
T 2  3 143 35  38  7
T 2  3 143 165  39  7
T 2  -2 39 35  40  7
T 2  -2 13 1  41  7
T 2  1 33 35  42  7
ROW 2 3 9
T 0  3 4 35  2  5
T 1  1 3 14  11  6
T 1  1 6 15  12  6
T 1  -1 3 35  13  6
T 2  3 286 30  33  7
T 2  9 286 110  34  7
T 2  -2 39 14  35  7
T 2  -1 39 15  36  7
T 2  1 33 35  37  7
ROW 2 4 7
T 0  9 4 7  1  5
T 1  1 1 1  9  6
T 1  -1 1 7  10  6
T 2  3 286 10  29  7
T 2  3 286 1430  30  7
T 2  -2 13 1  31  7
T 2  1 11 7  32  7
ROW 2 5 7
T 0  3 4 105  0  5
T 1  1 6 15  7  6
T 1  -1 3 105  8  6
T 2  3 286 2  25  7
T 2  3 286 2002  26  7
T 2  -1 39 15  27  7
T 2  1 33 105  28  7
