FORMAT 2
KERNEL J
SOURCE (s|J|s)^(m)
SHELLS 1 6
ORDERS 6 7

# E <id> <alpha> <beta> <mu> <p>
E 0 5 0 0 -6
E 1 5 0 1 -6

# G <id> <2k> <L> <M>
G 0 0 5 5
G 1 0 5 4
G 2 0 5 3
G 3 0 5 2
G 4 0 5 1
G 5 0 5 0
G 6 0 5 -1
G 7 0 5 -2
G 8 0 5 -3
G 9 0 5 -4
G 10 0 5 -5
G 11 0 7 5
G 12 0 7 7
G 13 2 5 5
G 14 0 7 4
G 15 0 7 6
G 16 2 5 4
G 17 0 7 3
G 18 2 5 3
G 19 0 7 2
G 20 2 5 2
G 21 0 7 1
G 22 2 5 1
G 23 0 7 0
G 24 2 5 0
G 25 0 7 -1
G 26 2 5 -1
G 27 0 7 -2
G 28 2 5 -2
G 29 0 7 -3
G 30 2 5 -3
G 31 0 7 -4
G 32 2 5 -4
G 33 0 7 -5
G 34 2 5 -5
G 35 0 7 -6
G 36 0 7 -7

# TABLE <l> <l'> <rows> [SYMMETRIC]
# ROW <m> <m'> <terms>
# T <prefactor> <num> <den> <radicand> <geometry> <boys order>

TABLE 1 6 39
ROW -1 -6 4
T 0  1 2 33  0  6
T 1  1 26 2  11  7
T 1  1 26 182  12  7
T 1  -1 13 33  13  7
ROW -1 -5 4
T 0  1 4 110  1  6
T 1  1 26 6  14  7
T 1  1 13 39  15  7
T 1  -1 26 110  16  7
ROW -1 -4 6
T 0  3 4 10  2  6
T 0  1 4 2  0  6
T 1  1 13 3  17  7
T 1  1 13 33  11  7
T 1  -3 26 10  18  7
T 1  -1 26 2  13  7
ROW -1 -3 6
T 0  3 2 2  3  6
T 0  1 4 6  1  6
T 1  1 13 5  19  7
T 1  1 26 110  14  7
T 1  -3 13 2  20  7
T 1  -1 26 6  16  7
ROW -1 -2 6
T 0  1 2 14  4  6
T 0  1 2 3  2  6
T 1  1 26 30  21  7
T 1  3 26 10  17  7
T 1  -1 13 14  22  7
T 1  -1 13 3  18  7
ROW -1 -1 6
T 0  1 2 21  5  6
T 0  1 2 5  3  6
T 1  1 13 21  23  7
T 1  3 13 2  19  7
T 1  -1 13 21  24  7
T 1  -1 13 5  20  7
ROW -1 0 3
T 0  -1 2 15  6  6
T 1  -2 13 7  25  7
T 1  1 13 15  26  7
ROW -1 1 3
T 0  -1 2 5  7  6
T 1  -3 13 2  27  7
T 1  1 13 5  28  7
ROW -1 2 6
T 0  -1 2 3  8  6
T 0  -1 2 14  6  6
T 1  -3 26 10  29  7
T 1  -1 26 30  25  7
T 1  1 13 3  30  7
T 1  1 13 14  26  7
ROW -1 3 6
T 0  -1 4 6  9  6
T 0  -3 2 2  7  6
T 1  -1 26 110  31  7
T 1  -1 13 5  27  7
T 1  1 26 6  32  7
T 1  3 13 2  28  7
ROW -1 4 6
T 0  -1 4 2  10  6
T 0  -3 4 10  8  6
T 1  -1 13 33  33  7
T 1  -1 13 3  29  7
T 1  1 26 2  34  7
T 1  3 26 10  30  7
ROW -1 5 4
T 0  -1 4 110  9  6
T 1  -1 13 39  35  7
T 1  -1 26 6  31  7
T 1  1 26 110  32  7
ROW -1 6 4
T 0  -1 2 33  10  6
T 1  -1 26 182  36  7
T 1  -1 26 2  33  7
T 1  1 13 33  34  7
ROW 0 -6 1
T 1  -1 13 13  35  7
ROW 0 -5 3
T 0  1 2 11  10  6
T 1  -2 13 6  33  7
T 1  -1 13 11  34  7
ROW 0 -4 3
T 0  1 1 5  9  6
T 1  -1 13 33  31  7
T 1  -2 13 5  32  7
ROW 0 -3 3
T 0  3 2 3  8  6
T 1  -2 13 10  29  7
T 1  -3 13 3  30  7
ROW 0 -2 3
T 0  2 1 2  7  6
T 1  -3 13 5  27  7
T 1  -4 13 2  28  7
ROW 0 -1 3
T 0  1 2 35  6  6
T 1  -4 13 3  25  7
T 1  -1 13 35  26  7
ROW 0 0 3
T 0  3 1 1  5  6
T 1  -7 13 1  23  7
T 1  -6 13 1  24  7
ROW 0 1 3
T 0  1 2 35  4  6
T 1  -4 13 3  21  7
T 1  -1 13 35  22  7
ROW 0 2 3
T 0  2 1 2  3  6
T 1  -3 13 5  19  7
T 1  -4 13 2  20  7
ROW 0 3 3
T 0  3 2 3  2  6
T 1  -2 13 10  17  7
T 1  -3 13 3  18  7
ROW 0 4 3
T 0  1 1 5  1  6
T 1  -1 13 33  14  7
T 1  -2 13 5  16  7
ROW 0 5 3
T 0  1 2 11  0  6
T 1  -2 13 6  11  7
T 1  -1 13 11  13  7
ROW 0 6 1
T 1  -1 13 13  15  7
ROW 1 -6 4
T 0  1 2 33  10  6
T 1  -1 26 182  36  7
T 1  1 26 2  33  7
T 1  -1 13 33  34  7
ROW 1 -5 4
T 0  1 4 110  9  6
T 1  -1 13 39  35  7
T 1  1 26 6  31  7
T 1  -1 26 110  32  7
ROW 1 -4 6
T 0  -1 4 2  10  6
T 0  3 4 10  8  6
T 1  -1 13 33  33  7
T 1  1 13 3  29  7
T 1  1 26 2  34  7
T 1  -3 26 10  30  7
ROW 1 -3 6
T 0  -1 4 6  9  6
T 0  3 2 2  7  6
T 1  -1 26 110  31  7
T 1  1 13 5  27  7
T 1  1 26 6  32  7
T 1  -3 13 2  28  7
ROW 1 -2 6
T 0  -1 2 3  8  6
T 0  1 2 14  6  6
T 1  -3 26 10  29  7
T 1  1 26 30  25  7
T 1  1 13 3  30  7
T 1  -1 13 14  26  7
ROW 1 -1 3
T 0  -1 2 5  7  6
T 1  -3 13 2  27  7
T 1  1 13 5  28  7
ROW 1 0 3
T 0  -1 2 15  4  6
T 1  -2 13 7  21  7
T 1  1 13 15  22  7
ROW 1 1 6
T 0  1 2 21  5  6
T 0  -1 2 5  3  6
T 1  1 13 21  23  7
T 1  -3 13 2  19  7
T 1  -1 13 21  24  7
T 1  1 13 5  20  7
ROW 1 2 6
T 0  1 2 14  4  6
T 0  -1 2 3  2  6
T 1  1 26 30  21  7
T 1  -3 26 10  17  7
T 1  -1 13 14  22  7
T 1  1 13 3  18  7
ROW 1 3 6
T 0  3 2 2  3  6
T 0  -1 4 6  1  6
T 1  1 13 5  19  7
T 1  -1 26 110  14  7
T 1  -3 13 2  20  7
T 1  1 26 6  16  7
ROW 1 4 6
T 0  3 4 10  2  6
T 0  -1 4 2  0  6
T 1  1 13 3  17  7
T 1  -1 13 33  11  7
T 1  -3 26 10  18  7
T 1  1 26 2  13  7
ROW 1 5 4
T 0  1 4 110  1  6
T 1  1 26 6  14  7
T 1  -1 13 39  15  7
T 1  -1 26 110  16  7
ROW 1 6 4
T 0  1 2 33  0  6
T 1  1 26 2  11  7
T 1  -1 26 182  12  7
T 1  -1 13 33  13  7
