FORMAT 2
KERNEL J
SOURCE (s|J|s)^(m)
SHELLS 2 2
ORDERS 2 4

# E <id> <alpha> <beta> <mu> <p>
E 0 0 0 0 -2
E 1 0 0 1 -2
E 2 0 0 2 -2

# G <id> <2k> <L> <M>
G 0 0 0 0
G 1 0 2 0
G 2 2 0 0
G 3 0 2 1
G 4 0 2 -2
G 5 0 2 -1
G 6 0 2 2
G 7 0 4 0
G 8 0 4 4
G 9 2 2 0
G 10 4 0 0
G 11 0 4 1
G 12 0 4 3
G 13 2 2 1
G 14 0 4 -2
G 15 2 2 -2
G 16 0 4 -3
G 17 0 4 -1
G 18 2 2 -1
G 19 0 4 -4
G 20 0 4 2
G 21 2 2 2

# TABLE <l> <l'> <rows> [SYMMETRIC]
# ROW <m> <m'> <terms>
# T <prefactor> <num> <den> <radicand> <geometry> <boys order>

TABLE 2 2 15 SYMMETRIC
ROW -2 -2 7
T 0  3 4 1  0  2
T 1  1 1 1  1  3
T 1  -1 1 1  2  3
T 2  3 35 1  7  4
T 2  -3 35 35  8  4
T 2  -2 7 1  9  4
T 2  1 5 1  10  4
ROW -2 -1 4
T 1  -1 2 3  3  3
T 2  -3 70 10  11  4
T 2  -3 70 70  12  4
T 2  1 7 3  13  4
ROW -2 0 3
T 1  1 1 1  4  3
T 2  3 35 15  14  4
T 2  -2 7 1  15  4
ROW -2 1 4
T 1  -1 2 3  5  3
T 2  3 70 70  16  4
T 2  -3 70 10  17  4
T 2  1 7 3  18  4
ROW -2 2 1
T 2  3 35 35  19  4
ROW -1 -1 9
T 0  3 4 1  0  2
T 1  -1 2 1  1  3
T 1  1 2 3  6  3
T 1  -1 1 1  2  3
T 2  -12 35 1  7  4
T 2  -6 35 5  20  4
T 2  1 7 1  9  4
T 2  -1 7 3  21  4
T 2  1 5 1  10  4
ROW -1 0 3
T 1  -1 2 1  5  3
T 2  3 35 30  17  4
T 2  1 7 1  18  4
ROW -1 1 3
T 1  -1 2 3  4  3
T 2  6 35 5  14  4
T 2  1 7 3  15  4
ROW -1 2 4
T 1  1 2 3  5  3
T 2  3 70 70  16  4
T 2  3 70 10  17  4
T 2  -1 7 3  18  4
ROW 0 0 6
T 0  3 4 1  0  2
T 1  -1 1 1  1  3
T 1  -1 1 1  2  3
T 2  18 35 1  7  4
T 2  2 7 1  9  4
T 2  1 5 1  10  4
ROW 0 1 3
T 1  -1 2 1  3  3
T 2  3 35 30  11  4
T 2  1 7 1  13  4
ROW 0 2 3
T 1  1 1 1  6  3
T 2  3 35 15  20  4
T 2  -2 7 1  21  4
ROW 1 1 9
T 0  3 4 1  0  2
T 1  -1 2 1  1  3
T 1  -1 2 3  6  3
T 1  -1 1 1  2  3
T 2  -12 35 1  7  4
T 2  6 35 5  20  4
T 2  1 7 1  9  4
T 2  1 7 3  21  4
T 2  1 5 1  10  4
ROW 1 2 4
T 1  -1 2 3  3  3
T 2  -3 70 10  11  4
T 2  3 70 70  12  4
T 2  1 7 3  13  4
ROW 2 2 7
T 0  3 4 1  0  2
T 1  1 1 1  1  3
T 1  -1 1 1  2  3
T 2  3 35 1  7  4
T 2  3 35 35  8  4
T 2  -2 7 1  9  4
T 2  1 5 1  10  4
