FORMAT 2
KERNEL J
SOURCE (s|J|s)^(m)
SHELLS 4 3
ORDERS 4 7

# E <id> <alpha> <beta> <mu> <p>
E 0 0 1 0 -4
E 1 0 1 1 -4
E 2 0 1 2 -4
E 3 0 1 3 -4

# G <id> <2k> <L> <M>
G 0 0 1 1
G 1 0 1 -1
G 2 0 1 0
G 3 0 3 1
G 4 2 1 1
G 5 0 3 2
G 6 0 3 3
G 7 0 3 -3
G 8 0 3 -2
G 9 0 3 -1
G 10 2 1 -1
G 11 0 3 0
G 12 2 1 0
G 13 0 5 1
G 14 2 3 1
G 15 4 1 1
G 16 0 5 2
G 17 2 3 2
G 18 0 5 3
G 19 0 5 5
G 20 2 3 3
G 21 0 5 -4
G 22 0 5 -5
G 23 0 5 -3
G 24 2 3 -3
G 25 0 5 -2
G 26 2 3 -2
G 27 0 5 -1
G 28 2 3 -1
G 29 4 1 -1
G 30 0 5 0
G 31 2 3 0
G 32 4 1 0
G 33 0 5 4
G 34 0 7 1
G 35 0 7 7
G 36 2 5 1
G 37 4 3 1
G 38 6 1 1
G 39 0 7 2
G 40 0 7 6
G 41 2 5 2
G 42 4 3 2
G 43 0 7 3
G 44 0 7 5
G 45 2 5 3
G 46 2 5 5
G 47 4 3 3
G 48 0 7 -4
G 49 2 5 -4
G 50 0 7 -5
G 51 0 7 -3
G 52 2 5 -5
G 53 2 5 -3
G 54 4 3 -3
G 55 0 7 -6
G 56 0 7 -2
G 57 2 5 -2
G 58 4 3 -2
G 59 0 7 -7
G 60 0 7 -1
G 61 2 5 -1
G 62 4 3 -1
G 63 6 1 -1
G 64 0 7 0
G 65 2 5 0
G 66 4 3 0
G 67 6 1 0
G 68 0 7 4
G 69 2 5 4

# TABLE <l> <l'> <rows> [SYMMETRIC]
# ROW <m> <m'> <terms>
# T <prefactor> <num> <den> <radicand> <geometry> <boys order>

TABLE 4 3 63
ROW -4 -3 11
T 0  -15 8 14  0  4
T 1  -3 4 21  3  5
T 1  9 4 14  4  5
T 2  -1 42 210  13  6
T 2  1 3 21  14  6
T 2  -9 14 14  15  6
T 3  -5 858 2  34  7
T 3  -5 858 6006  35  7
T 3  1 273 210  36  7
T 3  -1 33 21  37  7
T 3  1 21 14  38  7
ROW -4 -2 7
T 1  3 4 35  5  5
T 2  1 3 5  16  6
T 2  -1 3 35  17  6
T 3  5 286 2  39  7
T 3  -5 286 286  40  7
T 3  -2 39 5  41  7
T 3  1 33 35  42  7
ROW -4 -1 9
T 1  -3 4 21  6  5
T 2  -2 3 3  18  6
T 2  -1 3 15  19  6
T 2  1 3 21  20  6
T 3  -5 286 10  43  7
T 3  -5 286 110  44  7
T 3  4 39 3  45  7
T 3  2 39 15  46  7
T 3  -1 33 21  47  7
ROW -4 0 3
T 2  2 1 1  21  6
T 3  5 429 165  48  7
T 3  -4 13 1  49  7
ROW -4 1 9
T 1  -3 4 21  7  5
T 2  1 3 15  22  6
T 2  -2 3 3  23  6
T 2  1 3 21  24  6
T 3  5 286 110  50  7
T 3  -5 286 10  51  7
T 3  -2 39 15  52  7
T 3  4 39 3  53  7
T 3  -1 33 21  54  7
ROW -4 2 7
T 1  3 4 35  8  5
T 2  1 3 5  25  6
T 2  -1 3 35  26  6
T 3  5 286 286  55  7
T 3  5 286 2  56  7
T 3  -2 39 5  57  7
T 3  1 33 35  58  7
ROW -4 3 11
T 0  -15 8 14  1  4
T 1  -3 4 21  9  5
T 1  9 4 14  10  5
T 2  -1 42 210  27  6
T 2  1 3 21  28  6
T 2  -9 14 14  29  6
T 3  5 858 6006  59  7
T 3  -5 858 2  60  7
T 3  1 273 210  61  7
T 3  -1 33 21  62  7
T 3  1 21 14  63  7
ROW -3 -3 11
T 0  -15 8 7  2  4
T 1  -9 4 7  11  5
T 1  9 4 7  12  5
T 2  -5 14 7  30  6
T 2  1 1 7  31  6
T 2  -9 14 7  32  6
T 3  -5 429 7  64  7
T 3  -5 429 858  40  7
T 3  5 91 7  65  7
T 3  -1 11 7  66  7
T 3  1 21 7  67  7
ROW -3 -2 13
T 0  -15 16 42  0  4
T 1  3 4 7  3  5
T 1  9 8 42  4  5
T 2  11 84 70  13  6
T 2  5 6 3  19  6
T 2  -1 3 7  14  6
T 2  -9 28 42  15  6
T 3  10 429 6  34  7
T 3  -10 143 22  44  7
T 3  -11 546 70  36  7
T 3  -5 39 3  46  7
T 3  1 33 7  37  7
T 3  1 42 42  38  7
ROW -3 -1 9
T 1  3 4 7  5  5
T 2  -7 6 1  16  6
T 2  1 6 3  33  6
T 2  -1 3 7  17  6
T 3  -5 143 10  39  7
T 3  -5 143 55  68  7
T 3  7 39 1  41  7
T 3  -1 39 3  69  7
T 3  1 33 7  42  7
ROW -3 0 6
T 1  -9 4 7  7  5
T 2  1 1 1  23  6
T 2  1 1 7  24  6
T 3  20 429 30  51  7
T 3  -2 13 1  53  7
T 3  -1 11 7  54  7
ROW -3 1 9
T 1  3 4 7  8  5
T 2  -1 6 3  21  6
T 2  -7 6 1  25  6
T 2  -1 3 7  26  6
T 3  5 143 55  48  7
T 3  -5 143 10  56  7
T 3  1 39 3  49  7
T 3  7 39 1  57  7
T 3  1 33 7  58  7
ROW -3 2 13
T 0  -15 16 42  1  4
T 1  3 4 7  9  5
T 1  9 8 42  10  5
T 2  -5 6 3  22  6
T 2  11 84 70  27  6
T 2  -1 3 7  28  6
T 2  -9 28 42  29  6
T 3  10 143 22  50  7
T 3  10 429 6  60  7
T 3  5 39 3  52  7
T 3  -11 546 70  61  7
T 3  1 33 7  62  7
T 3  1 42 42  63  7
ROW -3 3 1
T 3  5 429 858  55  7
ROW -2 -3 13
T 0  15 16 2  0  4
T 1  9 4 3  3  5
T 1  -9 8 2  4  5
T 2  5 28 30  13  6
T 2  -5 14 7  19  6
T 2  -1 1 3  14  6
T 2  9 28 2  15  6
T 3  5 429 14  34  7
T 3  -5 429 462  44  7
T 3  -5 182 30  36  7
T 3  5 91 7  46  7
T 3  1 11 3  37  7
T 3  -1 42 2  38  7
ROW -2 -2 13
T 0  -15 4 3  2  4
T 1  -3 4 3  11  5
T 1  9 2 3  12  5
T 2  20 21 3  30  6
T 2  2 21 105  33  6
T 2  1 3 3  31  6
T 2  -9 7 3  32  6
T 3  35 429 3  64  7
T 3  -5 143 77  68  7
T 3  -40 273 3  65  7
T 3  -4 273 105  69  7
T 3  -1 33 3  66  7
T 3  2 21 3  67  7
ROW -2 -1 16
T 0  -15 16 30  0  4
T 1  3 2 5  3  5
T 1  -9 4 3  6  5
T 1  9 8 30  4  5
T 2  -43 84 2  13  6
T 2  3 14 21  18  6
T 2  -2 3 5  14  6
T 2  1 1 3  20  6
T 2  -9 28 30  15  6
T 3  -5 429 210  34  7
T 3  -5 143 70  43  7
T 3  43 546 2  36  7
T 3  -3 91 21  45  7
T 3  2 33 5  37  7
T 3  -1 11 3  47  7
T 3  1 42 30  38  7
ROW -2 0 6
T 1  -3 4 3  8  5
T 2  -1 21 21  25  6
T 2  1 3 3  26  6
T 3  10 429 210  56  7
T 3  2 273 21  57  7
T 3  -1 33 3  58  7
ROW -2 1 16
T 0  -15 16 30  1  4
T 1  9 4 3  7  5
T 1  3 2 5  9  5
T 1  9 8 30  10  5
T 2  -3 14 21  23  6
T 2  -43 84 2  27  6
T 2  -1 1 3  24  6
T 2  -2 3 5  28  6
T 2  -9 28 30  29  6
T 3  5 143 70  51  7
T 3  -5 429 210  60  7
T 3  3 91 21  53  7
T 3  43 546 2  61  7
T 3  1 11 3  54  7
T 3  2 33 5  62  7
T 3  1 42 30  63  7
ROW -2 2 3
T 2  -2 21 105  21  6
T 3  5 143 77  48  7
T 3  4 273 105  49  7
ROW -2 3 13
T 0  -15 16 2  1  4
T 1  -9 4 3  9  5
T 1  9 8 2  10  5
T 2  5 14 7  22  6
T 2  -5 28 30  27  6
T 2  1 1 3  28  6
T 2  -9 28 2  29  6
T 3  5 429 462  50  7
T 3  -5 429 14  60  7
T 3  -5 91 7  52  7
T 3  5 182 30  61  7
T 3  -1 11 3  62  7
T 3  1 42 2  63  7
ROW -1 -3 9
T 1  -3 4 15  5  5
T 2  -5 42 105  16  6
T 2  -3 14 35  33  6
T 2  1 3 15  17  6
T 3  -5 429 42  39  7
T 3  -5 429 231  68  7
T 3  5 273 105  41  7
T 3  3 91 35  69  7
T 3  -1 33 15  42  7
ROW -1 -2 16
T 0  15 16 6  0  4
T 1  3 1 1  3  5
T 1  3 4 15  6  5
T 1  -9 8 6  4  5
T 2  -25 84 10  13  6
T 2  1 42 105  18  6
T 2  -4 3 1  14  6
T 2  -1 3 15  20  6
T 2  9 28 6  15  6
T 3  -10 429 42  34  7
T 3  -10 143 14  43  7
T 3  25 546 10  36  7
T 3  -1 273 105  45  7
T 3  4 33 1  37  7
T 3  1 33 15  47  7
T 3  -1 42 6  38  7
ROW -1 -1 16
T 0  -15 8 15  2  4
T 1  3 4 15  11  5
T 1  -3 1 1  5  5
T 1  9 4 15  12  5
T 2  -1 42 15  30  6
T 2  8 21 7  16  6
T 2  -1 3 15  31  6
T 2  4 3 1  17  6
T 2  -9 14 15  32  6
T 3  -35 429 15  64  7
T 3  -5 143 70  39  7
T 3  1 273 15  65  7
T 3  -16 273 7  41  7
T 3  1 33 15  66  7
T 3  -4 33 1  42  7
T 3  1 21 15  67  7
ROW -1 0 10
T 0  -15 8 10  1  4
T 1  3 4 15  9  5
T 1  9 4 10  10  5
T 2  -19 42 6  27  6
T 2  -1 3 15  28  6
T 2  -9 14 10  29  6
T 3  20 429 70  60  7
T 3  19 273 6  61  7
T 3  1 33 15  62  7
T 3  1 21 10  63  7
ROW -1 1 6
T 1  3 1 1  8  5
T 2  -8 21 7  25  6
T 2  -4 3 1  26  6
T 3  5 143 70  56  7
T 3  16 273 7  57  7
T 3  4 33 1  58  7
ROW -1 2 16
T 0  -15 16 6  1  4
T 1  -3 4 15  7  5
T 1  -3 1 1  9  5
T 1  9 8 6  10  5
T 2  -1 42 105  23  6
T 2  25 84 10  27  6
T 2  1 3 15  24  6
T 2  4 3 1  28  6
T 2  -9 28 6  29  6
T 3  10 143 14  51  7
T 3  10 429 42  60  7
T 3  1 273 105  53  7
T 3  -25 546 10  61  7
T 3  -1 33 15  54  7
T 3  -4 33 1  62  7
T 3  1 42 6  63  7
ROW -1 3 9
T 1  3 4 15  8  5
T 2  3 14 35  21  6
T 2  5 42 105  25  6
T 2  -1 3 15  26  6
T 3  5 429 231  48  7
T 3  5 429 42  56  7
T 3  -3 91 35  49  7
T 3  -5 273 105  57  7
T 3  1 33 15  58  7
ROW 0 -3 6
T 1  9 4 1  7  5
T 2  5 7 7  23  6
T 2  -1 1 1  24  6
T 3  5 429 210  51  7
T 3  -10 91 7  53  7
T 3  1 11 1  54  7
ROW 0 -2 6
T 1  -21 4 1  8  5
T 2  5 21 7  25  6
T 2  7 3 1  26  6
T 3  5 143 70  56  7
T 3  -10 273 7  57  7
T 3  -7 33 1  58  7
ROW 0 -1 10
T 0  15 8 6  1  4
T 1  3 4 1  9  5
T 1  -9 4 6  10  5
T 2  -11 42 10  27  6
T 2  -1 3 1  28  6
T 2  9 14 6  29  6
T 3  25 429 42  60  7
T 3  11 273 10  61  7
T 3  1 33 1  62  7
T 3  -1 21 6  63  7
ROW 0 0 10
T 0  -15 2 1  2  4
T 1  9 2 1  11  5
T 1  9 1 1  12  5
T 2  -10 7 1  30  6
T 2  -2 1 1  31  6
T 2  -18 7 1  32  6
T 3  175 429 1  64  7
T 3  20 91 1  65  7
T 3  2 11 1  66  7
T 3  4 21 1  67  7
ROW 0 1 10
T 0  15 8 6  0  4
T 1  3 4 1  3  5
T 1  -9 4 6  4  5
T 2  -11 42 10  13  6
T 2  -1 3 1  14  6
T 2  9 14 6  15  6
T 3  25 429 42  34  7
T 3  11 273 10  36  7
T 3  1 33 1  37  7
T 3  -1 21 6  38  7
ROW 0 2 6
T 1  -21 4 1  5  5
T 2  5 21 7  16  6
T 2  7 3 1  17  6
T 3  5 143 70  39  7
T 3  -10 273 7  41  7
T 3  -7 33 1  42  7
ROW 0 3 6
T 1  9 4 1  6  5
T 2  5 7 7  18  6
T 2  -1 1 1  20  6
T 3  5 429 210  43  7
T 3  -10 91 7  45  7
T 3  1 11 1  47  7
ROW 1 -3 9
T 1  -3 4 15  8  5
T 2  3 14 35  21  6
T 2  -5 42 105  25  6
T 2  1 3 15  26  6
T 3  5 429 231  48  7
T 3  -5 429 42  56  7
T 3  -3 91 35  49  7
T 3  5 273 105  57  7
T 3  -1 33 15  58  7
ROW 1 -2 16
T 0  15 16 6  1  4
T 1  -3 4 15  7  5
T 1  3 1 1  9  5
T 1  -9 8 6  10  5
T 2  -1 42 105  23  6
T 2  -25 84 10  27  6
T 2  1 3 15  24  6
T 2  -4 3 1  28  6
T 2  9 28 6  29  6
T 3  10 143 14  51  7
T 3  -10 429 42  60  7
T 3  1 273 105  53  7
T 3  25 546 10  61  7
T 3  -1 33 15  54  7
T 3  4 33 1  62  7
T 3  -1 42 6  63  7
ROW 1 -1 6
T 1  3 1 1  8  5
T 2  -8 21 7  25  6
T 2  -4 3 1  26  6
T 3  5 143 70  56  7
T 3  16 273 7  57  7
T 3  4 33 1  58  7
ROW 1 0 10
T 0  -15 8 10  0  4
T 1  3 4 15  3  5
T 1  9 4 10  4  5
T 2  -19 42 6  13  6
T 2  -1 3 15  14  6
T 2  -9 14 10  15  6
T 3  20 429 70  34  7
T 3  19 273 6  36  7
T 3  1 33 15  37  7
T 3  1 21 10  38  7
ROW 1 1 16
T 0  -15 8 15  2  4
T 1  3 4 15  11  5
T 1  3 1 1  5  5
T 1  9 4 15  12  5
T 2  -1 42 15  30  6
T 2  -8 21 7  16  6
T 2  -1 3 15  31  6
T 2  -4 3 1  17  6
T 2  -9 14 15  32  6
T 3  -35 429 15  64  7
T 3  5 143 70  39  7
T 3  1 273 15  65  7
T 3  16 273 7  41  7
T 3  1 33 15  66  7
T 3  4 33 1  42  7
T 3  1 21 15  67  7
ROW 1 2 16
T 0  15 16 6  0  4
T 1  3 1 1  3  5
T 1  -3 4 15  6  5
T 1  -9 8 6  4  5
T 2  -25 84 10  13  6
T 2  -1 42 105  18  6
T 2  -4 3 1  14  6
T 2  1 3 15  20  6
T 2  9 28 6  15  6
T 3  -10 429 42  34  7
T 3  10 143 14  43  7
T 3  25 546 10  36  7
T 3  1 273 105  45  7
T 3  4 33 1  37  7
T 3  -1 33 15  47  7
T 3  -1 42 6  38  7
ROW 1 3 9
T 1  -3 4 15  5  5
T 2  -5 42 105  16  6
T 2  3 14 35  33  6
T 2  1 3 15  17  6
T 3  -5 429 42  39  7
T 3  5 429 231  68  7
T 3  5 273 105  41  7
T 3  -3 91 35  69  7
T 3  -1 33 15  42  7
ROW 2 -3 13
T 0  15 16 2  1  4
T 1  9 4 3  9  5
T 1  -9 8 2  10  5
T 2  5 14 7  22  6
T 2  5 28 30  27  6
T 2  -1 1 3  28  6
T 2  9 28 2  29  6
T 3  5 429 462  50  7
T 3  5 429 14  60  7
T 3  -5 91 7  52  7
T 3  -5 182 30  61  7
T 3  1 11 3  62  7
T 3  -1 42 2  63  7
ROW 2 -2 3
T 2  -2 21 105  21  6
T 3  5 143 77  48  7
T 3  4 273 105  49  7
ROW 2 -1 16
T 0  15 16 30  1  4
T 1  9 4 3  7  5
T 1  -3 2 5  9  5
T 1  -9 8 30  10  5
T 2  -3 14 21  23  6
T 2  43 84 2  27  6
T 2  -1 1 3  24  6
T 2  2 3 5  28  6
T 2  9 28 30  29  6
T 3  5 143 70  51  7
T 3  5 429 210  60  7
T 3  3 91 21  53  7
T 3  -43 546 2  61  7
T 3  1 11 3  54  7
T 3  -2 33 5  62  7
T 3  -1 42 30  63  7
ROW 2 0 6
T 1  -3 4 3  5  5
T 2  -1 21 21  16  6
T 2  1 3 3  17  6
T 3  10 429 210  39  7
T 3  2 273 21  41  7
T 3  -1 33 3  42  7
ROW 2 1 16
T 0  -15 16 30  0  4
T 1  3 2 5  3  5
T 1  9 4 3  6  5
T 1  9 8 30  4  5
T 2  -43 84 2  13  6
T 2  -3 14 21  18  6
T 2  -2 3 5  14  6
T 2  -1 1 3  20  6
T 2  -9 28 30  15  6
T 3  -5 429 210  34  7
T 3  5 143 70  43  7
T 3  43 546 2  36  7
T 3  3 91 21  45  7
T 3  2 33 5  37  7
T 3  1 11 3  47  7
T 3  1 42 30  38  7
ROW 2 2 13
T 0  -15 4 3  2  4
T 1  -3 4 3  11  5
T 1  9 2 3  12  5
T 2  20 21 3  30  6
T 2  -2 21 105  33  6
T 2  1 3 3  31  6
T 2  -9 7 3  32  6
T 3  35 429 3  64  7
T 3  5 143 77  68  7
T 3  -40 273 3  65  7
T 3  4 273 105  69  7
T 3  -1 33 3  66  7
T 3  2 21 3  67  7
ROW 2 3 13
T 0  15 16 2  0  4
T 1  9 4 3  3  5
T 1  -9 8 2  4  5
T 2  5 28 30  13  6
T 2  5 14 7  19  6
T 2  -1 1 3  14  6
T 2  9 28 2  15  6
T 3  5 429 14  34  7
T 3  5 429 462  44  7
T 3  -5 182 30  36  7
T 3  -5 91 7  46  7
T 3  1 11 3  37  7
T 3  -1 42 2  38  7
ROW 3 -3 1
T 3  5 429 858  55  7
ROW 3 -2 13
T 0  15 16 42  1  4
T 1  -3 4 7  9  5
T 1  -9 8 42  10  5
T 2  -5 6 3  22  6
T 2  -11 84 70  27  6
T 2  1 3 7  28  6
T 2  9 28 42  29  6
T 3  10 143 22  50  7
T 3  -10 429 6  60  7
T 3  5 39 3  52  7
T 3  11 546 70  61  7
T 3  -1 33 7  62  7
T 3  -1 42 42  63  7
ROW 3 -1 9
T 1  -3 4 7  8  5
T 2  -1 6 3  21  6
T 2  7 6 1  25  6
T 2  1 3 7  26  6
T 3  5 143 55  48  7
T 3  5 143 10  56  7
T 3  1 39 3  49  7
T 3  -7 39 1  57  7
T 3  -1 33 7  58  7
ROW 3 0 6
T 1  -9 4 7  6  5
T 2  1 1 1  18  6
T 2  1 1 7  20  6
T 3  20 429 30  43  7
T 3  -2 13 1  45  7
T 3  -1 11 7  47  7
ROW 3 1 9
T 1  3 4 7  5  5
T 2  -7 6 1  16  6
T 2  -1 6 3  33  6
T 2  -1 3 7  17  6
T 3  -5 143 10  39  7
T 3  5 143 55  68  7
T 3  7 39 1  41  7
T 3  1 39 3  69  7
T 3  1 33 7  42  7
ROW 3 2 13
T 0  -15 16 42  0  4
T 1  3 4 7  3  5
T 1  9 8 42  4  5
T 2  11 84 70  13  6
T 2  -5 6 3  19  6
T 2  -1 3 7  14  6
T 2  -9 28 42  15  6
T 3  10 429 6  34  7
T 3  10 143 22  44  7
T 3  -11 546 70  36  7
T 3  5 39 3  46  7
T 3  1 33 7  37  7
T 3  1 42 42  38  7
ROW 3 3 11
T 0  -15 8 7  2  4
T 1  -9 4 7  11  5
T 1  9 4 7  12  5
T 2  -5 14 7  30  6
T 2  1 1 7  31  6
T 2  -9 14 7  32  6
T 3  -5 429 7  64  7
T 3  5 429 858  40  7
T 3  5 91 7  65  7
T 3  -1 11 7  66  7
T 3  1 21 7  67  7
ROW 4 -3 11
T 0  15 8 14  1  4
T 1  3 4 21  9  5
T 1  -9 4 14  10  5
T 2  1 42 210  27  6
T 2  -1 3 21  28  6
T 2  9 14 14  29  6
T 3  5 858 6006  59  7
T 3  5 858 2  60  7
T 3  -1 273 210  61  7
T 3  1 33 21  62  7
T 3  -1 21 14  63  7
ROW 4 -2 7
T 1  -3 4 35  8  5
T 2  -1 3 5  25  6
T 2  1 3 35  26  6
T 3  5 286 286  55  7
T 3  -5 286 2  56  7
T 3  2 39 5  57  7
T 3  -1 33 35  58  7
ROW 4 -1 9
T 1  3 4 21  7  5
T 2  1 3 15  22  6
T 2  2 3 3  23  6
T 2  -1 3 21  24  6
T 3  5 286 110  50  7
T 3  5 286 10  51  7
T 3  -2 39 15  52  7
T 3  -4 39 3  53  7
T 3  1 33 21  54  7
ROW 4 0 3
T 2  2 1 1  33  6
T 3  5 429 165  68  7
T 3  -4 13 1  69  7
ROW 4 1 9
T 1  -3 4 21  6  5
T 2  -2 3 3  18  6
T 2  1 3 15  19  6
T 2  1 3 21  20  6
T 3  -5 286 10  43  7
T 3  5 286 110  44  7
T 3  4 39 3  45  7
T 3  -2 39 15  46  7
T 3  -1 33 21  47  7
ROW 4 2 7
T 1  3 4 35  5  5
T 2  1 3 5  16  6
T 2  -1 3 35  17  6
T 3  5 286 2  39  7
T 3  5 286 286  40  7
T 3  -2 39 5  41  7
T 3  1 33 35  42  7
ROW 4 3 11
T 0  -15 8 14  0  4
T 1  -3 4 21  3  5
T 1  9 4 14  4  5
T 2  -1 42 210  13  6
T 2  1 3 21  14  6
T 2  -9 14 14  15  6
T 3  -5 858 2  34  7
T 3  5 858 6006  35  7
T 3  1 273 210  36  7
T 3  -1 33 21  37  7
T 3  1 21 14  38  7
