FORMAT 2
KERNEL J
SOURCE (s|J|s)^(m)
SHELLS 4 4
ORDERS 4 8

# E <id> <alpha> <beta> <mu> <p>
E 0 0 0 0 -4
E 1 0 0 1 -4
E 2 0 0 2 -4
E 3 0 0 3 -4
E 4 0 0 4 -4

# G <id> <2k> <L> <M>
G 0 0 0 0
G 1 0 2 0
G 2 2 0 0
G 3 0 2 1
G 4 0 2 2
G 5 0 2 -2
G 6 0 2 -1
G 7 0 4 0
G 8 2 2 0
G 9 4 0 0
G 10 0 4 1
G 11 2 2 1
G 12 0 4 2
G 13 2 2 2
G 14 0 4 3
G 15 0 4 -4
G 16 0 4 -3
G 17 0 4 -2
G 18 2 2 -2
G 19 0 4 -1
G 20 2 2 -1
G 21 0 4 4
G 22 0 6 0
G 23 2 4 0
G 24 4 2 0
G 25 6 0 0
G 26 0 6 1
G 27 2 4 1
G 28 4 2 1
G 29 0 6 2
G 30 0 6 6
G 31 2 4 2
G 32 4 2 2
G 33 0 6 3
G 34 0 6 5
G 35 2 4 3
G 36 0 6 -4
G 37 2 4 -4
G 38 0 6 -5
G 39 0 6 -3
G 40 2 4 -3
G 41 0 6 -6
G 42 0 6 -2
G 43 2 4 -2
G 44 4 2 -2
G 45 0 6 -1
G 46 2 4 -1
G 47 4 2 -1
G 48 0 6 4
G 49 2 4 4
G 50 0 8 0
G 51 0 8 8
G 52 2 6 0
G 53 4 4 0
G 54 6 2 0
G 55 8 0 0
G 56 0 8 1
G 57 0 8 7
G 58 2 6 1
G 59 4 4 1
G 60 6 2 1
G 61 0 8 2
G 62 0 8 6
G 63 2 6 2
G 64 2 6 6
G 65 4 4 2
G 66 6 2 2
G 67 0 8 3
G 68 0 8 5
G 69 2 6 3
G 70 2 6 5
G 71 4 4 3
G 72 0 8 -4
G 73 2 6 -4
G 74 4 4 -4
G 75 0 8 -5
G 76 0 8 -3
G 77 2 6 -5
G 78 2 6 -3
G 79 4 4 -3
G 80 0 8 -6
G 81 0 8 -2
G 82 2 6 -6
G 83 2 6 -2
G 84 4 4 -2
G 85 6 2 -2
G 86 0 8 -7
G 87 0 8 -1
G 88 2 6 -1
G 89 4 4 -1
G 90 6 2 -1
G 91 0 8 -8
G 92 0 8 4
G 93 2 6 4
G 94 4 4 4

# TABLE <l> <l'> <rows> [SYMMETRIC]
# ROW <m> <m'> <terms>
# T <prefactor> <num> <den> <radicand> <geometry> <boys order>

TABLE 4 4 45 SYMMETRIC
ROW -4 -4 16
T 0  105 16 1  0  4
T 1  35 2 1  1  5
T 1  -35 2 1  2  5
T 2  9 2 1  7  6
T 2  -15 1 1  8  6
T 2  21 2 1  9  6
T 3  10 33 1  22  7
T 3  -18 11 1  23  7
T 3  10 3 1  24  7
T 3  -2 1 1  25  7
T 4  7 1287 1  50  8
T 4  -7 429 715  51  8
T 4  -4 99 1  52  8
T 4  18 143 1  53  8
T 4  -20 99 1  54  8
T 4  1 9 1  55  8
ROW -4 -3 11
T 1  -35 8 6  3  5
T 2  -9 4 5  10  6
T 2  15 4 6  11  6
T 3  -5 66 42  26  7
T 3  9 11 5  27  7
T 3  -5 6 6  28  7
T 4  -7 858 2  56  8
T 4  -7 858 1430  57  8
T 4  1 99 42  58  8
T 4  -9 143 5  59  8
T 4  5 99 6  60  8
ROW -4 -2 13
T 1  5 4 21  4  5
T 2  27 28 35  12  6
T 2  -15 14 21  13  6
T 3  5 33 30  29  7
T 3  -5 33 66  30  7
T 3  -27 77 35  31  7
T 3  5 21 21  32  7
T 4  7 858 10  61  8
T 4  -7 2574 6006  62  8
T 4  -2 99 30  63  8
T 4  2 99 66  64  8
T 4  27 1001 35  65  8
T 4  -10 693 21  66  8
ROW -4 -1 9
T 2  -9 4 5  14  6
T 3  -10 33 15  33  7
T 3  -5 11 11  34  7
T 3  9 11 5  35  7
T 4  -7 2574 330  67  8
T 4  -7 858 286  68  8
T 4  4 99 15  69  8
T 4  2 33 11  70  8
T 4  -9 143 5  71  8
ROW -4 0 6
T 2  9 2 1  15  6
T 3  10 11 5  36  7
T 3  -18 11 1  37  7
T 4  7 429 55  72  8
T 4  -4 33 5  73  8
T 4  18 143 1  74  8
ROW -4 1 9
T 2  -9 4 5  16  6
T 3  5 11 11  38  7
T 3  -10 33 15  39  7
T 3  9 11 5  40  7
T 4  7 858 286  75  8
T 4  -7 2574 330  76  8
T 4  -2 33 11  77  8
T 4  4 99 15  78  8
T 4  -9 143 5  79  8
ROW -4 2 13
T 1  5 4 21  5  5
T 2  27 28 35  17  6
T 2  -15 14 21  18  6
T 3  5 33 66  41  7
T 3  5 33 30  42  7
T 3  -27 77 35  43  7
T 3  5 21 21  44  7
T 4  7 2574 6006  80  8
T 4  7 858 10  81  8
T 4  -2 99 66  82  8
T 4  -2 99 30  83  8
T 4  27 1001 35  84  8
T 4  -10 693 21  85  8
ROW -4 3 11
T 1  -35 8 6  6  5
T 2  -9 4 5  19  6
T 2  15 4 6  20  6
T 3  -5 66 42  45  7
T 3  9 11 5  46  7
T 3  -5 6 6  47  7
T 4  7 858 1430  86  8
T 4  -7 858 2  87  8
T 4  1 99 42  88  8
T 4  -9 143 5  89  8
T 4  5 99 6  90  8
ROW -4 4 1
T 4  7 429 715  91  8
ROW -3 -3 18
T 0  105 16 1  0  4
T 1  35 8 1  1  5
T 1  -35 2 1  2  5
T 2  -27 4 1  7  6
T 2  -15 4 1  8  6
T 2  21 2 1  9  6
T 3  -85 66 1  22  7
T 3  5 66 462  30  7
T 3  27 11 1  23  7
T 3  5 6 1  24  7
T 3  -2 1 1  25  7
T 4  -56 1287 1  50  8
T 4  -14 1287 858  62  8
T 4  17 99 1  52  8
T 4  -1 99 462  64  8
T 4  -27 143 1  53  8
T 4  -5 99 1  54  8
T 4  1 9 1  55  8
ROW -3 -2 13
T 1  -25 16 42  3  5
T 2  9 28 35  10  6
T 2  75 56 42  11  6
T 3  65 132 6  26  7
T 3  5 22 11  34  7
T 3  -9 77 35  27  7
T 3  -25 84 42  28  7
T 4  7 429 14  56  8
T 4  -7 429 286  68  8
T 4  -13 198 6  58  8
T 4  -1 33 11  70  8
T 4  9 1001 35  59  8
T 4  25 1386 42  60  8
ROW -3 -1 16
T 1  15 8 21  4  5
T 2  9 28 35  12  6
T 2  9 4 5  21  6
T 2  -45 28 21  13  6
T 3  -5 22 30  29  7
T 3  -5 22 1  48  7
T 3  -9 77 35  31  7
T 3  -9 11 5  49  7
T 3  5 14 21  32  7
T 4  -14 429 10  61  8
T 4  -28 429 11  92  8
T 4  1 33 30  63  8
T 4  1 33 1  93  8
T 4  9 1001 35  65  8
T 4  9 143 5  94  8
T 4  -5 231 21  66  8
ROW -3 0 6
T 2  -27 4 1  16  6
T 3  25 33 3  39  7
T 3  27 11 1  40  7
T 4  35 1287 66  76  8
T 4  -10 99 3  78  8
T 4  -27 143 1  79  8
ROW -3 1 16
T 1  15 8 21  5  5
T 2  -9 4 5  15  6
T 2  9 28 35  17  6
T 2  -45 28 21  18  6
T 3  5 22 1  36  7
T 3  -5 22 30  42  7
T 3  9 11 5  37  7
T 3  -9 77 35  43  7
T 3  5 14 21  44  7
T 4  28 429 11  72  8
T 4  -14 429 10  81  8
T 4  -1 33 1  73  8
T 4  1 33 30  83  8
T 4  -9 143 5  74  8
T 4  9 1001 35  84  8
T 4  -5 231 21  85  8
ROW -3 2 13
T 1  -25 16 42  6  5
T 2  9 28 35  19  6
T 2  75 56 42  20  6
T 3  -5 22 11  38  7
T 3  65 132 6  45  7
T 3  -9 77 35  46  7
T 3  -25 84 42  47  7
T 4  7 429 286  75  8
T 4  7 429 14  87  8
T 4  1 33 11  77  8
T 4  -13 198 6  88  8
T 4  9 1001 35  89  8
T 4  25 1386 42  90  8
ROW -3 3 3
T 3  -5 66 462  41  7
T 4  14 1287 858  80  8
T 4  1 99 462  82  8
ROW -3 4 11
T 1  35 8 6  6  5
T 2  9 4 5  19  6
T 2  -15 4 6  20  6
T 3  5 66 42  45  7
T 3  -9 11 5  46  7
T 3  5 6 6  47  7
T 4  7 858 1430  86  8
T 4  7 858 2  87  8
T 4  -1 99 42  88  8
T 4  9 143 5  89  8
T 4  -5 99 6  90  8
ROW -2 -2 21
T 0  105 16 1  0  4
T 1  -5 1 1  1  5
T 1  -35 2 1  2  5
T 2  -99 28 1  7  6
T 2  -27 28 35  21  6
T 2  30 7 1  8  6
T 2  21 2 1  9  6
T 3  5 3 1  22  7
T 3  5 11 7  48  7
T 3  9 7 1  23  7
T 3  27 77 35  49  7
T 3  -20 21 1  24  7
T 3  -2 1 1  25  7
T 4  196 1287 1  50  8
T 4  -14 429 77  92  8
T 4  -2 9 1  52  8
T 4  -2 33 7  93  8
T 4  -9 91 1  53  8
T 4  -27 1001 35  94  8
T 4  40 693 1  54  8
T 4  1 9 1  55  8
ROW -2 -1 16
T 1  -45 16 6  3  5
T 2  27 14 5  10  6
T 2  -9 28 35  14  6
T 2  135 56 6  11  6
T 3  -5 44 42  26  7
T 3  5 66 105  33  7
T 3  -54 77 5  27  7
T 3  9 77 35  35  7
T 3  -15 28 6  28  7
T 4  -49 429 2  56  8
T 4  -7 1287 2310  67  8
T 4  1 66 42  58  8
T 4  -1 99 105  69  8
T 4  54 1001 5  59  8
T 4  -9 1001 35  71  8
T 4  5 154 6  60  8
ROW -2 0 8
T 1  15 4 15  5  5
T 2  -99 28 1  17  6
T 2  -45 14 15  18  6
T 3  9 7 1  43  7
T 3  5 7 15  44  7
T 4  35 429 14  81  8
T 4  -9 91 1  84  8
T 4  -10 231 15  85  8
ROW -2 1 16
T 1  -45 16 6  6  5
T 2  9 28 35  16  6
T 2  27 14 5  19  6
T 2  135 56 6  20  6
T 3  -5 66 105  39  7
T 3  -5 44 42  45  7
T 3  -9 77 35  40  7
T 3  -54 77 5  46  7
T 3  -15 28 6  47  7
T 4  7 1287 2310  76  8
T 4  -49 429 2  87  8
T 4  1 99 105  78  8
T 4  1 66 42  88  8
T 4  9 1001 35  79  8
T 4  54 1001 5  89  8
T 4  5 154 6  90  8
ROW -2 2 6
T 2  27 28 35  15  6
T 3  -5 11 7  36  7
T 3  -27 77 35  37  7
T 4  14 429 77  72  8
T 4  2 33 7  73  8
T 4  27 1001 35  74  8
ROW -2 3 13
T 1  25 16 42  6  5
T 2  -9 28 35  19  6
T 2  -75 56 42  20  6
T 3  -5 22 11  38  7
T 3  -65 132 6  45  7
T 3  9 77 35  46  7
T 3  25 84 42  47  7
T 4  7 429 286  75  8
T 4  -7 429 14  87  8
T 4  1 33 11  77  8
T 4  13 198 6  88  8
T 4  -9 1001 35  89  8
T 4  -25 1386 42  90  8
ROW -2 4 13
T 1  -5 4 21  5  5
T 2  -27 28 35  17  6
T 2  15 14 21  18  6
T 3  5 33 66  41  7
T 3  -5 33 30  42  7
T 3  27 77 35  43  7
T 3  -5 21 21  44  7
T 4  7 2574 6006  80  8
T 4  -7 858 10  81  8
T 4  -2 99 66  82  8
T 4  2 99 30  83  8
T 4  -27 1001 35  84  8
T 4  10 693 21  85  8
ROW -1 -1 25
T 0  105 16 1  0  4
T 1  -85 8 1  1  5
T 1  25 4 3  4  5
T 1  -35 2 1  2  5
T 2  81 28 1  7  6
T 2  -27 14 5  12  6
T 2  255 28 1  8  6
T 2  -75 14 3  13  6
T 2  21 2 1  9  6
T 3  5 66 1  22  7
T 3  5 66 210  29  7
T 3  -81 77 1  23  7
T 3  54 77 5  31  7
T 3  -85 42 1  24  7
T 3  25 21 3  32  7
T 3  -2 1 1  25  7
T 4  -392 1287 1  50  8
T 4  -14 429 70  61  8
T 4  -1 99 1  52  8
T 4  -1 99 210  63  8
T 4  81 1001 1  53  8
T 4  -54 1001 5  65  8
T 4  85 693 1  54  8
T 4  -50 693 3  66  8
T 4  1 9 1  55  8
ROW -1 0 10
T 1  -5 8 30  6  5
T 2  81 28 1  19  6
T 2  15 28 30  20  6
T 3  -5 66 210  45  7
T 3  -81 77 1  46  7
T 3  -5 42 30  47  7
T 4  49 429 10  87  8
T 4  1 99 210  88  8
T 4  81 1001 1  89  8
T 4  5 693 30  90  8
ROW -1 1 10
T 1  -25 4 3  5  5
T 2  27 14 5  17  6
T 2  75 14 3  18  6
T 3  -5 66 210  42  7
T 3  -54 77 5  43  7
T 3  -25 21 3  44  7
T 4  14 429 70  81  8
T 4  1 99 210  83  8
T 4  54 1001 5  84  8
T 4  50 693 3  85  8
ROW -1 2 16
T 1  45 16 6  6  5
T 2  9 28 35  16  6
T 2  -27 14 5  19  6
T 2  -135 56 6  20  6
T 3  -5 66 105  39  7
T 3  5 44 42  45  7
T 3  -9 77 35  40  7
T 3  54 77 5  46  7
T 3  15 28 6  47  7
T 4  7 1287 2310  76  8
T 4  49 429 2  87  8
T 4  1 99 105  78  8
T 4  -1 66 42  88  8
T 4  9 1001 35  79  8
T 4  -54 1001 5  89  8
T 4  -5 154 6  90  8
ROW -1 3 16
T 1  -15 8 21  5  5
T 2  -9 4 5  15  6
T 2  -9 28 35  17  6
T 2  45 28 21  18  6
T 3  5 22 1  36  7
T 3  5 22 30  42  7
T 3  9 11 5  37  7
T 3  9 77 35  43  7
T 3  -5 14 21  44  7
T 4  28 429 11  72  8
T 4  14 429 10  81  8
T 4  -1 33 1  73  8
T 4  -1 33 30  83  8
T 4  -9 143 5  74  8
T 4  -9 1001 35  84  8
T 4  5 231 21  85  8
ROW -1 4 9
T 2  9 4 5  16  6
T 3  5 11 11  38  7
T 3  10 33 15  39  7
T 3  -9 11 5  40  7
T 4  7 858 286  75  8
T 4  7 2574 330  76  8
T 4  -2 33 11  77  8
T 4  -4 99 15  78  8
T 4  9 143 5  79  8
ROW 0 0 15
T 0  105 16 1  0  4
T 1  -25 2 1  1  5
T 1  -35 2 1  2  5
T 2  81 14 1  7  6
T 2  75 7 1  8  6
T 2  21 2 1  9  6
T 3  -50 33 1  22  7
T 3  -162 77 1  23  7
T 3  -50 21 1  24  7
T 3  -2 1 1  25  7
T 4  490 1287 1  50  8
T 4  20 99 1  52  8
T 4  162 1001 1  53  8
T 4  100 693 1  54  8
T 4  1 9 1  55  8
ROW 0 1 10
T 1  -5 8 30  3  5
T 2  81 28 1  10  6
T 2  15 28 30  11  6
T 3  -5 66 210  26  7
T 3  -81 77 1  27  7
T 3  -5 42 30  28  7
T 4  49 429 10  56  8
T 4  1 99 210  58  8
T 4  81 1001 1  59  8
T 4  5 693 30  60  8
ROW 0 2 8
T 1  15 4 15  4  5
T 2  -99 28 1  12  6
T 2  -45 14 15  13  6
T 3  9 7 1  31  7
T 3  5 7 15  32  7
T 4  35 429 14  61  8
T 4  -9 91 1  65  8
T 4  -10 231 15  66  8
ROW 0 3 6
T 2  -27 4 1  14  6
T 3  25 33 3  33  7
T 3  27 11 1  35  7
T 4  35 1287 66  67  8
T 4  -10 99 3  69  8
T 4  -27 143 1  71  8
ROW 0 4 6
T 2  9 2 1  21  6
T 3  10 11 5  48  7
T 3  -18 11 1  49  7
T 4  7 429 55  92  8
T 4  -4 33 5  93  8
T 4  18 143 1  94  8
ROW 1 1 25
T 0  105 16 1  0  4
T 1  -85 8 1  1  5
T 1  -25 4 3  4  5
T 1  -35 2 1  2  5
T 2  81 28 1  7  6
T 2  27 14 5  12  6
T 2  255 28 1  8  6
T 2  75 14 3  13  6
T 2  21 2 1  9  6
T 3  5 66 1  22  7
T 3  -5 66 210  29  7
T 3  -81 77 1  23  7
T 3  -54 77 5  31  7
T 3  -85 42 1  24  7
T 3  -25 21 3  32  7
T 3  -2 1 1  25  7
T 4  -392 1287 1  50  8
T 4  14 429 70  61  8
T 4  -1 99 1  52  8
T 4  1 99 210  63  8
T 4  81 1001 1  53  8
T 4  54 1001 5  65  8
T 4  85 693 1  54  8
T 4  50 693 3  66  8
T 4  1 9 1  55  8
ROW 1 2 16
T 1  -45 16 6  3  5
T 2  27 14 5  10  6
T 2  9 28 35  14  6
T 2  135 56 6  11  6
T 3  -5 44 42  26  7
T 3  -5 66 105  33  7
T 3  -54 77 5  27  7
T 3  -9 77 35  35  7
T 3  -15 28 6  28  7
T 4  -49 429 2  56  8
T 4  7 1287 2310  67  8
T 4  1 66 42  58  8
T 4  1 99 105  69  8
T 4  54 1001 5  59  8
T 4  9 1001 35  71  8
T 4  5 154 6  60  8
ROW 1 3 16
T 1  15 8 21  4  5
T 2  9 28 35  12  6
T 2  -9 4 5  21  6
T 2  -45 28 21  13  6
T 3  -5 22 30  29  7
T 3  5 22 1  48  7
T 3  -9 77 35  31  7
T 3  9 11 5  49  7
T 3  5 14 21  32  7
T 4  -14 429 10  61  8
T 4  28 429 11  92  8
T 4  1 33 30  63  8
T 4  -1 33 1  93  8
T 4  9 1001 35  65  8
T 4  -9 143 5  94  8
T 4  -5 231 21  66  8
ROW 1 4 9
T 2  -9 4 5  14  6
T 3  -10 33 15  33  7
T 3  5 11 11  34  7
T 3  9 11 5  35  7
T 4  -7 2574 330  67  8
T 4  7 858 286  68  8
T 4  4 99 15  69  8
T 4  -2 33 11  70  8
T 4  -9 143 5  71  8
ROW 2 2 21
T 0  105 16 1  0  4
T 1  -5 1 1  1  5
T 1  -35 2 1  2  5
T 2  -99 28 1  7  6
T 2  27 28 35  21  6
T 2  30 7 1  8  6
T 2  21 2 1  9  6
T 3  5 3 1  22  7
T 3  -5 11 7  48  7
T 3  9 7 1  23  7
T 3  -27 77 35  49  7
T 3  -20 21 1  24  7
T 3  -2 1 1  25  7
T 4  196 1287 1  50  8
T 4  14 429 77  92  8
T 4  -2 9 1  52  8
T 4  2 33 7  93  8
T 4  -9 91 1  53  8
T 4  27 1001 35  94  8
T 4  40 693 1  54  8
T 4  1 9 1  55  8
ROW 2 3 13
T 1  -25 16 42  3  5
T 2  9 28 35  10  6
T 2  75 56 42  11  6
T 3  65 132 6  26  7
T 3  -5 22 11  34  7
T 3  -9 77 35  27  7
T 3  -25 84 42  28  7
T 4  7 429 14  56  8
T 4  7 429 286  68  8
T 4  -13 198 6  58  8
T 4  1 33 11  70  8
T 4  9 1001 35  59  8
T 4  25 1386 42  60  8
ROW 2 4 13
T 1  5 4 21  4  5
T 2  27 28 35  12  6
T 2  -15 14 21  13  6
T 3  5 33 30  29  7
T 3  5 33 66  30  7
T 3  -27 77 35  31  7
T 3  5 21 21  32  7
T 4  7 858 10  61  8
T 4  7 2574 6006  62  8
T 4  -2 99 30  63  8
T 4  -2 99 66  64  8
T 4  27 1001 35  65  8
T 4  -10 693 21  66  8
ROW 3 3 18
T 0  105 16 1  0  4
T 1  35 8 1  1  5
T 1  -35 2 1  2  5
T 2  -27 4 1  7  6
T 2  -15 4 1  8  6
T 2  21 2 1  9  6
T 3  -85 66 1  22  7
T 3  -5 66 462  30  7
T 3  27 11 1  23  7
T 3  5 6 1  24  7
T 3  -2 1 1  25  7
T 4  -56 1287 1  50  8
T 4  14 1287 858  62  8
T 4  17 99 1  52  8
T 4  1 99 462  64  8
T 4  -27 143 1  53  8
T 4  -5 99 1  54  8
T 4  1 9 1  55  8
ROW 3 4 11
T 1  -35 8 6  3  5
T 2  -9 4 5  10  6
T 2  15 4 6  11  6
T 3  -5 66 42  26  7
T 3  9 11 5  27  7
T 3  -5 6 6  28  7
T 4  -7 858 2  56  8
T 4  7 858 1430  57  8
T 4  1 99 42  58  8
T 4  -9 143 5  59  8
T 4  5 99 6  60  8
ROW 4 4 16
T 0  105 16 1  0  4
T 1  35 2 1  1  5
T 1  -35 2 1  2  5
T 2  9 2 1  7  6
T 2  -15 1 1  8  6
T 2  21 2 1  9  6
T 3  10 33 1  22  7
T 3  -18 11 1  23  7
T 3  10 3 1  24  7
T 3  -2 1 1  25  7
T 4  7 1287 1  50  8
T 4  7 429 715  51  8
T 4  -4 99 1  52  8
T 4  18 143 1  53  8
T 4  -20 99 1  54  8
T 4  1 9 1  55  8
