FORMAT 1
KERNEL T
SOURCE (s|S|s)
SHELLS 2 4

# E <id> <alpha> <beta> <mu> <p>
E 0 2 0 1 -4
E 1 2 0 2 -4
E 2 2 0 3 -4
E 3 2 0 4 -4

# G <id> <2k> <L> <M>
G 0 0 2 2
G 1 0 4 2
G 2 2 2 2
G 3 0 6 2
G 4 0 6 6
G 5 2 4 2
G 6 4 2 2
G 7 2 6 2
G 8 2 6 6
G 9 4 4 2
G 10 6 2 2
G 11 0 2 1
G 12 0 4 1
G 13 2 2 1
G 14 0 6 1
G 15 0 6 5
G 16 2 4 1
G 17 4 2 1
G 18 2 6 1
G 19 2 6 5
G 20 4 4 1
G 21 6 2 1
G 22 0 2 0
G 23 0 4 0
G 24 0 4 4
G 25 2 2 0
G 26 0 6 0
G 27 0 6 4
G 28 2 4 0
G 29 2 4 4
G 30 4 2 0
G 31 2 6 0
G 32 2 6 4
G 33 4 4 0
G 34 4 4 4
G 35 6 2 0
G 36 0 4 3
G 37 0 6 3
G 38 2 4 3
G 39 2 6 3
G 40 4 4 3
G 41 0 2 -2
G 42 0 4 -2
G 43 2 2 -2
G 44 0 6 -2
G 45 2 4 -2
G 46 4 2 -2
G 47 2 6 -2
G 48 4 4 -2
G 49 6 2 -2
G 50 0 2 -1
G 51 0 4 -3
G 52 0 4 -1
G 53 2 2 -1
G 54 0 6 -3
G 55 0 6 -1
G 56 2 4 -3
G 57 2 4 -1
G 58 4 2 -1
G 59 2 6 -3
G 60 2 6 -1
G 61 4 4 -3
G 62 4 4 -1
G 63 6 2 -1
G 64 0 4 -4
G 65 0 6 -4
G 66 2 4 -4
G 67 2 6 -4
G 68 4 4 -4
G 69 0 6 -5
G 70 2 6 -5
G 71 0 6 -6
G 72 2 6 -6

# TABLE <l> <l'> <rows> [SYMMETRIC]
# ROW <m> <m'> <terms>
# T <prefactor> <num> <den> <radicand> <geometry>

TABLE 2 4 45
ROW -2 -4 11
T 0  33 4 35  0
T 1  13 7 21  1
T 1  -99 14 35  2
T 2  5 22 2  3
T 2  -15 22 110  4
T 2  -52 77 21  5
T 2  11 7 35  6
T 3  -1 33 2  7
T 3  1 11 110  8
T 3  4 77 21  9
T 3  -2 21 35  10
ROW -2 -3 11
T 0  33 8 70  11
T 1  39 14 21  12
T 1  -99 28 70  13
T 2  5 22 10  14
T 2  -5 11 165  15
T 2  -78 77 21  16
T 2  11 14 70  17
T 3  -1 33 10  18
T 3  2 33 165  19
T 3  6 77 21  20
T 3  -1 21 70  21
ROW -2 -2 14
T 0  33 4 15  22
T 1  39 7 15  23
T 1  -13 7 21  24
T 1  -99 14 15  25
T 2  5 11 15  26
T 2  -5 11 105  27
T 2  -156 77 15  28
T 2  52 77 21  29
T 2  11 7 15  30
T 3  -2 33 15  31
T 3  2 33 105  32
T 3  12 77 15  33
T 3  -4 77 21  34
T 3  -2 21 15  35
ROW -2 -1 14
T 0  -33 8 10  11
T 1  -65 7 3  12
T 1  -39 14 21  36
T 1  99 28 10  13
T 2  -5 22 70  14
T 2  -15 11 7  37
T 2  260 77 3  16
T 2  78 77 21  38
T 2  -11 14 10  17
T 3  1 33 70  18
T 3  2 11 7  39
T 3  -20 77 3  20
T 3  -6 77 21  40
T 3  1 21 10  21
ROW -2 0 9
T 0  33 4 1  41
T 1  39 7 15  42
T 1  -99 14 1  43
T 2  5 11 70  44
T 2  -156 77 15  45
T 2  11 7 1  46
T 3  -2 33 70  47
T 3  12 77 15  48
T 3  -2 21 1  49
ROW -2 1 14
T 0  -33 8 10  50
T 1  39 14 21  51
T 1  -65 7 3  52
T 1  99 28 10  53
T 2  15 11 7  54
T 2  -5 22 70  55
T 2  -78 77 21  56
T 2  260 77 3  57
T 2  -11 14 10  58
T 3  -2 11 7  59
T 3  1 33 70  60
T 3  6 77 21  61
T 3  -20 77 3  62
T 3  1 21 10  63
ROW -2 2 5
T 1  13 7 21  64
T 2  5 11 105  65
T 2  -52 77 21  66
T 3  -2 33 105  67
T 3  4 77 21  68
ROW -2 3 11
T 0  -33 8 70  50
T 1  -39 14 21  52
T 1  99 28 70  53
T 2  5 11 165  69
T 2  -5 22 10  55
T 2  78 77 21  57
T 2  -11 14 70  58
T 3  -2 33 165  70
T 3  1 33 10  60
T 3  -6 77 21  62
T 3  1 21 70  63
ROW -2 4 11
T 0  -33 4 35  41
T 1  -13 7 21  42
T 1  99 14 35  43
T 2  15 22 110  71
T 2  -5 22 2  44
T 2  52 77 21  45
T 2  -11 7 35  46
T 3  -1 11 110  72
T 3  1 33 2  47
T 3  -4 77 21  48
T 3  2 21 35  49
ROW -1 -4 7
T 1  -13 2 6  36
T 2  -15 22 2  37
T 2  -5 22 330  15
T 2  26 11 6  38
T 3  1 11 2  39
T 3  1 33 330  19
T 3  -2 11 6  40
ROW -1 -3 14
T 0  33 8 70  0
T 1  -65 28 42  1
T 1  13 2 6  24
T 1  -99 28 70  2
T 2  -20 11 1  3
T 2  -10 11 30  27
T 2  65 77 42  5
T 2  -26 11 6  29
T 2  11 14 70  6
T 3  8 33 1  7
T 3  4 33 30  32
T 3  -5 77 42  9
T 3  2 11 6  34
T 3  -1 21 70  10
ROW -1 -2 14
T 0  33 2 5  11
T 1  -117 28 6  12
T 1  65 28 42  36
T 1  -99 7 5  13
T 2  -5 11 35  14
T 2  -15 11 14  37
T 2  117 77 6  16
T 2  -65 77 42  38
T 2  22 7 5  17
T 3  2 33 35  18
T 3  2 11 14  39
T 3  -9 77 6  20
T 3  5 77 42  40
T 3  -4 21 5  21
ROW -1 -1 18
T 0  33 4 30  22
T 0  33 8 10  0
T 1  -13 14 30  23
T 1  117 28 6  1
T 1  -99 14 30  25
T 1  -99 28 10  2
T 2  -10 11 30  26
T 2  -20 11 7  3
T 2  26 77 30  28
T 2  -117 77 6  5
T 2  11 7 30  30
T 2  11 14 10  6
T 3  4 33 30  31
T 3  8 33 7  7
T 3  -2 77 30  33
T 3  9 77 6  9
T 3  -2 21 30  35
T 3  -1 21 10  10
ROW -1 0 9
T 0  -33 1 1  50
T 1  -13 14 30  52
T 1  198 7 1  53
T 2  25 11 7  55
T 2  26 77 30  57
T 2  -44 7 1  58
T 3  -10 33 7  60
T 3  -2 77 30  62
T 3  8 21 1  63
ROW -1 1 9
T 0  -33 8 10  41
T 1  -117 28 6  42
T 1  99 28 10  43
T 2  20 11 7  44
T 2  117 77 6  45
T 2  -11 14 10  46
T 3  -8 33 7  47
T 3  -9 77 6  48
T 3  1 21 10  49
ROW -1 2 14
T 0  -33 2 5  50
T 1  -65 28 42  51
T 1  117 28 6  52
T 1  99 7 5  53
T 2  15 11 14  54
T 2  5 11 35  55
T 2  65 77 42  56
T 2  -117 77 6  57
T 2  -22 7 5  58
T 3  -2 11 14  59
T 3  -2 33 35  60
T 3  -5 77 42  61
T 3  9 77 6  62
T 3  4 21 5  63
ROW -1 3 14
T 0  -33 8 70  41
T 1  -13 2 6  64
T 1  65 28 42  42
T 1  99 28 70  43
T 2  10 11 30  65
T 2  20 11 1  44
T 2  26 11 6  66
T 2  -65 77 42  45
T 2  -11 14 70  46
T 3  -4 33 30  67
T 3  -8 33 1  47
T 3  -2 11 6  68
T 3  5 77 42  48
T 3  1 21 70  49
ROW -1 4 7
T 1  13 2 6  51
T 2  5 22 330  69
T 2  15 22 2  54
T 2  -26 11 6  56
T 3  -1 33 330  70
T 3  -1 11 2  59
T 3  2 11 6  61
ROW 0 -4 5
T 1  26 1 1  64
T 2  15 11 5  65
T 2  -104 11 1  66
T 3  -2 11 5  67
T 3  8 11 1  68
ROW 0 -3 5
T 1  13 2 1  51
T 2  30 11 3  54
T 2  -26 11 1  56
T 3  -4 11 3  59
T 3  2 11 1  61
ROW 0 -2 9
T 0  33 4 15  41
T 1  -52 7 1  42
T 1  -99 14 15  43
T 2  10 11 42  44
T 2  208 77 1  45
T 2  11 7 15  46
T 3  -4 33 42  47
T 3  -16 77 1  48
T 3  -2 21 15  49
ROW 0 -1 9
T 0  33 4 30  50
T 1  -221 14 1  52
T 1  -99 14 30  53
T 2  5 11 210  55
T 2  442 77 1  57
T 2  11 7 30  58
T 3  -2 33 210  60
T 3  -34 77 1  62
T 3  -2 21 30  63
ROW 0 0 9
T 0  99 2 1  22
T 1  -130 7 1  23
T 1  -297 7 1  25
T 2  75 11 1  26
T 2  520 77 1  28
T 2  66 7 1  30
T 3  -10 11 1  31
T 3  -40 77 1  33
T 3  -4 7 1  35
ROW 0 1 9
T 0  33 4 30  11
T 1  -221 14 1  12
T 1  -99 14 30  13
T 2  5 11 210  14
T 2  442 77 1  16
T 2  11 7 30  17
T 3  -2 33 210  18
T 3  -34 77 1  20
T 3  -2 21 30  21
ROW 0 2 9
T 0  33 4 15  0
T 1  -52 7 1  1
T 1  -99 14 15  2
T 2  10 11 42  3
T 2  208 77 1  5
T 2  11 7 15  6
T 3  -4 33 42  7
T 3  -16 77 1  9
T 3  -2 21 15  10
ROW 0 3 5
T 1  13 2 1  36
T 2  30 11 3  37
T 2  -26 11 1  38
T 3  -4 11 3  39
T 3  2 11 1  40
ROW 0 4 5
T 1  26 1 1  24
T 2  15 11 5  27
T 2  -104 11 1  29
T 3  -2 11 5  32
T 3  8 11 1  34
ROW 1 -4 7
T 1  -13 2 6  51
T 2  5 22 330  69
T 2  -15 22 2  54
T 2  26 11 6  56
T 3  -1 33 330  70
T 3  1 11 2  59
T 3  -2 11 6  61
ROW 1 -3 14
T 0  33 8 70  41
T 1  -13 2 6  64
T 1  -65 28 42  42
T 1  -99 28 70  43
T 2  10 11 30  65
T 2  -20 11 1  44
T 2  26 11 6  66
T 2  65 77 42  45
T 2  11 14 70  46
T 3  -4 33 30  67
T 3  8 33 1  47
T 3  -2 11 6  68
T 3  -5 77 42  48
T 3  -1 21 70  49
ROW 1 -2 14
T 0  33 2 5  50
T 1  -65 28 42  51
T 1  -117 28 6  52
T 1  -99 7 5  53
T 2  15 11 14  54
T 2  -5 11 35  55
T 2  65 77 42  56
T 2  117 77 6  57
T 2  22 7 5  58
T 3  -2 11 14  59
T 3  2 33 35  60
T 3  -5 77 42  61
T 3  -9 77 6  62
T 3  -4 21 5  63
ROW 1 -1 9
T 0  -33 8 10  41
T 1  -117 28 6  42
T 1  99 28 10  43
T 2  20 11 7  44
T 2  117 77 6  45
T 2  -11 14 10  46
T 3  -8 33 7  47
T 3  -9 77 6  48
T 3  1 21 10  49
ROW 1 0 9
T 0  -33 1 1  11
T 1  -13 14 30  12
T 1  198 7 1  13
T 2  25 11 7  14
T 2  26 77 30  16
T 2  -44 7 1  17
T 3  -10 33 7  18
T 3  -2 77 30  20
T 3  8 21 1  21
ROW 1 1 18
T 0  33 4 30  22
T 0  -33 8 10  0
T 1  -13 14 30  23
T 1  -117 28 6  1
T 1  -99 14 30  25
T 1  99 28 10  2
T 2  -10 11 30  26
T 2  20 11 7  3
T 2  26 77 30  28
T 2  117 77 6  5
T 2  11 7 30  30
T 2  -11 14 10  6
T 3  4 33 30  31
T 3  -8 33 7  7
T 3  -2 77 30  33
T 3  -9 77 6  9
T 3  -2 21 30  35
T 3  1 21 10  10
ROW 1 2 14
T 0  33 2 5  11
T 1  -117 28 6  12
T 1  -65 28 42  36
T 1  -99 7 5  13
T 2  -5 11 35  14
T 2  15 11 14  37
T 2  117 77 6  16
T 2  65 77 42  38
T 2  22 7 5  17
T 3  2 33 35  18
T 3  -2 11 14  39
T 3  -9 77 6  20
T 3  -5 77 42  40
T 3  -4 21 5  21
ROW 1 3 14
T 0  33 8 70  0
T 1  -65 28 42  1
T 1  -13 2 6  24
T 1  -99 28 70  2
T 2  -20 11 1  3
T 2  10 11 30  27
T 2  65 77 42  5
T 2  26 11 6  29
T 2  11 14 70  6
T 3  8 33 1  7
T 3  -4 33 30  32
T 3  -5 77 42  9
T 3  -2 11 6  34
T 3  -1 21 70  10
ROW 1 4 7
T 1  -13 2 6  36
T 2  -15 22 2  37
T 2  5 22 330  15
T 2  26 11 6  38
T 3  1 11 2  39
T 3  -1 33 330  19
T 3  -2 11 6  40
ROW 2 -4 11
T 0  33 4 35  41
T 1  13 7 21  42
T 1  -99 14 35  43
T 2  15 22 110  71
T 2  5 22 2  44
T 2  -52 77 21  45
T 2  11 7 35  46
T 3  -1 11 110  72
T 3  -1 33 2  47
T 3  4 77 21  48
T 3  -2 21 35  49
ROW 2 -3 11
T 0  33 8 70  50
T 1  39 14 21  52
T 1  -99 28 70  53
T 2  5 11 165  69
T 2  5 22 10  55
T 2  -78 77 21  57
T 2  11 14 70  58
T 3  -2 33 165  70
T 3  -1 33 10  60
T 3  6 77 21  62
T 3  -1 21 70  63
ROW 2 -2 5
T 1  13 7 21  64
T 2  5 11 105  65
T 2  -52 77 21  66
T 3  -2 33 105  67
T 3  4 77 21  68
ROW 2 -1 14
T 0  33 8 10  50
T 1  39 14 21  51
T 1  65 7 3  52
T 1  -99 28 10  53
T 2  15 11 7  54
T 2  5 22 70  55
T 2  -78 77 21  56
T 2  -260 77 3  57
T 2  11 14 10  58
T 3  -2 11 7  59
T 3  -1 33 70  60
T 3  6 77 21  61
T 3  20 77 3  62
T 3  -1 21 10  63
ROW 2 0 9
T 0  33 4 1  0
T 1  39 7 15  1
T 1  -99 14 1  2
T 2  5 11 70  3
T 2  -156 77 15  5
T 2  11 7 1  6
T 3  -2 33 70  7
T 3  12 77 15  9
T 3  -2 21 1  10
ROW 2 1 14
T 0  -33 8 10  11
T 1  -65 7 3  12
T 1  39 14 21  36
T 1  99 28 10  13
T 2  -5 22 70  14
T 2  15 11 7  37
T 2  260 77 3  16
T 2  -78 77 21  38
T 2  -11 14 10  17
T 3  1 33 70  18
T 3  -2 11 7  39
T 3  -20 77 3  20
T 3  6 77 21  40
T 3  1 21 10  21
ROW 2 2 14
T 0  33 4 15  22
T 1  39 7 15  23
T 1  13 7 21  24
T 1  -99 14 15  25
T 2  5 11 15  26
T 2  5 11 105  27
T 2  -156 77 15  28
T 2  -52 77 21  29
T 2  11 7 15  30
T 3  -2 33 15  31
T 3  -2 33 105  32
T 3  12 77 15  33
T 3  4 77 21  34
T 3  -2 21 15  35
ROW 2 3 11
T 0  33 8 70  11
T 1  39 14 21  12
T 1  -99 28 70  13
T 2  5 22 10  14
T 2  5 11 165  15
T 2  -78 77 21  16
T 2  11 14 70  17
T 3  -1 33 10  18
T 3  -2 33 165  19
T 3  6 77 21  20
T 3  -1 21 70  21
ROW 2 4 11
T 0  33 4 35  0
T 1  13 7 21  1
T 1  -99 14 35  2
T 2  5 22 2  3
T 2  15 22 110  4
T 2  -52 77 21  5
T 2  11 7 35  6
T 3  -1 33 2  7
T 3  -1 11 110  8
T 3  4 77 21  9
T 3  -2 21 35  10
