FORMAT 1
KERNEL T
SOURCE (s|S|s)
SHELLS 2 2

# E <id> <alpha> <beta> <mu> <p>
E 0 0 0 1 -2
E 1 0 0 2 -2
E 2 0 0 3 -2
E 3 0 0 4 -2

# G <id> <2k> <L> <M>
G 0 0 0 0
G 1 0 2 0
G 2 2 0 0
G 3 0 4 0
G 4 0 4 4
G 5 2 2 0
G 6 4 0 0
G 7 2 4 0
G 8 2 4 4
G 9 4 2 0
G 10 6 0 0
G 11 0 2 1
G 12 0 4 1
G 13 0 4 3
G 14 2 2 1
G 15 2 4 1
G 16 2 4 3
G 17 4 2 1
G 18 0 2 -2
G 19 0 4 -2
G 20 2 2 -2
G 21 2 4 -2
G 22 4 2 -2
G 23 0 2 -1
G 24 0 4 -3
G 25 0 4 -1
G 26 2 2 -1
G 27 2 4 -3
G 28 2 4 -1
G 29 4 2 -1
G 30 0 4 -4
G 31 2 4 -4
G 32 0 2 2
G 33 0 4 2
G 34 2 2 2
G 35 2 4 2
G 36 4 2 2

# TABLE <l> <l'> <rows> [SYMMETRIC]
# ROW <m> <m'> <terms>
# T <prefactor> <num> <den> <radicand> <geometry>

TABLE 2 2 15 SYMMETRIC
ROW -2 -2 11
T 0  21 4 1  0
T 1  9 1 1  1
T 1  -21 2 1  2
T 2  33 35 1  3
T 2  -33 35 35  4
T 2  -36 7 1  5
T 2  21 5 1  6
T 3  -6 35 1  7
T 3  6 35 35  8
T 3  4 7 1  9
T 3  -2 5 1  10
ROW -2 -1 7
T 1  -9 2 3  11
T 2  -33 70 10  12
T 2  -33 70 70  13
T 2  18 7 3  14
T 3  3 35 10  15
T 3  3 35 70  16
T 3  -2 7 3  17
ROW -2 0 5
T 1  9 1 1  18
T 2  33 35 15  19
T 2  -36 7 1  20
T 3  -6 35 15  21
T 3  4 7 1  22
ROW -2 1 7
T 1  -9 2 3  23
T 2  33 70 70  24
T 2  -33 70 10  25
T 2  18 7 3  26
T 3  -3 35 70  27
T 3  3 35 10  28
T 3  -2 7 3  29
ROW -2 2 2
T 2  33 35 35  30
T 3  -6 35 35  31
ROW -1 -1 14
T 0  21 4 1  0
T 1  -9 2 1  1
T 1  9 2 3  32
T 1  -21 2 1  2
T 2  -132 35 1  3
T 2  -66 35 5  33
T 2  18 7 1  5
T 2  -18 7 3  34
T 2  21 5 1  6
T 3  24 35 1  7
T 3  12 35 5  35
T 3  -2 7 1  9
T 3  2 7 3  36
T 3  -2 5 1  10
ROW -1 0 5
T 1  -9 2 1  23
T 2  33 35 30  25
T 2  18 7 1  26
T 3  -6 35 30  28
T 3  -2 7 1  29
ROW -1 1 5
T 1  -9 2 3  18
T 2  66 35 5  19
T 2  18 7 3  20
T 3  -12 35 5  21
T 3  -2 7 3  22
ROW -1 2 7
T 1  9 2 3  23
T 2  33 70 70  24
T 2  33 70 10  25
T 2  -18 7 3  26
T 3  -3 35 70  27
T 3  -3 35 10  28
T 3  2 7 3  29
ROW 0 0 9
T 0  21 4 1  0
T 1  -9 1 1  1
T 1  -21 2 1  2
T 2  198 35 1  3
T 2  36 7 1  5
T 2  21 5 1  6
T 3  -36 35 1  7
T 3  -4 7 1  9
T 3  -2 5 1  10
ROW 0 1 5
T 1  -9 2 1  11
T 2  33 35 30  12
T 2  18 7 1  14
T 3  -6 35 30  15
T 3  -2 7 1  17
ROW 0 2 5
T 1  9 1 1  32
T 2  33 35 15  33
T 2  -36 7 1  34
T 3  -6 35 15  35
T 3  4 7 1  36
ROW 1 1 14
T 0  21 4 1  0
T 1  -9 2 1  1
T 1  -9 2 3  32
T 1  -21 2 1  2
T 2  -132 35 1  3
T 2  66 35 5  33
T 2  18 7 1  5
T 2  18 7 3  34
T 2  21 5 1  6
T 3  24 35 1  7
T 3  -12 35 5  35
T 3  -2 7 1  9
T 3  -2 7 3  36
T 3  -2 5 1  10
ROW 1 2 7
T 1  -9 2 3  11
T 2  -33 70 10  12
T 2  33 70 70  13
T 2  18 7 3  14
T 3  3 35 10  15
T 3  -3 35 70  16
T 3  -2 7 3  17
ROW 2 2 11
T 0  21 4 1  0
T 1  9 1 1  1
T 1  -21 2 1  2
T 2  33 35 1  3
T 2  33 35 35  4
T 2  -36 7 1  5
T 2  21 5 1  6
T 3  -6 35 1  7
T 3  -6 35 35  8
T 3  4 7 1  9
T 3  -2 5 1  10
