FORMAT 1
KERNEL T
SOURCE (s|S|s)
SHELLS 3 4

# E <id> <alpha> <beta> <mu> <p>
E 0 1 0 1 -4
E 1 1 0 2 -4
E 2 1 0 3 -4
E 3 1 0 4 -4
E 4 1 0 5 -4

# G <id> <2k> <L> <M>
G 0 0 1 1
G 1 0 3 1
G 2 2 1 1
G 3 0 5 1
G 4 2 3 1
G 5 4 1 1
G 6 0 7 1
G 7 0 7 7
G 8 2 5 1
G 9 4 3 1
G 10 6 1 1
G 11 2 7 1
G 12 2 7 7
G 13 4 5 1
G 14 6 3 1
G 15 8 1 1
G 16 0 1 0
G 17 0 3 0
G 18 2 1 0
G 19 0 5 0
G 20 2 3 0
G 21 4 1 0
G 22 0 7 0
G 23 0 7 6
G 24 2 5 0
G 25 4 3 0
G 26 6 1 0
G 27 2 7 0
G 28 2 7 6
G 29 4 5 0
G 30 6 3 0
G 31 8 1 0
G 32 0 5 5
G 33 0 7 5
G 34 2 5 5
G 35 2 7 5
G 36 4 5 5
G 37 0 3 2
G 38 0 5 2
G 39 0 5 4
G 40 2 3 2
G 41 0 7 2
G 42 0 7 4
G 43 2 5 2
G 44 2 5 4
G 45 4 3 2
G 46 2 7 2
G 47 2 7 4
G 48 4 5 2
G 49 4 5 4
G 50 6 3 2
G 51 0 3 -3
G 52 0 5 -3
G 53 2 3 -3
G 54 0 7 -3
G 55 2 5 -3
G 56 4 3 -3
G 57 2 7 -3
G 58 4 5 -3
G 59 6 3 -3
G 60 0 3 -2
G 61 0 5 -4
G 62 0 5 -2
G 63 2 3 -2
G 64 0 7 -4
G 65 0 7 -2
G 66 2 5 -4
G 67 2 5 -2
G 68 4 3 -2
G 69 2 7 -4
G 70 2 7 -2
G 71 4 5 -4
G 72 4 5 -2
G 73 6 3 -2
G 74 0 1 -1
G 75 0 3 -1
G 76 2 1 -1
G 77 0 5 -5
G 78 0 5 -1
G 79 2 3 -1
G 80 4 1 -1
G 81 0 7 -5
G 82 0 7 -1
G 83 2 5 -5
G 84 2 5 -1
G 85 4 3 -1
G 86 6 1 -1
G 87 2 7 -5
G 88 2 7 -1
G 89 4 5 -5
G 90 4 5 -1
G 91 6 3 -1
G 92 8 1 -1
G 93 0 7 -6
G 94 2 7 -6
G 95 0 7 -7
G 96 2 7 -7
G 97 0 3 3
G 98 0 5 3
G 99 2 3 3
G 100 0 7 3
G 101 2 5 3
G 102 4 3 3
G 103 2 7 3
G 104 4 5 3
G 105 6 3 3

# TABLE <l> <l'> <rows> [SYMMETRIC]
# ROW <m> <m'> <terms>
# T <prefactor> <num> <den> <radicand> <geometry>

TABLE 3 4 63
ROW -3 -4 16
T 0  165 8 14  0
T 1  39 4 21  1
T 1  -33 1 14  2
T 2  5 14 210  3
T 2  -13 2 21  4
T 2  99 7 14  5
T 3  85 858 2  6
T 3  85 858 6006  7
T 3  -10 91 210  8
T 3  13 11 21  9
T 3  -44 21 14  10
T 4  -5 429 2  11
T 4  -5 429 6006  12
T 4  2 273 210  13
T 4  -2 33 21  14
T 4  2 21 14  15
ROW -3 -3 16
T 0  165 8 7  16
T 1  117 4 7  17
T 1  -33 1 7  18
T 2  75 14 7  19
T 2  -39 2 7  20
T 2  99 7 7  21
T 3  85 429 7  22
T 3  85 429 858  23
T 3  -150 91 7  24
T 3  39 11 7  25
T 3  -44 21 7  26
T 4  -10 429 7  27
T 4  -10 429 858  28
T 4  10 91 7  29
T 4  -2 11 7  30
T 4  2 21 7  31
ROW -3 -2 19
T 0  -165 16 2  0
T 1  -117 4 3  1
T 1  33 2 2  2
T 2  -75 28 30  3
T 2  75 14 7  32
T 2  39 2 3  4
T 2  -99 14 2  5
T 3  -85 429 14  6
T 3  85 429 462  33
T 3  75 91 30  8
T 3  -150 91 7  34
T 3  -39 11 3  9
T 3  22 21 2  10
T 4  10 429 14  11
T 4  -10 429 462  35
T 4  -5 91 30  13
T 4  10 91 7  36
T 4  2 11 3  14
T 4  -1 21 2  15
ROW -3 -1 14
T 1  39 4 15  37
T 2  25 14 105  38
T 2  45 14 35  39
T 2  -13 2 15  40
T 3  85 429 42  41
T 3  85 429 231  42
T 3  -50 91 105  43
T 3  -90 91 35  44
T 3  13 11 15  45
T 4  -10 429 42  46
T 4  -10 429 231  47
T 4  10 273 105  48
T 4  6 91 35  49
T 4  -2 33 15  50
ROW -3 0 9
T 1  -117 4 1  51
T 2  -75 7 7  52
T 2  39 2 1  53
T 3  -85 429 210  54
T 3  300 91 7  55
T 3  -39 11 1  56
T 4  10 429 210  57
T 4  -20 91 7  58
T 4  2 11 1  59
ROW -3 1 14
T 1  39 4 15  60
T 2  -45 14 35  61
T 2  25 14 105  62
T 2  -13 2 15  63
T 3  -85 429 231  64
T 3  85 429 42  65
T 3  90 91 35  66
T 3  -50 91 105  67
T 3  13 11 15  68
T 4  10 429 231  69
T 4  -10 429 42  70
T 4  -6 91 35  71
T 4  10 273 105  72
T 4  -2 33 15  73
ROW -3 2 19
T 0  -165 16 2  74
T 1  -117 4 3  75
T 1  33 2 2  76
T 2  -75 14 7  77
T 2  -75 28 30  78
T 2  39 2 3  79
T 2  -99 14 2  80
T 3  -85 429 462  81
T 3  -85 429 14  82
T 3  150 91 7  83
T 3  75 91 30  84
T 3  -39 11 3  85
T 3  22 21 2  86
T 4  10 429 462  87
T 4  10 429 14  88
T 4  -10 91 7  89
T 4  -5 91 30  90
T 4  2 11 3  91
T 4  -1 21 2  92
ROW -3 3 2
T 3  -85 429 858  93
T 4  10 429 858  94
ROW -3 4 16
T 0  -165 8 14  74
T 1  -39 4 21  75
T 1  33 1 14  76
T 2  -5 14 210  78
T 2  13 2 21  79
T 2  -99 7 14  80
T 3  -85 858 6006  95
T 3  -85 858 2  82
T 3  10 91 210  84
T 3  -13 11 21  85
T 3  44 21 14  86
T 4  5 429 6006  96
T 4  5 429 2  88
T 4  -2 273 210  90
T 4  2 33 21  91
T 4  -2 21 14  92
ROW -2 -4 11
T 1  -39 4 35  37
T 2  -5 1 5  38
T 2  13 2 35  40
T 3  -85 286 2  41
T 3  85 286 286  23
T 3  20 13 5  43
T 3  -13 11 35  45
T 4  5 143 2  46
T 4  -5 143 286  28
T 4  -4 39 5  48
T 4  2 33 35  50
ROW -2 -3 19
T 0  165 16 42  0
T 1  -39 4 7  1
T 1  -33 2 42  2
T 2  -55 28 70  3
T 2  -25 2 3  32
T 2  13 2 7  4
T 2  99 14 42  5
T 3  -170 429 6  6
T 3  170 143 22  33
T 3  55 91 70  8
T 3  50 13 3  34
T 3  -13 11 7  9
T 3  -22 21 42  10
T 4  20 429 6  11
T 4  -20 143 22  35
T 4  -11 273 70  13
T 4  -10 39 3  36
T 4  2 33 7  14
T 4  1 21 42  15
ROW -2 -2 19
T 0  165 4 3  16
T 1  39 4 3  17
T 1  -66 1 3  18
T 2  -100 7 3  19
T 2  -10 7 105  39
T 2  -13 2 3  20
T 2  198 7 3  21
T 3  -595 429 3  22
T 3  85 143 77  42
T 3  400 91 3  24
T 3  40 91 105  44
T 3  13 11 3  25
T 3  -88 21 3  26
T 4  70 429 3  27
T 4  -10 143 77  47
T 4  -80 273 3  29
T 4  -8 273 105  49
T 4  -2 33 3  30
T 4  4 21 3  31
ROW -2 -1 23
T 0  -165 16 6  0
T 1  -39 1 1  1
T 1  -39 4 15  97
T 1  33 2 6  2
T 2  125 28 10  3
T 2  -5 14 105  98
T 2  26 1 1  4
T 2  13 2 15  99
T 2  -99 14 6  5
T 3  170 429 42  6
T 3  170 143 14  100
T 3  -125 91 10  8
T 3  10 91 105  101
T 3  -52 11 1  9
T 3  -13 11 15  102
T 3  22 21 6  10
T 4  -20 429 42  11
T 4  -20 143 14  103
T 4  25 273 10  13
T 4  -2 273 105  104
T 4  8 33 1  14
T 4  2 33 15  105
T 4  -1 21 6  15
ROW -2 0 9
T 1  273 4 1  60
T 2  -25 7 7  62
T 2  -91 2 1  63
T 3  -85 143 70  65
T 3  100 91 7  67
T 3  91 11 1  68
T 4  10 143 70  70
T 4  -20 273 7  72
T 4  -14 33 1  73
ROW -2 1 23
T 0  -165 16 6  74
T 1  39 4 15  51
T 1  -39 1 1  75
T 1  33 2 6  76
T 2  5 14 105  52
T 2  125 28 10  78
T 2  -13 2 15  53
T 2  26 1 1  79
T 2  -99 14 6  80
T 3  -170 143 14  54
T 3  170 429 42  82
T 3  -10 91 105  55
T 3  -125 91 10  84
T 3  13 11 15  56
T 3  -52 11 1  85
T 3  22 21 6  86
T 4  20 143 14  57
T 4  -20 429 42  88
T 4  2 273 105  58
T 4  25 273 10  90
T 4  -2 33 15  59
T 4  8 33 1  91
T 4  -1 21 6  92
ROW -2 2 5
T 2  10 7 105  61
T 3  -85 143 77  64
T 3  -40 91 105  66
T 4  10 143 77  69
T 4  8 273 105  71
ROW -2 3 19
T 0  -165 16 42  74
T 1  39 4 7  75
T 1  33 2 42  76
T 2  25 2 3  77
T 2  55 28 70  78
T 2  -13 2 7  79
T 2  -99 14 42  80
T 3  -170 143 22  81
T 3  170 429 6  82
T 3  -50 13 3  83
T 3  -55 91 70  84
T 3  13 11 7  85
T 3  22 21 42  86
T 4  20 143 22  87
T 4  -20 429 6  88
T 4  10 39 3  89
T 4  11 273 70  90
T 4  -2 33 7  91
T 4  -1 21 42  92
ROW -2 4 11
T 1  39 4 35  60
T 2  5 1 5  62
T 2  -13 2 35  63
T 3  -85 286 286  93
T 3  85 286 2  65
T 3  -20 13 5  67
T 3  13 11 35  68
T 4  5 143 286  94
T 4  -5 143 2  70
T 4  4 39 5  72
T 4  -2 33 35  73
ROW -1 -4 14
T 1  39 4 21  97
T 2  10 1 3  98
T 2  5 1 15  32
T 2  -13 2 21  99
T 3  85 286 10  100
T 3  85 286 110  33
T 3  -40 13 3  101
T 3  -20 13 15  34
T 3  13 11 21  102
T 4  -5 143 10  103
T 4  -5 143 110  35
T 4  8 39 3  104
T 4  4 39 15  36
T 4  -2 33 21  105
ROW -1 -3 14
T 1  -39 4 7  37
T 2  35 2 1  38
T 2  -5 2 3  39
T 2  13 2 7  40
T 3  85 143 10  41
T 3  85 143 55  42
T 3  -70 13 1  43
T 3  10 13 3  44
T 3  -13 11 7  45
T 4  -10 143 10  46
T 4  -10 143 55  47
T 4  14 39 1  48
T 4  -2 39 3  49
T 4  2 33 7  50
ROW -1 -2 23
T 0  165 16 30  0
T 1  -39 2 5  1
T 1  117 4 3  97
T 1  -33 2 30  2
T 2  215 28 2  3
T 2  -45 14 21  98
T 2  13 1 5  4
T 2  -39 2 3  99
T 2  99 14 30  5
T 3  85 429 210  6
T 3  85 143 70  100
T 3  -215 91 2  8
T 3  90 91 21  101
T 3  -26 11 5  9
T 3  39 11 3  102
T 3  -22 21 30  10
T 4  -10 429 210  11
T 4  -10 143 70  103
T 4  43 273 2  13
T 4  -6 91 21  104
T 4  4 33 5  14
T 4  -2 11 3  105
T 4  1 21 30  15
ROW -1 -1 23
T 0  165 8 15  16
T 1  -39 4 15  17
T 1  39 1 1  37
T 1  -33 1 15  18
T 2  5 14 15  19
T 2  -40 7 7  38
T 2  13 2 15  20
T 2  -26 1 1  40
T 2  99 7 15  21
T 3  595 429 15  22
T 3  85 143 70  41
T 3  -10 91 15  24
T 3  160 91 7  43
T 3  -13 11 15  25
T 3  52 11 1  45
T 3  -44 21 15  26
T 4  -70 429 15  27
T 4  -10 143 70  46
T 4  2 273 15  29
T 4  -32 273 7  48
T 4  2 33 15  30
T 4  -8 33 1  50
T 4  2 21 15  31
ROW -1 0 14
T 0  -165 8 6  74
T 1  -39 4 1  75
T 1  33 1 6  76
T 2  55 14 10  78
T 2  13 2 1  79
T 2  -99 7 6  80
T 3  -425 429 42  82
T 3  -110 91 10  84
T 3  -13 11 1  85
T 3  44 21 6  86
T 4  50 429 42  88
T 4  22 273 10  90
T 4  2 33 1  91
T 4  -2 21 6  92
ROW -1 1 9
T 1  -39 1 1  60
T 2  40 7 7  62
T 2  26 1 1  63
T 3  -85 143 70  65
T 3  -160 91 7  67
T 3  -52 11 1  68
T 4  10 143 70  70
T 4  32 273 7  72
T 4  8 33 1  73
ROW -1 2 23
T 0  -165 16 30  74
T 1  -117 4 3  51
T 1  39 2 5  75
T 1  33 2 30  76
T 2  45 14 21  52
T 2  -215 28 2  78
T 2  39 2 3  53
T 2  -13 1 5  79
T 2  -99 14 30  80
T 3  -85 143 70  54
T 3  -85 429 210  82
T 3  -90 91 21  55
T 3  215 91 2  84
T 3  -39 11 3  56
T 3  26 11 5  85
T 3  22 21 30  86
T 4  10 143 70  57
T 4  10 429 210  88
T 4  6 91 21  58
T 4  -43 273 2  90
T 4  2 11 3  59
T 4  -4 33 5  91
T 4  -1 21 30  92
ROW -1 3 14
T 1  39 4 7  60
T 2  5 2 3  61
T 2  -35 2 1  62
T 2  -13 2 7  63
T 3  -85 143 55  64
T 3  -85 143 10  65
T 3  -10 13 3  66
T 3  70 13 1  67
T 3  13 11 7  68
T 4  10 143 55  69
T 4  10 143 10  70
T 4  2 39 3  71
T 4  -14 39 1  72
T 4  -2 33 7  73
ROW -1 4 14
T 1  -39 4 21  51
T 2  -5 1 15  77
T 2  -10 1 3  52
T 2  13 2 21  53
T 3  -85 286 110  81
T 3  -85 286 10  54
T 3  20 13 15  83
T 3  40 13 3  55
T 3  -13 11 21  56
T 4  5 143 110  87
T 4  5 143 10  57
T 4  -4 39 15  89
T 4  -8 39 3  58
T 4  2 33 21  59
ROW 0 -4 5
T 2  -30 1 1  61
T 3  -85 429 165  64
T 3  120 13 1  66
T 4  10 429 165  69
T 4  -8 13 1  71
ROW 0 -3 9
T 1  117 4 7  51
T 2  -15 1 1  52
T 2  -39 2 7  53
T 3  -340 429 30  54
T 3  60 13 1  55
T 3  39 11 7  56
T 4  40 429 30  57
T 4  -4 13 1  58
T 4  -2 11 7  59
ROW 0 -2 9
T 1  39 4 3  60
T 2  5 7 21  62
T 2  -13 2 3  63
T 3  -170 429 210  65
T 3  -20 91 21  67
T 3  13 11 3  68
T 4  20 429 210  70
T 4  4 273 21  72
T 4  -2 33 3  73
ROW 0 -1 14
T 0  165 8 10  74
T 1  -39 4 15  75
T 1  -33 1 10  76
T 2  95 14 6  78
T 2  13 2 15  79
T 2  99 7 10  80
T 3  -340 429 70  82
T 3  -190 91 6  84
T 3  -13 11 15  85
T 3  -44 21 10  86
T 4  40 429 70  88
T 4  38 273 6  90
T 4  2 33 15  91
T 4  2 21 10  92
ROW 0 0 14
T 0  165 2 1  16
T 1  -117 2 1  17
T 1  -132 1 1  18
T 2  150 7 1  19
T 2  39 1 1  20
T 2  396 7 1  21
T 3  -2975 429 1  22
T 3  -600 91 1  24
T 3  -78 11 1  25
T 3  -176 21 1  26
T 4  350 429 1  27
T 4  40 91 1  29
T 4  4 11 1  30
T 4  8 21 1  31
ROW 0 1 14
T 0  165 8 10  0
T 1  -39 4 15  1
T 1  -33 1 10  2
T 2  95 14 6  3
T 2  13 2 15  4
T 2  99 7 10  5
T 3  -340 429 70  6
T 3  -190 91 6  8
T 3  -13 11 15  9
T 3  -44 21 10  10
T 4  40 429 70  11
T 4  38 273 6  13
T 4  2 33 15  14
T 4  2 21 10  15
ROW 0 2 9
T 1  39 4 3  37
T 2  5 7 21  38
T 2  -13 2 3  40
T 3  -170 429 210  41
T 3  -20 91 21  43
T 3  13 11 3  45
T 4  20 429 210  46
T 4  4 273 21  48
T 4  -2 33 3  50
ROW 0 3 9
T 1  117 4 7  97
T 2  -15 1 1  98
T 2  -39 2 7  99
T 3  -340 429 30  100
T 3  60 13 1  101
T 3  39 11 7  102
T 4  40 429 30  103
T 4  -4 13 1  104
T 4  -2 11 7  105
ROW 0 4 5
T 2  -30 1 1  39
T 3  -85 429 165  42
T 3  120 13 1  44
T 4  10 429 165  47
T 4  -8 13 1  49
ROW 1 -4 14
T 1  39 4 21  51
T 2  -5 1 15  77
T 2  10 1 3  52
T 2  -13 2 21  53
T 3  -85 286 110  81
T 3  85 286 10  54
T 3  20 13 15  83
T 3  -40 13 3  55
T 3  13 11 21  56
T 4  5 143 110  87
T 4  -5 143 10  57
T 4  -4 39 15  89
T 4  8 39 3  58
T 4  -2 33 21  59
ROW 1 -3 14
T 1  -39 4 7  60
T 2  5 2 3  61
T 2  35 2 1  62
T 2  13 2 7  63
T 3  -85 143 55  64
T 3  85 143 10  65
T 3  -10 13 3  66
T 3  -70 13 1  67
T 3  -13 11 7  68
T 4  10 143 55  69
T 4  -10 143 10  70
T 4  2 39 3  71
T 4  14 39 1  72
T 4  2 33 7  73
ROW 1 -2 23
T 0  165 16 30  74
T 1  -117 4 3  51
T 1  -39 2 5  75
T 1  -33 2 30  76
T 2  45 14 21  52
T 2  215 28 2  78
T 2  39 2 3  53
T 2  13 1 5  79
T 2  99 14 30  80
T 3  -85 143 70  54
T 3  85 429 210  82
T 3  -90 91 21  55
T 3  -215 91 2  84
T 3  -39 11 3  56
T 3  -26 11 5  85
T 3  -22 21 30  86
T 4  10 143 70  57
T 4  -10 429 210  88
T 4  6 91 21  58
T 4  43 273 2  90
T 4  2 11 3  59
T 4  4 33 5  91
T 4  1 21 30  92
ROW 1 -1 9
T 1  -39 1 1  60
T 2  40 7 7  62
T 2  26 1 1  63
T 3  -85 143 70  65
T 3  -160 91 7  67
T 3  -52 11 1  68
T 4  10 143 70  70
T 4  32 273 7  72
T 4  8 33 1  73
ROW 1 0 14
T 0  -165 8 6  0
T 1  -39 4 1  1
T 1  33 1 6  2
T 2  55 14 10  3
T 2  13 2 1  4
T 2  -99 7 6  5
T 3  -425 429 42  6
T 3  -110 91 10  8
T 3  -13 11 1  9
T 3  44 21 6  10
T 4  50 429 42  11
T 4  22 273 10  13
T 4  2 33 1  14
T 4  -2 21 6  15
ROW 1 1 23
T 0  165 8 15  16
T 1  -39 4 15  17
T 1  -39 1 1  37
T 1  -33 1 15  18
T 2  5 14 15  19
T 2  40 7 7  38
T 2  13 2 15  20
T 2  26 1 1  40
T 2  99 7 15  21
T 3  595 429 15  22
T 3  -85 143 70  41
T 3  -10 91 15  24
T 3  -160 91 7  43
T 3  -13 11 15  25
T 3  -52 11 1  45
T 3  -44 21 15  26
T 4  -70 429 15  27
T 4  10 143 70  46
T 4  2 273 15  29
T 4  32 273 7  48
T 4  2 33 15  30
T 4  8 33 1  50
T 4  2 21 15  31
ROW 1 2 23
T 0  165 16 30  0
T 1  -39 2 5  1
T 1  -117 4 3  97
T 1  -33 2 30  2
T 2  215 28 2  3
T 2  45 14 21  98
T 2  13 1 5  4
T 2  39 2 3  99
T 2  99 14 30  5
T 3  85 429 210  6
T 3  -85 143 70  100
T 3  -215 91 2  8
T 3  -90 91 21  101
T 3  -26 11 5  9
T 3  -39 11 3  102
T 3  -22 21 30  10
T 4  -10 429 210  11
T 4  10 143 70  103
T 4  43 273 2  13
T 4  6 91 21  104
T 4  4 33 5  14
T 4  2 11 3  105
T 4  1 21 30  15
ROW 1 3 14
T 1  -39 4 7  37
T 2  35 2 1  38
T 2  5 2 3  39
T 2  13 2 7  40
T 3  85 143 10  41
T 3  -85 143 55  42
T 3  -70 13 1  43
T 3  -10 13 3  44
T 3  -13 11 7  45
T 4  -10 143 10  46
T 4  10 143 55  47
T 4  14 39 1  48
T 4  2 39 3  49
T 4  2 33 7  50
ROW 1 4 14
T 1  39 4 21  97
T 2  10 1 3  98
T 2  -5 1 15  32
T 2  -13 2 21  99
T 3  85 286 10  100
T 3  -85 286 110  33
T 3  -40 13 3  101
T 3  20 13 15  34
T 3  13 11 21  102
T 4  -5 143 10  103
T 4  5 143 110  35
T 4  8 39 3  104
T 4  -4 39 15  36
T 4  -2 33 21  105
ROW 2 -4 11
T 1  -39 4 35  60
T 2  -5 1 5  62
T 2  13 2 35  63
T 3  -85 286 286  93
T 3  -85 286 2  65
T 3  20 13 5  67
T 3  -13 11 35  68
T 4  5 143 286  94
T 4  5 143 2  70
T 4  -4 39 5  72
T 4  2 33 35  73
ROW 2 -3 19
T 0  165 16 42  74
T 1  -39 4 7  75
T 1  -33 2 42  76
T 2  25 2 3  77
T 2  -55 28 70  78
T 2  13 2 7  79
T 2  99 14 42  80
T 3  -170 143 22  81
T 3  -170 429 6  82
T 3  -50 13 3  83
T 3  55 91 70  84
T 3  -13 11 7  85
T 3  -22 21 42  86
T 4  20 143 22  87
T 4  20 429 6  88
T 4  10 39 3  89
T 4  -11 273 70  90
T 4  2 33 7  91
T 4  1 21 42  92
ROW 2 -2 5
T 2  10 7 105  61
T 3  -85 143 77  64
T 3  -40 91 105  66
T 4  10 143 77  69
T 4  8 273 105  71
ROW 2 -1 23
T 0  165 16 6  74
T 1  39 4 15  51
T 1  39 1 1  75
T 1  -33 2 6  76
T 2  5 14 105  52
T 2  -125 28 10  78
T 2  -13 2 15  53
T 2  -26 1 1  79
T 2  99 14 6  80
T 3  -170 143 14  54
T 3  -170 429 42  82
T 3  -10 91 105  55
T 3  125 91 10  84
T 3  13 11 15  56
T 3  52 11 1  85
T 3  -22 21 6  86
T 4  20 143 14  57
T 4  20 429 42  88
T 4  2 273 105  58
T 4  -25 273 10  90
T 4  -2 33 15  59
T 4  -8 33 1  91
T 4  1 21 6  92
ROW 2 0 9
T 1  273 4 1  37
T 2  -25 7 7  38
T 2  -91 2 1  40
T 3  -85 143 70  41
T 3  100 91 7  43
T 3  91 11 1  45
T 4  10 143 70  46
T 4  -20 273 7  48
T 4  -14 33 1  50
ROW 2 1 23
T 0  -165 16 6  0
T 1  -39 1 1  1
T 1  39 4 15  97
T 1  33 2 6  2
T 2  125 28 10  3
T 2  5 14 105  98
T 2  26 1 1  4
T 2  -13 2 15  99
T 2  -99 14 6  5
T 3  170 429 42  6
T 3  -170 143 14  100
T 3  -125 91 10  8
T 3  -10 91 105  101
T 3  -52 11 1  9
T 3  13 11 15  102
T 3  22 21 6  10
T 4  -20 429 42  11
T 4  20 143 14  103
T 4  25 273 10  13
T 4  2 273 105  104
T 4  8 33 1  14
T 4  -2 33 15  105
T 4  -1 21 6  15
ROW 2 2 19
T 0  165 4 3  16
T 1  39 4 3  17
T 1  -66 1 3  18
T 2  -100 7 3  19
T 2  10 7 105  39
T 2  -13 2 3  20
T 2  198 7 3  21
T 3  -595 429 3  22
T 3  -85 143 77  42
T 3  400 91 3  24
T 3  -40 91 105  44
T 3  13 11 3  25
T 3  -88 21 3  26
T 4  70 429 3  27
T 4  10 143 77  47
T 4  -80 273 3  29
T 4  8 273 105  49
T 4  -2 33 3  30
T 4  4 21 3  31
ROW 2 3 19
T 0  165 16 42  0
T 1  -39 4 7  1
T 1  -33 2 42  2
T 2  -55 28 70  3
T 2  25 2 3  32
T 2  13 2 7  4
T 2  99 14 42  5
T 3  -170 429 6  6
T 3  -170 143 22  33
T 3  55 91 70  8
T 3  -50 13 3  34
T 3  -13 11 7  9
T 3  -22 21 42  10
T 4  20 429 6  11
T 4  20 143 22  35
T 4  -11 273 70  13
T 4  10 39 3  36
T 4  2 33 7  14
T 4  1 21 42  15
ROW 2 4 11
T 1  -39 4 35  37
T 2  -5 1 5  38
T 2  13 2 35  40
T 3  -85 286 2  41
T 3  -85 286 286  23
T 3  20 13 5  43
T 3  -13 11 35  45
T 4  5 143 2  46
T 4  5 143 286  28
T 4  -4 39 5  48
T 4  2 33 35  50
ROW 3 -4 16
T 0  165 8 14  74
T 1  39 4 21  75
T 1  -33 1 14  76
T 2  5 14 210  78
T 2  -13 2 21  79
T 2  99 7 14  80
T 3  -85 858 6006  95
T 3  85 858 2  82
T 3  -10 91 210  84
T 3  13 11 21  85
T 3  -44 21 14  86
T 4  5 429 6006  96
T 4  -5 429 2  88
T 4  2 273 210  90
T 4  -2 33 21  91
T 4  2 21 14  92
ROW 3 -3 2
T 3  -85 429 858  93
T 4  10 429 858  94
ROW 3 -2 19
T 0  165 16 2  74
T 1  117 4 3  75
T 1  -33 2 2  76
T 2  -75 14 7  77
T 2  75 28 30  78
T 2  -39 2 3  79
T 2  99 14 2  80
T 3  -85 429 462  81
T 3  85 429 14  82
T 3  150 91 7  83
T 3  -75 91 30  84
T 3  39 11 3  85
T 3  -22 21 2  86
T 4  10 429 462  87
T 4  -10 429 14  88
T 4  -10 91 7  89
T 4  5 91 30  90
T 4  -2 11 3  91
T 4  1 21 2  92
ROW 3 -1 14
T 1  -39 4 15  60
T 2  -45 14 35  61
T 2  -25 14 105  62
T 2  13 2 15  63
T 3  -85 429 231  64
T 3  -85 429 42  65
T 3  90 91 35  66
T 3  50 91 105  67
T 3  -13 11 15  68
T 4  10 429 231  69
T 4  10 429 42  70
T 4  -6 91 35  71
T 4  -10 273 105  72
T 4  2 33 15  73
ROW 3 0 9
T 1  -117 4 1  97
T 2  -75 7 7  98
T 2  39 2 1  99
T 3  -85 429 210  100
T 3  300 91 7  101
T 3  -39 11 1  102
T 4  10 429 210  103
T 4  -20 91 7  104
T 4  2 11 1  105
ROW 3 1 14
T 1  39 4 15  37
T 2  25 14 105  38
T 2  -45 14 35  39
T 2  -13 2 15  40
T 3  85 429 42  41
T 3  -85 429 231  42
T 3  -50 91 105  43
T 3  90 91 35  44
T 3  13 11 15  45
T 4  -10 429 42  46
T 4  10 429 231  47
T 4  10 273 105  48
T 4  -6 91 35  49
T 4  -2 33 15  50
ROW 3 2 19
T 0  -165 16 2  0
T 1  -117 4 3  1
T 1  33 2 2  2
T 2  -75 28 30  3
T 2  -75 14 7  32
T 2  39 2 3  4
T 2  -99 14 2  5
T 3  -85 429 14  6
T 3  -85 429 462  33
T 3  75 91 30  8
T 3  150 91 7  34
T 3  -39 11 3  9
T 3  22 21 2  10
T 4  10 429 14  11
T 4  10 429 462  35
T 4  -5 91 30  13
T 4  -10 91 7  36
T 4  2 11 3  14
T 4  -1 21 2  15
ROW 3 3 16
T 0  165 8 7  16
T 1  117 4 7  17
T 1  -33 1 7  18
T 2  75 14 7  19
T 2  -39 2 7  20
T 2  99 7 7  21
T 3  85 429 7  22
T 3  -85 429 858  23
T 3  -150 91 7  24
T 3  39 11 7  25
T 3  -44 21 7  26
T 4  -10 429 7  27
T 4  10 429 858  28
T 4  10 91 7  29
T 4  -2 11 7  30
T 4  2 21 7  31
ROW 3 4 16
T 0  165 8 14  0
T 1  39 4 21  1
T 1  -33 1 14  2
T 2  5 14 210  3
T 2  -13 2 21  4
T 2  99 7 14  5
T 3  85 858 2  6
T 3  -85 858 6006  7
T 3  -10 91 210  8
T 3  13 11 21  9
T 3  -44 21 14  10
T 4  -5 429 2  11
T 4  5 429 6006  12
T 4  2 273 210  13
T 4  -2 33 21  14
T 4  2 21 14  15
