FORMAT 1
KERNEL T
SOURCE (s|S|s)
SHELLS 3 3

# E <id> <alpha> <beta> <mu> <p>
E 0 0 0 1 -3
E 1 0 0 2 -3
E 2 0 0 3 -3
E 3 0 0 4 -3
E 4 0 0 5 -3

# G <id> <2k> <L> <M>
G 0 0 0 0
G 1 0 2 0
G 2 2 0 0
G 3 0 4 0
G 4 2 2 0
G 5 4 0 0
G 6 0 6 0
G 7 0 6 6
G 8 2 4 0
G 9 4 2 0
G 10 6 0 0
G 11 2 6 0
G 12 2 6 6
G 13 4 4 0
G 14 6 2 0
G 15 8 0 0
G 16 0 2 1
G 17 0 4 1
G 18 2 2 1
G 19 0 6 1
G 20 0 6 5
G 21 2 4 1
G 22 4 2 1
G 23 2 6 1
G 24 2 6 5
G 25 4 4 1
G 26 6 2 1
G 27 0 2 2
G 28 0 4 2
G 29 0 4 4
G 30 2 2 2
G 31 0 6 2
G 32 0 6 4
G 33 2 4 2
G 34 2 4 4
G 35 4 2 2
G 36 2 6 2
G 37 2 6 4
G 38 4 4 2
G 39 4 4 4
G 40 6 2 2
G 41 0 4 -3
G 42 0 6 -3
G 43 2 4 -3
G 44 2 6 -3
G 45 4 4 -3
G 46 0 2 -2
G 47 0 4 -4
G 48 0 4 -2
G 49 2 2 -2
G 50 0 6 -4
G 51 0 6 -2
G 52 2 4 -4
G 53 2 4 -2
G 54 4 2 -2
G 55 2 6 -4
G 56 2 6 -2
G 57 4 4 -4
G 58 4 4 -2
G 59 6 2 -2
G 60 0 2 -1
G 61 0 4 -1
G 62 2 2 -1
G 63 0 6 -5
G 64 0 6 -1
G 65 2 4 -1
G 66 4 2 -1
G 67 2 6 -5
G 68 2 6 -1
G 69 4 4 -1
G 70 6 2 -1
G 71 0 6 -6
G 72 2 6 -6
G 73 0 4 3
G 74 0 6 3
G 75 2 4 3
G 76 2 6 3
G 77 4 4 3

# TABLE <l> <l'> <rows> [SYMMETRIC]
# ROW <m> <m'> <terms>
# T <prefactor> <num> <den> <radicand> <geometry>

TABLE 3 3 28 SYMMETRIC
ROW -3 -3 16
T 0  135 8 1  0
T 1  165 4 1  1
T 1  -45 1 1  2
T 2  117 14 1  3
T 2  -495 14 1  4
T 2  27 1 1  5
T 3  25 77 1  6
T 3  25 77 462  7
T 3  -234 77 1  8
T 3  55 7 1  9
T 3  -36 7 1  10
T 4  -10 231 1  11
T 4  -10 231 462  12
T 4  18 77 1  13
T 4  -10 21 1  14
T 4  2 7 1  15
ROW -3 -2 11
T 1  -165 8 2  16
T 2  -39 14 15  17
T 2  495 28 2  18
T 3  -25 154 14  19
T 3  25 77 231  20
T 3  78 77 15  21
T 3  -55 14 2  22
T 4  5 231 14  23
T 4  -10 231 231  24
T 4  -6 77 15  25
T 4  5 21 2  26
ROW -3 -1 14
T 1  33 4 5  27
T 2  117 14 3  28
T 2  39 14 21  29
T 2  -99 14 5  30
T 3  25 77 14  31
T 3  25 77 105  32
T 3  -234 77 3  33
T 3  -78 77 21  34
T 3  11 7 5  35
T 4  -10 231 14  36
T 4  -10 231 105  37
T 4  18 77 3  38
T 4  6 77 21  39
T 4  -2 21 5  40
ROW -3 0 5
T 2  -117 14 7  41
T 3  -50 77 21  42
T 3  234 77 7  43
T 4  20 231 21  44
T 4  -18 77 7  45
ROW -3 1 14
T 1  33 4 5  46
T 2  -39 14 21  47
T 2  117 14 3  48
T 2  -99 14 5  49
T 3  -25 77 105  50
T 3  25 77 14  51
T 3  78 77 21  52
T 3  -234 77 3  53
T 3  11 7 5  54
T 4  10 231 105  55
T 4  -10 231 14  56
T 4  -6 77 21  57
T 4  18 77 3  58
T 4  -2 21 5  59
ROW -3 2 11
T 1  -165 8 2  60
T 2  -39 14 15  61
T 2  495 28 2  62
T 3  -25 77 231  63
T 3  -25 154 14  64
T 3  78 77 15  65
T 3  -55 14 2  66
T 4  10 231 231  67
T 4  5 231 14  68
T 4  -6 77 15  69
T 4  5 21 2  70
ROW -3 3 2
T 3  -25 77 462  71
T 4  10 231 462  72
ROW -2 -2 15
T 0  135 8 1  0
T 1  -45 1 1  2
T 2  -39 2 1  3
T 2  -39 14 35  29
T 2  27 1 1  5
T 3  -150 77 1  6
T 3  150 77 7  32
T 3  78 11 1  8
T 3  78 77 35  34
T 3  -36 7 1  10
T 4  20 77 1  11
T 4  -20 77 7  37
T 4  -6 11 1  13
T 4  -6 77 35  39
T 4  2 7 1  15
ROW -2 -1 14
T 1  -33 8 30  16
T 2  78 7 1  17
T 2  -39 14 7  73
T 2  99 28 30  18
T 3  25 154 210  19
T 3  75 77 21  74
T 3  -312 77 1  21
T 3  78 77 7  75
T 3  -11 14 30  22
T 4  -5 231 210  23
T 4  -10 77 21  76
T 4  24 77 1  25
T 4  -6 77 7  77
T 4  1 21 30  26
ROW -2 0 9
T 1  33 2 5  46
T 2  -39 14 3  48
T 2  -99 7 5  49
T 3  -100 77 14  51
T 3  78 77 3  53
T 3  22 7 5  54
T 4  40 231 14  56
T 4  -6 77 3  58
T 4  -4 21 5  59
ROW -2 1 14
T 1  -33 8 30  60
T 2  39 14 7  41
T 2  78 7 1  61
T 2  99 28 30  62
T 3  -75 77 21  42
T 3  25 154 210  64
T 3  -78 77 7  43
T 3  -312 77 1  65
T 3  -11 14 30  66
T 4  10 77 21  44
T 4  -5 231 210  68
T 4  6 77 7  45
T 4  24 77 1  69
T 4  1 21 30  70
ROW -2 2 5
T 2  39 14 35  47
T 3  -150 77 7  50
T 3  -78 77 35  52
T 4  20 77 7  55
T 4  6 77 35  57
ROW -2 3 11
T 1  165 8 2  60
T 2  39 14 15  61
T 2  -495 28 2  62
T 3  -25 77 231  63
T 3  25 154 14  64
T 3  -78 77 15  65
T 3  55 14 2  66
T 4  10 231 231  67
T 4  -5 231 14  68
T 4  6 77 15  69
T 4  -5 21 2  70
ROW -1 -1 23
T 0  135 8 1  0
T 1  -99 4 1  1
T 1  33 2 3  27
T 1  -45 1 1  2
T 2  39 14 1  3
T 2  -39 7 5  28
T 2  297 14 1  4
T 2  -99 7 3  30
T 2  27 1 1  5
T 3  375 77 1  6
T 3  25 77 210  31
T 3  -78 77 1  8
T 3  156 77 5  33
T 3  -33 7 1  9
T 3  22 7 3  35
T 3  -36 7 1  10
T 4  -50 77 1  11
T 4  -10 231 210  36
T 4  6 77 1  13
T 4  -12 77 5  38
T 4  2 7 1  14
T 4  -4 21 3  40
T 4  2 7 1  15
ROW -1 0 9
T 1  -33 4 2  60
T 2  39 14 15  61
T 2  99 14 2  62
T 3  -125 77 14  64
T 3  -78 77 15  65
T 3  -11 7 2  66
T 4  50 231 14  68
T 4  6 77 15  69
T 4  2 21 2  70
ROW -1 1 9
T 1  -33 2 3  46
T 2  39 7 5  48
T 2  99 7 3  49
T 3  -25 77 210  51
T 3  -156 77 5  53
T 3  -22 7 3  54
T 4  10 231 210  56
T 4  12 77 5  58
T 4  4 21 3  59
ROW -1 2 14
T 1  33 8 30  60
T 2  39 14 7  41
T 2  -78 7 1  61
T 2  -99 28 30  62
T 3  -75 77 21  42
T 3  -25 154 210  64
T 3  -78 77 7  43
T 3  312 77 1  65
T 3  11 14 30  66
T 4  10 77 21  44
T 4  5 231 210  68
T 4  6 77 7  45
T 4  -24 77 1  69
T 4  -1 21 30  70
ROW -1 3 14
T 1  -33 4 5  46
T 2  -39 14 21  47
T 2  -117 14 3  48
T 2  99 14 5  49
T 3  -25 77 105  50
T 3  -25 77 14  51
T 3  78 77 21  52
T 3  234 77 3  53
T 3  -11 7 5  54
T 4  10 231 105  55
T 4  10 231 14  56
T 4  -6 77 21  57
T 4  -18 77 3  58
T 4  2 21 5  59
ROW 0 0 14
T 0  135 8 1  0
T 1  -33 1 1  1
T 1  -45 1 1  2
T 2  117 7 1  3
T 2  198 7 1  4
T 2  27 1 1  5
T 3  -500 77 1  6
T 3  -468 77 1  8
T 3  -44 7 1  9
T 3  -36 7 1  10
T 4  200 231 1  11
T 4  36 77 1  13
T 4  8 21 1  14
T 4  2 7 1  15
ROW 0 1 9
T 1  -33 4 2  16
T 2  39 14 15  17
T 2  99 14 2  18
T 3  -125 77 14  19
T 3  -78 77 15  21
T 3  -11 7 2  22
T 4  50 231 14  23
T 4  6 77 15  25
T 4  2 21 2  26
ROW 0 2 9
T 1  33 2 5  27
T 2  -39 14 3  28
T 2  -99 7 5  30
T 3  -100 77 14  31
T 3  78 77 3  33
T 3  22 7 5  35
T 4  40 231 14  36
T 4  -6 77 3  38
T 4  -4 21 5  40
ROW 0 3 5
T 2  -117 14 7  73
T 3  -50 77 21  74
T 3  234 77 7  75
T 4  20 231 21  76
T 4  -18 77 7  77
ROW 1 1 23
T 0  135 8 1  0
T 1  -99 4 1  1
T 1  -33 2 3  27
T 1  -45 1 1  2
T 2  39 14 1  3
T 2  39 7 5  28
T 2  297 14 1  4
T 2  99 7 3  30
T 2  27 1 1  5
T 3  375 77 1  6
T 3  -25 77 210  31
T 3  -78 77 1  8
T 3  -156 77 5  33
T 3  -33 7 1  9
T 3  -22 7 3  35
T 3  -36 7 1  10
T 4  -50 77 1  11
T 4  10 231 210  36
T 4  6 77 1  13
T 4  12 77 5  38
T 4  2 7 1  14
T 4  4 21 3  40
T 4  2 7 1  15
ROW 1 2 14
T 1  -33 8 30  16
T 2  78 7 1  17
T 2  39 14 7  73
T 2  99 28 30  18
T 3  25 154 210  19
T 3  -75 77 21  74
T 3  -312 77 1  21
T 3  -78 77 7  75
T 3  -11 14 30  22
T 4  -5 231 210  23
T 4  10 77 21  76
T 4  24 77 1  25
T 4  6 77 7  77
T 4  1 21 30  26
ROW 1 3 14
T 1  33 4 5  27
T 2  117 14 3  28
T 2  -39 14 21  29
T 2  -99 14 5  30
T 3  25 77 14  31
T 3  -25 77 105  32
T 3  -234 77 3  33
T 3  78 77 21  34
T 3  11 7 5  35
T 4  -10 231 14  36
T 4  10 231 105  37
T 4  18 77 3  38
T 4  -6 77 21  39
T 4  -2 21 5  40
ROW 2 2 15
T 0  135 8 1  0
T 1  -45 1 1  2
T 2  -39 2 1  3
T 2  39 14 35  29
T 2  27 1 1  5
T 3  -150 77 1  6
T 3  -150 77 7  32
T 3  78 11 1  8
T 3  -78 77 35  34
T 3  -36 7 1  10
T 4  20 77 1  11
T 4  20 77 7  37
T 4  -6 11 1  13
T 4  6 77 35  39
T 4  2 7 1  15
ROW 2 3 11
T 1  -165 8 2  16
T 2  -39 14 15  17
T 2  495 28 2  18
T 3  -25 154 14  19
T 3  -25 77 231  20
T 3  78 77 15  21
T 3  -55 14 2  22
T 4  5 231 14  23
T 4  10 231 231  24
T 4  -6 77 15  25
T 4  5 21 2  26
ROW 3 3 16
T 0  135 8 1  0
T 1  165 4 1  1
T 1  -45 1 1  2
T 2  117 14 1  3
T 2  -495 14 1  4
T 2  27 1 1  5
T 3  25 77 1  6
T 3  -25 77 462  7
T 3  -234 77 1  8
T 3  55 7 1  9
T 3  -36 7 1  10
T 4  -10 231 1  11
T 4  10 231 462  12
T 4  18 77 1  13
T 4  -10 21 1  14
T 4  2 7 1  15
