FORMAT 1
KERNEL T
SOURCE (s|S|s)
SHELLS 4 1

# E <id> <alpha> <beta> <mu> <p>
E 0 0 3 1 -4
E 1 0 3 2 -4
E 2 0 3 3 -4

# G <id> <2k> <L> <M>
G 0 0 3 3
G 1 0 5 3
G 2 0 5 5
G 3 2 3 3
G 4 2 5 3
G 5 2 5 5
G 6 4 3 3
G 7 0 5 -4
G 8 2 5 -4
G 9 0 3 -3
G 10 0 5 -5
G 11 0 5 -3
G 12 2 3 -3
G 13 2 5 -5
G 14 2 5 -3
G 15 4 3 -3
G 16 0 3 2
G 17 0 5 2
G 18 0 5 4
G 19 2 3 2
G 20 2 5 2
G 21 2 5 4
G 22 4 3 2
G 23 0 3 -2
G 24 0 5 -2
G 25 2 3 -2
G 26 2 5 -2
G 27 4 3 -2
G 28 0 3 1
G 29 0 5 1
G 30 2 3 1
G 31 2 5 1
G 32 4 3 1
G 33 0 3 -1
G 34 0 5 -1
G 35 2 3 -1
G 36 2 5 -1
G 37 4 3 -1
G 38 0 3 0
G 39 0 5 0
G 40 2 3 0
G 41 2 5 0
G 42 4 3 0

# TABLE <l> <l'> <rows> [SYMMETRIC]
# ROW <m> <m'> <terms>
# T <prefactor> <num> <den> <radicand> <geometry>

TABLE 4 1 27
ROW -4 -1 7
T 0  -11 2 14  0
T 1  -13 18 2  1
T 1  -13 6 10  2
T 1  22 9 14  3
T 2  1 9 2  4
T 2  1 3 10  5
T 2  -2 9 14  6
ROW -4 0 2
T 1  13 3 1  7
T 2  -2 3 1  8
ROW -4 1 7
T 0  -11 2 14  9
T 1  13 6 10  10
T 1  -13 18 2  11
T 1  22 9 14  12
T 2  -1 3 10  13
T 2  1 9 2  14
T 2  -2 9 14  15
ROW -3 -1 7
T 0  -11 4 42  16
T 1  -13 18 6  17
T 1  -13 3 2  18
T 1  11 9 42  19
T 2  1 9 6  20
T 2  2 3 2  21
T 2  -1 9 42  22
ROW -3 0 5
T 0  -11 2 7  9
T 1  52 9 1  11
T 1  22 9 7  12
T 2  -8 9 1  14
T 2  -2 9 7  15
ROW -3 1 7
T 0  -11 4 42  23
T 1  13 3 2  7
T 1  -13 18 6  24
T 1  11 9 42  25
T 2  -2 3 2  8
T 2  1 9 6  26
T 2  -1 9 42  27
ROW -2 -1 10
T 0  -11 4 30  28
T 0  -11 4 2  0
T 1  -13 9 3  29
T 1  -13 9 14  1
T 1  11 9 30  30
T 1  11 9 2  3
T 2  2 9 3  31
T 2  2 9 14  4
T 2  -1 9 30  32
T 2  -1 9 2  6
ROW -2 0 5
T 0  -11 1 3  23
T 1  13 9 21  24
T 1  44 9 3  25
T 2  -2 9 21  26
T 2  -4 9 3  27
ROW -2 1 10
T 0  11 4 2  9
T 0  -11 4 30  33
T 1  13 9 14  11
T 1  -13 9 3  34
T 1  -11 9 2  12
T 1  11 9 30  35
T 2  -2 9 14  14
T 2  2 9 3  36
T 2  1 9 2  15
T 2  -1 9 30  37
ROW -1 -1 10
T 0  -11 2 10  38
T 0  -11 4 6  16
T 1  -13 9 10  39
T 1  -13 18 42  17
T 1  22 9 10  40
T 1  11 9 6  19
T 2  2 9 10  41
T 2  1 9 42  20
T 2  -2 9 10  42
T 2  -1 9 6  22
ROW -1 0 5
T 0  -11 2 15  33
T 1  26 9 6  34
T 1  22 9 15  35
T 2  -4 9 6  36
T 2  -2 9 15  37
ROW -1 1 5
T 0  11 4 6  23
T 1  13 18 42  24
T 1  -11 9 6  25
T 2  -1 9 42  26
T 2  1 9 6  27
ROW 0 -1 5
T 0  11 2 6  33
T 1  13 9 15  34
T 1  -22 9 6  35
T 2  -2 9 15  36
T 2  2 9 6  37
ROW 0 0 5
T 0  -22 1 1  38
T 1  65 9 1  39
T 1  88 9 1  40
T 2  -10 9 1  41
T 2  -8 9 1  42
ROW 0 1 5
T 0  11 2 6  28
T 1  13 9 15  29
T 1  -22 9 6  30
T 2  -2 9 15  31
T 2  2 9 6  32
ROW 1 -1 5
T 0  11 4 6  23
T 1  13 18 42  24
T 1  -11 9 6  25
T 2  -1 9 42  26
T 2  1 9 6  27
ROW 1 0 5
T 0  -11 2 15  28
T 1  26 9 6  29
T 1  22 9 15  30
T 2  -4 9 6  31
T 2  -2 9 15  32
ROW 1 1 10
T 0  -11 2 10  38
T 0  11 4 6  16
T 1  -13 9 10  39
T 1  13 18 42  17
T 1  22 9 10  40
T 1  -11 9 6  19
T 2  2 9 10  41
T 2  -1 9 42  20
T 2  -2 9 10  42
T 2  1 9 6  22
ROW 2 -1 10
T 0  11 4 2  9
T 0  11 4 30  33
T 1  13 9 14  11
T 1  13 9 3  34
T 1  -11 9 2  12
T 1  -11 9 30  35
T 2  -2 9 14  14
T 2  -2 9 3  36
T 2  1 9 2  15
T 2  1 9 30  37
ROW 2 0 5
T 0  -11 1 3  16
T 1  13 9 21  17
T 1  44 9 3  19
T 2  -2 9 21  20
T 2  -4 9 3  22
ROW 2 1 10
T 0  -11 4 30  28
T 0  11 4 2  0
T 1  -13 9 3  29
T 1  13 9 14  1
T 1  11 9 30  30
T 1  -11 9 2  3
T 2  2 9 3  31
T 2  -2 9 14  4
T 2  -1 9 30  32
T 2  1 9 2  6
ROW 3 -1 7
T 0  11 4 42  23
T 1  13 3 2  7
T 1  13 18 6  24
T 1  -11 9 42  25
T 2  -2 3 2  8
T 2  -1 9 6  26
T 2  1 9 42  27
ROW 3 0 5
T 0  -11 2 7  0
T 1  52 9 1  1
T 1  22 9 7  3
T 2  -8 9 1  4
T 2  -2 9 7  6
ROW 3 1 7
T 0  -11 4 42  16
T 1  -13 18 6  17
T 1  13 3 2  18
T 1  11 9 42  19
T 2  1 9 6  20
T 2  -2 3 2  21
T 2  -1 9 42  22
ROW 4 -1 7
T 0  11 2 14  9
T 1  13 6 10  10
T 1  13 18 2  11
T 1  -22 9 14  12
T 2  -1 3 10  13
T 2  -1 9 2  14
T 2  2 9 14  15
ROW 4 0 2
T 1  13 3 1  18
T 2  -2 3 1  21
ROW 4 1 7
T 0  -11 2 14  0
T 1  -13 18 2  1
T 1  13 6 10  2
T 1  22 9 14  3
T 2  1 9 2  4
T 2  -1 3 10  5
T 2  -2 9 14  6
