FORMAT 1
KERNEL T
SOURCE (s|S|s)
SHELLS 6 5

# E <id> <alpha> <beta> <mu> <p>
E 0 0 1 1 -6
E 1 0 1 2 -6
E 2 0 1 3 -6
E 3 0 1 4 -6
E 4 0 1 5 -6
E 5 0 1 6 -6
E 6 0 1 7 -6

# G <id> <2k> <L> <M>
G 0 0 1 1
G 1 0 3 1
G 2 2 1 1
G 3 0 5 1
G 4 2 3 1
G 5 4 1 1
G 6 0 7 1
G 7 2 5 1
G 8 4 3 1
G 9 6 1 1
G 10 0 9 1
G 11 2 7 1
G 12 4 5 1
G 13 6 3 1
G 14 8 1 1
G 15 0 11 1
G 16 0 11 11
G 17 2 9 1
G 18 4 7 1
G 19 6 5 1
G 20 8 3 1
G 21 10 1 1
G 22 2 11 1
G 23 2 11 11
G 24 4 9 1
G 25 6 7 1
G 26 8 5 1
G 27 10 3 1
G 28 12 1 1
G 29 0 3 2
G 30 0 5 2
G 31 2 3 2
G 32 0 7 2
G 33 2 5 2
G 34 4 3 2
G 35 0 9 2
G 36 2 7 2
G 37 4 5 2
G 38 6 3 2
G 39 0 11 2
G 40 0 11 10
G 41 2 9 2
G 42 4 7 2
G 43 6 5 2
G 44 8 3 2
G 45 2 11 2
G 46 2 11 10
G 47 4 9 2
G 48 6 7 2
G 49 8 5 2
G 50 10 3 2
G 51 0 3 3
G 52 0 5 3
G 53 2 3 3
G 54 0 7 3
G 55 2 5 3
G 56 4 3 3
G 57 0 9 3
G 58 0 9 9
G 59 2 7 3
G 60 4 5 3
G 61 6 3 3
G 62 0 11 3
G 63 0 11 9
G 64 2 9 3
G 65 2 9 9
G 66 4 7 3
G 67 6 5 3
G 68 8 3 3
G 69 2 11 3
G 70 2 11 9
G 71 4 9 3
G 72 4 9 9
G 73 6 7 3
G 74 8 5 3
G 75 10 3 3
G 76 0 5 4
G 77 0 7 4
G 78 2 5 4
G 79 0 9 4
G 80 0 9 8
G 81 2 7 4
G 82 4 5 4
G 83 0 11 4
G 84 0 11 8
G 85 2 9 4
G 86 2 9 8
G 87 4 7 4
G 88 6 5 4
G 89 2 11 4
G 90 2 11 8
G 91 4 9 4
G 92 4 9 8
G 93 6 7 4
G 94 8 5 4
G 95 0 5 5
G 96 0 7 5
G 97 0 7 7
G 98 2 5 5
G 99 0 9 5
G 100 0 9 7
G 101 2 7 5
G 102 2 7 7
G 103 4 5 5
G 104 0 11 5
G 105 0 11 7
G 106 2 9 5
G 107 2 9 7
G 108 4 7 5
G 109 4 7 7
G 110 6 5 5
G 111 2 11 5
G 112 2 11 7
G 113 4 9 5
G 114 4 9 7
G 115 6 7 5
G 116 6 7 7
G 117 8 5 5
G 118 0 7 -6
G 119 0 9 -6
G 120 2 7 -6
G 121 0 11 -6
G 122 2 9 -6
G 123 4 7 -6
G 124 2 11 -6
G 125 4 9 -6
G 126 6 7 -6
G 127 0 5 -5
G 128 0 7 -7
G 129 0 7 -5
G 130 2 5 -5
G 131 0 9 -7
G 132 0 9 -5
G 133 2 7 -7
G 134 2 7 -5
G 135 4 5 -5
G 136 0 11 -7
G 137 0 11 -5
G 138 2 9 -7
G 139 2 9 -5
G 140 4 7 -7
G 141 4 7 -5
G 142 6 5 -5
G 143 2 11 -7
G 144 2 11 -5
G 145 4 9 -7
G 146 4 9 -5
G 147 6 7 -7
G 148 6 7 -5
G 149 8 5 -5
G 150 0 5 -4
G 151 0 7 -4
G 152 2 5 -4
G 153 0 9 -8
G 154 0 9 -4
G 155 2 7 -4
G 156 4 5 -4
G 157 0 11 -8
G 158 0 11 -4
G 159 2 9 -8
G 160 2 9 -4
G 161 4 7 -4
G 162 6 5 -4
G 163 2 11 -8
G 164 2 11 -4
G 165 4 9 -8
G 166 4 9 -4
G 167 6 7 -4
G 168 8 5 -4
G 169 0 3 -3
G 170 0 5 -3
G 171 2 3 -3
G 172 0 7 -3
G 173 2 5 -3
G 174 4 3 -3
G 175 0 9 -9
G 176 0 9 -3
G 177 2 7 -3
G 178 4 5 -3
G 179 6 3 -3
G 180 0 11 -9
G 181 0 11 -3
G 182 2 9 -9
G 183 2 9 -3
G 184 4 7 -3
G 185 6 5 -3
G 186 8 3 -3
G 187 2 11 -9
G 188 2 11 -3
G 189 4 9 -9
G 190 4 9 -3
G 191 6 7 -3
G 192 8 5 -3
G 193 10 3 -3
G 194 0 3 -2
G 195 0 5 -2
G 196 2 3 -2
G 197 0 7 -2
G 198 2 5 -2
G 199 4 3 -2
G 200 0 9 -2
G 201 2 7 -2
G 202 4 5 -2
G 203 6 3 -2
G 204 0 11 -10
G 205 0 11 -2
G 206 2 9 -2
G 207 4 7 -2
G 208 6 5 -2
G 209 8 3 -2
G 210 2 11 -10
G 211 2 11 -2
G 212 4 9 -2
G 213 6 7 -2
G 214 8 5 -2
G 215 10 3 -2
G 216 0 1 -1
G 217 0 3 -1
G 218 2 1 -1
G 219 0 5 -1
G 220 2 3 -1
G 221 4 1 -1
G 222 0 7 -1
G 223 2 5 -1
G 224 4 3 -1
G 225 6 1 -1
G 226 0 9 -1
G 227 2 7 -1
G 228 4 5 -1
G 229 6 3 -1
G 230 8 1 -1
G 231 0 11 -11
G 232 0 11 -1
G 233 2 9 -1
G 234 4 7 -1
G 235 6 5 -1
G 236 8 3 -1
G 237 10 1 -1
G 238 2 11 -11
G 239 2 11 -1
G 240 4 9 -1
G 241 6 7 -1
G 242 8 5 -1
G 243 10 3 -1
G 244 12 1 -1
G 245 0 1 0
G 246 0 3 0
G 247 2 1 0
G 248 0 5 0
G 249 2 3 0
G 250 4 1 0
G 251 0 7 0
G 252 2 5 0
G 253 4 3 0
G 254 6 1 0
G 255 0 9 0
G 256 2 7 0
G 257 4 5 0
G 258 6 3 0
G 259 8 1 0
G 260 0 11 0
G 261 2 9 0
G 262 4 7 0
G 263 6 5 0
G 264 8 3 0
G 265 10 1 0
G 266 2 11 0
G 267 4 9 0
G 268 6 7 0
G 269 8 5 0
G 270 10 3 0
G 271 12 1 0
G 272 0 7 6
G 273 0 9 6
G 274 2 7 6
G 275 0 11 6
G 276 2 9 6
G 277 4 7 6
G 278 2 11 6
G 279 4 9 6
G 280 6 7 6

# TABLE <l> <l'> <rows> [SYMMETRIC]
# ROW <m> <m'> <terms>
# T <prefactor> <num> <den> <radicand> <geometry>

TABLE 6 5 143
ROW -6 -5 29
T 0  -14175 32 33  0
T 1  -16065 32 22  1
T 1  8505 8 33  2
T 2  -285 4 55  3
T 2  8925 16 22  4
T 2  -6075 8 33  5
T 3  -1575 572 231  6
T 3  570 13 55  7
T 3  -8925 44 22  8
T 3  225 1 33  9
T 4  -483 4862 165  10
T 4  4725 4862 231  11
T 4  -114 13 55  12
T 4  8925 286 22  13
T 4  -675 22 33  14
T 5  -75 8398 2  15
T 5  -75 4199 323323  16
T 5  46 2431 165  17
T 5  -4725 46189 231  18
T 5  152 221 55  19
T 5  -595 286 22  20
T 5  270 143 33  21
T 6  3 4199 2  22
T 6  6 4199 323323  23
T 6  -2 2431 165  24
T 6  150 46189 231  25
T 6  -4 221 55  26
T 6  7 143 22  27
T 6  -6 143 33  28
ROW -6 -4 22
T 1  16065 32 22  29
T 2  285 4 154  30
T 2  -8925 16 22  31
T 3  2835 572 385  32
T 3  -570 13 154  33
T 3  8925 44 22  34
T 4  483 221 3  35
T 4  -8505 4862 385  36
T 4  114 13 154  37
T 4  -8925 286 22  38
T 5  75 8398 26  39
T 5  -75 4199 146965  40
T 5  -92 221 3  41
T 5  8505 46189 385  42
T 5  -152 221 154  43
T 5  595 286 22  44
T 6  -3 4199 26  45
T 6  6 4199 146965  46
T 6  4 221 3  47
T 6  -270 46189 385  48
T 6  4 221 154  49
T 6  -7 143 22  50
ROW -6 -3 25
T 1  -5355 32 66  51
T 2  -95 2 462  52
T 2  2975 16 66  53
T 3  -4725 572 385  54
T 3  380 13 462  55
T 3  -2975 44 66  56
T 4  -483 221 14  57
T 4  -483 442 1326  58
T 4  14175 4862 385  59
T 4  -76 13 462  60
T 4  2975 286 66  61
T 5  -75 8398 182  62
T 5  -75 4199 62985  63
T 5  92 221 14  64
T 5  46 221 1326  65
T 5  -14175 46189 385  66
T 5  304 663 462  67
T 5  -595 858 66  68
T 6  3 4199 182  69
T 6  6 4199 62985  70
T 6  -4 221 14  71
T 6  -2 221 1326  72
T 6  450 46189 385  73
T 6  -8 663 462  74
T 6  7 429 66  75
ROW -6 -2 19
T 2  285 4 154  76
T 3  1575 104 210  77
T 3  -570 13 154  78
T 4  483 442 182  79
T 4  -483 221 442  80
T 4  -4725 884 210  81
T 4  114 13 154  82
T 5  75 8398 910  83
T 5  -75 4199 25194  84
T 5  -46 221 182  85
T 5  92 221 442  86
T 5  4725 8398 210  87
T 5  -152 221 154  88
T 6  -3 4199 910  89
T 6  6 4199 25194  90
T 6  2 221 182  91
T 6  -4 221 442  92
T 6  -75 4199 210  93
T 6  4 221 154  94
ROW -6 -1 23
T 2  -285 4 55  95
T 3  -4725 104 30  96
T 3  -315 104 2730  97
T 3  570 13 55  98
T 4  -483 442 455  99
T 4  -966 221 91  100
T 4  14175 884 30  101
T 4  945 884 2730  102
T 4  -114 13 55  103
T 5  -75 4199 910  104
T 5  -75 4199 9282  105
T 5  46 221 455  106
T 5  184 221 91  107
T 5  -14175 8398 30  108
T 5  -945 8398 2730  109
T 5  152 221 55  110
T 6  6 4199 910  111
T 6  6 4199 9282  112
T 6  -2 221 455  113
T 6  -8 221 91  114
T 6  225 4199 30  115
T 6  15 4199 2730  116
T 6  -4 221 55  117
ROW -6 0 9
T 3  4725 52 13  118
T 4  483 221 455  119
T 4  -14175 442 13  120
T 5  150 4199 1547  121
T 5  -92 221 455  122
T 5  14175 4199 13  123
T 6  -12 4199 1547  124
T 6  4 221 455  125
T 6  -450 4199 13  126
ROW -6 1 23
T 2  -285 4 55  127
T 3  315 104 2730  128
T 3  -4725 104 30  129
T 3  570 13 55  130
T 4  966 221 91  131
T 4  -483 442 455  132
T 4  -945 884 2730  133
T 4  14175 884 30  134
T 4  -114 13 55  135
T 5  75 4199 9282  136
T 5  -75 4199 910  137
T 5  -184 221 91  138
T 5  46 221 455  139
T 5  945 8398 2730  140
T 5  -14175 8398 30  141
T 5  152 221 55  142
T 6  -6 4199 9282  143
T 6  6 4199 910  144
T 6  8 221 91  145
T 6  -2 221 455  146
T 6  -15 4199 2730  147
T 6  225 4199 30  148
T 6  -4 221 55  149
ROW -6 2 19
T 2  285 4 154  150
T 3  1575 104 210  151
T 3  -570 13 154  152
T 4  483 221 442  153
T 4  483 442 182  154
T 4  -4725 884 210  155
T 4  114 13 154  156
T 5  75 4199 25194  157
T 5  75 8398 910  158
T 5  -92 221 442  159
T 5  -46 221 182  160
T 5  4725 8398 210  161
T 5  -152 221 154  162
T 6  -6 4199 25194  163
T 6  -3 4199 910  164
T 6  4 221 442  165
T 6  2 221 182  166
T 6  -75 4199 210  167
T 6  4 221 154  168
ROW -6 3 25
T 1  -5355 32 66  169
T 2  -95 2 462  170
T 2  2975 16 66  171
T 3  -4725 572 385  172
T 3  380 13 462  173
T 3  -2975 44 66  174
T 4  483 442 1326  175
T 4  -483 221 14  176
T 4  14175 4862 385  177
T 4  -76 13 462  178
T 4  2975 286 66  179
T 5  75 4199 62985  180
T 5  -75 8398 182  181
T 5  -46 221 1326  182
T 5  92 221 14  183
T 5  -14175 46189 385  184
T 5  304 663 462  185
T 5  -595 858 66  186
T 6  -6 4199 62985  187
T 6  3 4199 182  188
T 6  2 221 1326  189
T 6  -4 221 14  190
T 6  450 46189 385  191
T 6  -8 663 462  192
T 6  7 429 66  193
ROW -6 4 22
T 1  16065 32 22  194
T 2  285 4 154  195
T 2  -8925 16 22  196
T 3  2835 572 385  197
T 3  -570 13 154  198
T 3  8925 44 22  199
T 4  483 221 3  200
T 4  -8505 4862 385  201
T 4  114 13 154  202
T 4  -8925 286 22  203
T 5  75 4199 146965  204
T 5  75 8398 26  205
T 5  -92 221 3  206
T 5  8505 46189 385  207
T 5  -152 221 154  208
T 5  595 286 22  209
T 6  -6 4199 146965  210
T 6  -3 4199 26  211
T 6  4 221 3  212
T 6  -270 46189 385  213
T 6  4 221 154  214
T 6  -7 143 22  215
ROW -6 5 29
T 0  -14175 32 33  216
T 1  -16065 32 22  217
T 1  8505 8 33  218
T 2  -285 4 55  219
T 2  8925 16 22  220
T 2  -6075 8 33  221
T 3  -1575 572 231  222
T 3  570 13 55  223
T 3  -8925 44 22  224
T 3  225 1 33  225
T 4  -483 4862 165  226
T 4  4725 4862 231  227
T 4  -114 13 55  228
T 4  8925 286 22  229
T 4  -675 22 33  230
T 5  75 4199 323323  231
T 5  -75 8398 2  232
T 5  46 2431 165  233
T 5  -4725 46189 231  234
T 5  152 221 55  235
T 5  -595 286 22  236
T 5  270 143 33  237
T 6  -6 4199 323323  238
T 6  3 4199 2  239
T 6  -2 2431 165  240
T 6  150 46189 231  241
T 6  -4 221 55  242
T 6  7 143 22  243
T 6  -6 143 33  244
ROW -5 -5 29
T 0  -14175 32 11  245
T 1  -16065 16 11  246
T 1  8505 8 11  247
T 2  -1425 4 11  248
T 2  8925 8 11  249
T 2  -6075 8 11  250
T 3  -11025 286 11  251
T 3  2850 13 11  252
T 3  -8925 22 11  253
T 3  225 1 11  254
T 4  -7245 4862 11  255
T 4  33075 2431 11  256
T 4  -570 13 11  257
T 4  8925 143 11  258
T 4  -675 22 11  259
T 5  -75 4199 11  260
T 5  -75 4199 176358  40
T 5  690 2431 11  261
T 5  -66150 46189 11  262
T 5  760 221 11  263
T 5  -595 143 11  264
T 5  270 143 11  265
T 6  6 4199 11  266
T 6  6 4199 176358  46
T 6  -30 2431 11  267
T 6  2100 46189 11  268
T 6  -20 221 11  269
T 6  14 143 11  270
T 6  -6 143 11  271
ROW -5 -4 26
T 0  -14175 64 110  0
T 1  8505 16 110  2
T 2  855 8 66  3
T 2  -6075 16 110  5
T 3  315 52 770  6
T 3  -855 13 66  7
T 3  225 2 110  9
T 4  1449 748 22  10
T 4  1449 442 221  58
T 4  -945 442 770  11
T 4  171 13 66  12
T 4  -675 44 110  14
T 5  150 4199 15  15
T 5  -150 4199 41990  63
T 5  -69 187 22  17
T 5  -138 221 221  65
T 5  945 4199 770  18
T 5  -228 221 66  19
T 5  135 143 110  21
T 6  -12 4199 15  22
T 6  12 4199 41990  70
T 6  3 187 22  24
T 6  6 221 221  72
T 6  -30 4199 770  25
T 6  6 221 66  26
T 6  -3 143 110  28
ROW -5 -3 25
T 1  5355 16 33  29
T 2  -95 4 231  30
T 2  -2975 8 33  31
T 3  -630 143 2310  32
T 3  190 13 231  33
T 3  2975 22 33  34
T 4  -5313 442 2  35
T 4  483 442 221  80
T 4  3780 2431 2310  36
T 4  -38 13 231  37
T 4  -2975 143 33  38
T 5  -225 4199 39  39
T 5  -225 4199 12597  84
T 5  506 221 2  41
T 5  -46 221 221  86
T 5  -7560 46189 2310  42
T 5  152 663 231  43
T 5  595 429 33  44
T 6  18 4199 39  45
T 6  18 4199 12597  90
T 6  -22 221 2  47
T 6  2 221 221  92
T 6  240 46189 2310  48
T 6  -4 663 231  49
T 6  -14 429 33  50
ROW -5 -2 29
T 1  -5355 16 33  51
T 2  -95 4 231  52
T 2  2975 8 33  53
T 3  7875 1144 770  54
T 3  2205 104 130  97
T 3  190 13 231  55
T 3  -2975 22 33  56
T 4  4347 442 7  57
T 4  -483 221 39  100
T 4  -23625 9724 770  59
T 4  -6615 884 130  102
T 4  -38 13 231  60
T 4  2975 143 33  61
T 5  300 4199 91  62
T 5  -900 4199 442  105
T 5  -414 221 7  64
T 5  92 221 39  107
T 5  23625 92378 770  66
T 5  6615 8398 130  109
T 5  152 663 231  67
T 5  -595 429 33  68
T 6  -24 4199 91  69
T 6  72 4199 442  112
T 6  18 221 7  71
T 6  -4 221 39  114
T 6  -375 46189 770  73
T 6  -105 4199 130  116
T 6  -4 663 231  74
T 6  14 429 33  75
ROW -5 -1 23
T 2  855 8 66  76
T 3  -1575 52 10  77
T 3  315 13 65  272
T 3  -855 13 66  78
T 4  -3381 884 78  79
T 4  -1449 442 91  273
T 4  4725 442 10  81
T 4  -1890 221 65  274
T 4  171 13 66  82
T 5  -525 8398 390  83
T 5  -150 4199 7735  275
T 5  161 221 78  85
T 5  138 221 91  276
T 5  -4725 4199 10  87
T 5  3780 4199 65  277
T 5  -228 221 66  88
T 6  21 4199 390  89
T 6  12 4199 7735  278
T 6  -7 221 78  91
T 6  -6 221 91  279
T 6  150 4199 10  93
T 6  -120 4199 65  280
T 6  6 221 66  94
ROW -5 0 14
T 2  -1425 4 11  127
T 3  -1575 52 6  129
T 3  2850 13 11  130
T 4  2415 442 91  132
T 4  4725 442 6  134
T 4  -570 13 11  135
T 5  900 4199 182  137
T 5  -230 221 91  139
T 5  -4725 4199 6  141
T 5  760 221 11  142
T 6  -72 4199 182  144
T 6  10 221 91  146
T 6  150 4199 6  148
T 6  -20 221 11  149
ROW -5 1 23
T 2  855 8 66  150
T 3  -315 13 65  118
T 3  -1575 52 10  151
T 3  -855 13 66  152
T 4  1449 442 91  119
T 4  -3381 884 78  154
T 4  1890 221 65  120
T 4  4725 442 10  155
T 4  171 13 66  156
T 5  150 4199 7735  121
T 5  -525 8398 390  158
T 5  -138 221 91  122
T 5  161 221 78  160
T 5  -3780 4199 65  123
T 5  -4725 4199 10  161
T 5  -228 221 66  162
T 6  -12 4199 7735  124
T 6  21 4199 390  164
T 6  6 221 91  125
T 6  -7 221 78  166
T 6  120 4199 65  126
T 6  150 4199 10  167
T 6  6 221 66  168
ROW -5 2 29
T 1  -5355 16 33  169
T 2  -95 4 231  170
T 2  2975 8 33  171
T 3  -2205 104 130  128
T 3  7875 1144 770  172
T 3  190 13 231  173
T 3  -2975 22 33  174
T 4  483 221 39  131
T 4  4347 442 7  176
T 4  6615 884 130  133
T 4  -23625 9724 770  177
T 4  -38 13 231  178
T 4  2975 143 33  179
T 5  900 4199 442  136
T 5  300 4199 91  181
T 5  -92 221 39  138
T 5  -414 221 7  183
T 5  -6615 8398 130  140
T 5  23625 92378 770  184
T 5  152 663 231  185
T 5  -595 429 33  186
T 6  -72 4199 442  143
T 6  -24 4199 91  188
T 6  4 221 39  145
T 6  18 221 7  190
T 6  105 4199 130  147
T 6  -375 46189 770  191
T 6  -4 663 231  192
T 6  14 429 33  193
ROW -5 3 25
T 1  5355 16 33  194
T 2  -95 4 231  195
T 2  -2975 8 33  196
T 3  -630 143 2310  197
T 3  190 13 231  198
T 3  2975 22 33  199
T 4  -483 442 221  153
T 4  -5313 442 2  200
T 4  3780 2431 2310  201
T 4  -38 13 231  202
T 4  -2975 143 33  203
T 5  225 4199 12597  157
T 5  -225 4199 39  205
T 5  46 221 221  159
T 5  506 221 2  206
T 5  -7560 46189 2310  207
T 5  152 663 231  208
T 5  595 429 33  209
T 6  -18 4199 12597  163
T 6  18 4199 39  211
T 6  -2 221 221  165
T 6  -22 221 2  212
T 6  240 46189 2310  213
T 6  -4 663 231  214
T 6  -14 429 33  215
ROW -5 4 26
T 0  -14175 64 110  216
T 1  8505 16 110  218
T 2  855 8 66  219
T 2  -6075 16 110  221
T 3  315 52 770  222
T 3  -855 13 66  223
T 3  225 2 110  225
T 4  -1449 442 221  175
T 4  1449 748 22  226
T 4  -945 442 770  227
T 4  171 13 66  228
T 4  -675 44 110  230
T 5  150 4199 41990  180
T 5  150 4199 15  232
T 5  138 221 221  182
T 5  -69 187 22  233
T 5  945 4199 770  234
T 5  -228 221 66  235
T 5  135 143 110  237
T 6  -12 4199 41990  187
T 6  -12 4199 15  239
T 6  -6 221 221  189
T 6  3 187 22  240
T 6  -30 4199 770  241
T 6  6 221 66  242
T 6  -3 143 110  244
ROW -5 5 2
T 5  75 4199 176358  204
T 6  -6 4199 176358  210
ROW -4 -5 32
T 0  14175 64 2  0
T 1  16065 16 3  1
T 1  -8505 16 2  2
T 2  1425 8 30  3
T 2  -8925 8 3  4
T 2  6075 16 2  5
T 3  11025 286 14  6
T 3  -1425 13 30  7
T 3  8925 22 3  8
T 3  -225 2 2  9
T 4  21735 9724 10  10
T 4  -1449 4862 12155  58
T 4  -33075 2431 14  11
T 4  285 13 30  12
T 4  -8925 143 3  13
T 4  675 44 2  14
T 5  75 4199 33  15
T 5  -75 4199 92378  63
T 5  -1035 2431 10  17
T 5  138 2431 12155  65
T 5  66150 46189 14  18
T 5  -380 221 30  19
T 5  595 143 3  20
T 5  -135 143 2  21
T 6  -6 4199 33  22
T 6  6 4199 92378  70
T 6  45 2431 10  24
T 6  -6 2431 12155  72
T 6  -2100 46189 14  25
T 6  10 221 30  26
T 6  -14 143 3  27
T 6  3 143 2  28
ROW -4 -4 32
T 0  -14175 16 5  245
T 1  -16065 16 5  246
T 1  8505 4 5  247
T 2  285 1 5  248
T 2  8925 8 5  249
T 2  -6075 4 5  250
T 3  37485 286 5  251
T 3  -2280 13 5  252
T 3  -8925 22 5  253
T 3  450 1 5  254
T 4  1449 143 5  255
T 4  1449 2431 2431  80
T 4  -6615 143 5  256
T 4  456 13 5  257
T 4  8925 143 5  258
T 4  -675 11 5  259
T 5  825 4199 5  260
T 5  -75 4199 138567  84
T 5  -276 143 5  261
T 5  -276 2431 2431  86
T 5  13230 2717 5  262
T 5  -608 221 5  263
T 5  -595 143 5  264
T 5  540 143 5  265
T 6  -66 4199 5  266
T 6  6 4199 138567  90
T 6  12 143 5  267
T 6  12 2431 2431  92
T 6  -420 2717 5  268
T 6  16 221 5  269
T 6  14 143 5  270
T 6  -12 143 5  271
ROW -4 -3 36
T 0  -42525 64 10  0
T 1  5355 16 15  1
T 1  25515 16 10  2
T 2  1235 8 6  3
T 2  -2975 8 15  4
T 2  -18225 16 10  5
T 3  -945 44 70  6
T 3  -2205 572 4290  97
T 3  -95 1 6  7
T 3  2975 22 15  8
T 3  675 2 10  9
T 4  -177261 9724 2  10
T 4  14007 4862 143  100
T 4  2835 374 70  11
T 4  6615 4862 4290  102
T 4  19 1 6  12
T 4  -2975 143 15  13
T 4  -2025 44 10  14
T 5  -225 4199 165  15
T 5  -225 4199 14586  105
T 5  8441 2431 2  17
T 5  -1334 2431 143  107
T 5  -2835 3553 70  18
T 5  -6615 46189 4290  109
T 5  -76 51 6  19
T 5  595 429 15  20
T 5  405 143 10  21
T 6  18 4199 165  22
T 6  18 4199 14586  112
T 6  -367 2431 2  24
T 6  58 2431 143  114
T 6  90 3553 70  25
T 6  210 46189 4290  116
T 6  2 51 6  26
T 6  -14 429 15  27
T 6  -9 143 10  28
ROW -4 -2 29
T 1  16065 16 1  29
T 2  -285 1 7  30
T 2  -8925 8 1  31
T 3  9135 1144 70  32
T 3  -315 1144 10010  272
T 3  2280 13 7  33
T 3  8925 22 1  34
T 4  19803 4862 66  35
T 4  4347 4862 286  273
T 4  -27405 9724 70  36
T 4  945 9724 10010  274
T 4  -456 13 7  37
T 4  -8925 143 1  38
T 5  450 4199 143  39
T 5  -150 4199 24310  275
T 5  -1886 2431 66  41
T 5  -414 2431 286  276
T 5  27405 92378 70  42
T 5  -945 92378 10010  277
T 5  608 221 7  43
T 5  595 143 1  44
T 6  -36 4199 143  45
T 6  12 4199 24310  278
T 6  82 2431 66  47
T 6  18 2431 286  279
T 6  -435 46189 70  48
T 6  15 46189 10010  280
T 6  -16 221 7  49
T 6  -14 143 1  50
ROW -4 -1 34
T 1  -5355 16 42  51
T 2  1235 8 6  52
T 2  -1425 8 30  95
T 2  2975 8 42  53
T 3  1575 44 5  54
T 3  11655 572 55  96
T 3  -95 1 6  55
T 3  1425 13 30  98
T 3  -2975 22 42  56
T 4  -71001 9724 22  57
T 4  -483 9724 30030  99
T 4  -4725 374 5  59
T 4  -34965 4862 55  101
T 4  19 1 6  60
T 4  -285 13 30  103
T 4  2975 143 42  61
T 5  -525 4199 286  62
T 5  -150 4199 15015  104
T 5  3381 2431 22  64
T 5  23 2431 30030  106
T 5  4725 3553 5  66
T 5  34965 46189 55  108
T 5  -76 51 6  67
T 5  380 221 30  110
T 5  -595 429 42  68
T 6  42 4199 286  69
T 6  12 4199 15015  111
T 6  -147 2431 22  71
T 6  -1 2431 30030  113
T 6  -150 3553 5  73
T 6  -1110 46189 55  115
T 6  2 51 6  74
T 6  -10 221 30  117
T 6  14 429 42  75
ROW -4 0 14
T 2  285 1 5  150
T 3  -6300 143 33  151
T 3  -2280 13 5  152
T 4  3381 2431 715  154
T 4  37800 2431 33  155
T 4  456 13 5  156
T 5  1575 4199 143  158
T 5  -644 2431 715  160
T 5  -75600 46189 33  161
T 5  -608 221 5  162
T 6  -126 4199 143  164
T 6  28 2431 715  166
T 6  2400 46189 33  167
T 6  16 221 5  168
ROW -4 1 34
T 1  -5355 16 42  169
T 2  1425 8 30  127
T 2  1235 8 6  170
T 2  2975 8 42  171
T 3  -11655 572 55  129
T 3  1575 44 5  172
T 3  -1425 13 30  130
T 3  -95 1 6  173
T 3  -2975 22 42  174
T 4  483 9724 30030  132
T 4  -71001 9724 22  176
T 4  34965 4862 55  134
T 4  -4725 374 5  177
T 4  285 13 30  135
T 4  19 1 6  178
T 4  2975 143 42  179
T 5  150 4199 15015  137
T 5  -525 4199 286  181
T 5  -23 2431 30030  139
T 5  3381 2431 22  183
T 5  -34965 46189 55  141
T 5  4725 3553 5  184
T 5  -380 221 30  142
T 5  -76 51 6  185
T 5  -595 429 42  186
T 6  -12 4199 15015  144
T 6  42 4199 286  188
T 6  1 2431 30030  146
T 6  -147 2431 22  190
T 6  1110 46189 55  148
T 6  -150 3553 5  191
T 6  10 221 30  149
T 6  2 51 6  192
T 6  14 429 42  193
ROW -4 2 29
T 1  16065 16 1  194
T 2  -285 1 7  195
T 2  -8925 8 1  196
T 3  315 1144 10010  118
T 3  9135 1144 70  197
T 3  2280 13 7  198
T 3  8925 22 1  199
T 4  -4347 4862 286  119
T 4  19803 4862 66  200
T 4  -945 9724 10010  120
T 4  -27405 9724 70  201
T 4  -456 13 7  202
T 4  -8925 143 1  203
T 5  150 4199 24310  121
T 5  450 4199 143  205
T 5  414 2431 286  122
T 5  -1886 2431 66  206
T 5  945 92378 10010  123
T 5  27405 92378 70  207
T 5  608 221 7  208
T 5  595 143 1  209
T 6  -12 4199 24310  124
T 6  -36 4199 143  211
T 6  -18 2431 286  125
T 6  82 2431 66  212
T 6  -15 46189 10010  126
T 6  -435 46189 70  213
T 6  -16 221 7  214
T 6  -14 143 1  215
ROW -4 3 36
T 0  -42525 64 10  216
T 1  5355 16 15  217
T 1  25515 16 10  218
T 2  1235 8 6  219
T 2  -2975 8 15  220
T 2  -18225 16 10  221
T 3  2205 572 4290  128
T 3  -945 44 70  222
T 3  -95 1 6  223
T 3  2975 22 15  224
T 3  675 2 10  225
T 4  -14007 4862 143  131
T 4  -177261 9724 2  226
T 4  -6615 4862 4290  133
T 4  2835 374 70  227
T 4  19 1 6  228
T 4  -2975 143 15  229
T 4  -2025 44 10  230
T 5  225 4199 14586  136
T 5  -225 4199 165  232
T 5  1334 2431 143  138
T 5  8441 2431 2  233
T 5  6615 46189 4290  140
T 5  -2835 3553 70  234
T 5  -76 51 6  235
T 5  595 429 15  236
T 5  405 143 10  237
T 6  -18 4199 14586  143
T 6  18 4199 165  239
T 6  -58 2431 143  145
T 6  -367 2431 2  240
T 6  -210 46189 4290  147
T 6  90 3553 70  241
T 6  2 51 6  242
T 6  -14 429 15  243
T 6  -9 143 10  244
ROW -4 4 5
T 4  -1449 2431 2431  153
T 5  75 4199 138567  157
T 5  276 2431 2431  159
T 6  -6 4199 138567  163
T 6  -12 2431 2431  165
ROW -4 5 32
T 0  -14175 64 2  216
T 1  -16065 16 3  217
T 1  8505 16 2  218
T 2  -1425 8 30  219
T 2  8925 8 3  220
T 2  -6075 16 2  221
T 3  -11025 286 14  222
T 3  1425 13 30  223
T 3  -8925 22 3  224
T 3  225 2 2  225
T 4  1449 4862 12155  175
T 4  -21735 9724 10  226
T 4  33075 2431 14  227
T 4  -285 13 30  228
T 4  8925 143 3  229
T 4  -675 44 2  230
T 5  75 4199 92378  180
T 5  -75 4199 33  232
T 5  -138 2431 12155  182
T 5  1035 2431 10  233
T 5  -66150 46189 14  234
T 5  380 221 30  235
T 5  -595 143 3  236
T 5  135 143 2  237
T 6  -6 4199 92378  187
T 6  6 4199 33  239
T 6  6 2431 12155  189
T 6  -45 2431 10  240
T 6  2100 46189 14  241
T 6  -10 221 30  242
T 6  14 143 3  243
T 6  -3 143 2  244
ROW -3 -5 25
T 1  -16065 16 1  29
T 2  -1425 4 7  30
T 2  8925 8 1  31
T 3  -6615 286 70  32
T 3  2850 13 7  33
T 3  -8925 22 1  34
T 4  -7245 4862 66  35
T 4  -2415 4862 7293  80
T 4  19845 2431 70  36
T 4  -570 13 7  37
T 4  8925 143 1  38
T 5  -75 4199 143  39
T 5  -75 4199 46189  84
T 5  690 2431 66  41
T 5  230 2431 7293  86
T 5  -39690 46189 70  42
T 5  760 221 7  43
T 5  -595 143 1  44
T 6  6 4199 143  45
T 6  6 4199 46189  90
T 6  -30 2431 66  47
T 6  -10 2431 7293  92
T 6  1260 46189 70  48
T 6  -20 221 7  49
T 6  14 143 1  50
ROW -3 -4 36
T 0  14175 64 6  0
T 1  16065 8 1  1
T 1  -8505 16 6  2
T 2  285 8 10  3
T 2  -8925 4 1  4
T 2  6075 16 6  5
T 3  -4410 143 42  6
T 3  6615 572 286  97
T 3  -285 13 10  7
T 3  8925 11 1  8
T 3  -225 2 6  9
T 4  -42021 9724 30  10
T 4  483 4862 2145  100
T 4  26460 2431 42  11
T 4  -19845 4862 286  102
T 4  57 13 10  12
T 4  -17850 143 1  13
T 4  675 44 6  14
T 5  -750 4199 11  15
T 5  -150 4199 24310  105
T 5  2001 2431 30  17
T 5  -46 2431 2145  107
T 5  -52920 46189 42  18
T 5  19845 46189 286  109
T 5  -76 221 10  19
T 5  1190 143 1  20
T 5  -135 143 6  21
T 6  60 4199 11  22
T 6  12 4199 24310  112
T 6  -87 2431 30  24
T 6  2 2431 2145  114
T 6  1680 46189 42  25
T 6  -630 46189 286  116
T 6  2 221 10  26
T 6  -28 143 1  27
T 6  3 143 6  28
ROW -3 -3 36
T 0  -42525 32 3  245
T 1  -5355 16 3  246
T 1  25515 8 3  247
T 2  2375 4 3  248
T 2  2975 8 3  249
T 2  -18225 8 3  250
T 3  -19845 286 3  251
T 3  -945 286 2002  272
T 3  -4750 13 3  252
T 3  -2975 22 3  253
T 3  675 1 3  254
T 4  -127995 4862 3  255
T 4  1932 2431 1430  273
T 4  59535 2431 3  256
T 4  2835 2431 2002  274
T 4  950 13 3  257
T 4  2975 143 3  258
T 4  -2025 22 3  259
T 5  -4125 4199 3  260
T 5  -375 4199 4862  275
T 5  12190 2431 3  261
T 5  -368 2431 1430  276
T 5  -119070 46189 3  262
T 5  -5670 46189 2002  277
T 5  -3800 663 3  263
T 5  -595 429 3  264
T 5  810 143 3  265
T 6  330 4199 3  266
T 6  30 4199 4862  278
T 6  -530 2431 3  267
T 6  16 2431 1430  279
T 6  3780 46189 3  268
T 6  180 46189 2002  280
T 6  100 663 3  269
T 6  14 429 3  270
T 6  -18 143 3  271
ROW -3 -2 41
T 0  -42525 32 2  0
T 1  16065 16 3  1
T 1  25515 8 2  2
T 2  -285 4 30  3
T 2  1425 4 7  95
T 2  -8925 8 3  4
T 2  -18225 8 2  5
T 3  -21735 1144 14  6
T 3  -9135 1144 462  96
T 3  570 13 30  7
T 3  -2850 13 7  98
T 3  8925 22 3  8
T 3  675 1 2  9
T 4  51681 4862 10  10
T 4  12075 4862 143  99
T 4  65205 9724 14  11
T 4  27405 9724 462  101
T 4  -114 13 30  12
T 4  570 13 7  103
T 4  -8925 143 3  13
T 4  -2025 22 2  14
T 5  1500 4199 33  15
T 5  -1500 4199 286  104
T 5  -4922 2431 10  17
T 5  -1150 2431 143  106
T 5  -65205 92378 14  18
T 5  -27405 92378 462  108
T 5  152 221 30  19
T 5  -760 221 7  110
T 5  595 143 3  20
T 5  810 143 2  21
T 6  -120 4199 33  22
T 6  120 4199 286  111
T 6  214 2431 10  24
T 6  50 2431 143  113
T 6  1035 46189 14  25
T 6  435 46189 462  115
T 6  -4 221 30  26
T 6  20 221 7  117
T 6  -14 143 3  27
T 6  -18 143 2  28
ROW -3 -1 28
T 2  -285 4 30  30
T 2  -285 8 10  76
T 3  1260 13 3  32
T 3  -945 572 66  77
T 3  570 13 30  33
T 3  285 13 10  78
T 4  -483 374 385  35
T 4  3381 9724 1430  79
T 4  -7560 221 3  36
T 4  2835 4862 66  81
T 4  -114 13 30  37
T 4  -57 13 10  82
T 5  -75 4199 30030  39
T 5  -2625 8398 286  83
T 5  46 187 385  41
T 5  -161 2431 1430  85
T 5  15120 4199 3  42
T 5  -2835 46189 66  87
T 5  152 221 30  43
T 5  76 221 10  88
T 6  6 4199 30030  45
T 6  105 4199 286  89
T 6  -2 187 385  47
T 6  7 2431 1430  91
T 6  -480 4199 3  48
T 6  90 46189 66  93
T 6  -4 221 30  49
T 6  -2 221 10  94
ROW -3 0 20
T 1  -5355 8 21  169
T 2  2375 4 3  170
T 2  2975 4 21  171
T 3  -34965 572 10  172
T 3  -4750 13 3  173
T 3  -2975 11 21  174
T 4  16905 4862 11  176
T 4  104895 4862 10  177
T 4  950 13 3  178
T 4  5950 143 21  179
T 5  2100 4199 143  181
T 5  -1610 2431 11  183
T 5  -104895 46189 10  184
T 5  -3800 663 3  185
T 5  -1190 429 21  186
T 6  -168 4199 143  188
T 6  70 2431 11  190
T 6  3330 46189 10  191
T 6  100 663 3  192
T 6  28 429 21  193
ROW -3 1 28
T 2  285 8 10  150
T 2  -285 4 30  195
T 3  945 572 66  151
T 3  1260 13 3  197
T 3  -285 13 10  152
T 3  570 13 30  198
T 4  -3381 9724 1430  154
T 4  -483 374 385  200
T 4  -2835 4862 66  155
T 4  -7560 221 3  201
T 4  57 13 10  156
T 4  -114 13 30  202
T 5  2625 8398 286  158
T 5  -75 4199 30030  205
T 5  161 2431 1430  160
T 5  46 187 385  206
T 5  2835 46189 66  161
T 5  15120 4199 3  207
T 5  -76 221 10  162
T 5  152 221 30  208
T 6  -105 4199 286  164
T 6  6 4199 30030  211
T 6  -7 2431 1430  166
T 6  -2 187 385  212
T 6  -90 46189 66  167
T 6  -480 4199 3  213
T 6  2 221 10  168
T 6  -4 221 30  214
ROW -3 2 41
T 0  -42525 32 2  216
T 1  16065 16 3  217
T 1  25515 8 2  218
T 2  -1425 4 7  127
T 2  -285 4 30  219
T 2  -8925 8 3  220
T 2  -18225 8 2  221
T 3  9135 1144 462  129
T 3  -21735 1144 14  222
T 3  2850 13 7  130
T 3  570 13 30  223
T 3  8925 22 3  224
T 3  675 1 2  225
T 4  -12075 4862 143  132
T 4  51681 4862 10  226
T 4  -27405 9724 462  134
T 4  65205 9724 14  227
T 4  -570 13 7  135
T 4  -114 13 30  228
T 4  -8925 143 3  229
T 4  -2025 22 2  230
T 5  1500 4199 286  137
T 5  1500 4199 33  232
T 5  1150 2431 143  139
T 5  -4922 2431 10  233
T 5  27405 92378 462  141
T 5  -65205 92378 14  234
T 5  760 221 7  142
T 5  152 221 30  235
T 5  595 143 3  236
T 5  810 143 2  237
T 6  -120 4199 286  144
T 6  -120 4199 33  239
T 6  -50 2431 143  146
T 6  214 2431 10  240
T 6  -435 46189 462  148
T 6  1035 46189 14  241
T 6  -20 221 7  149
T 6  -4 221 30  242
T 6  -14 143 3  243
T 6  -18 143 2  244
ROW -3 3 9
T 3  945 286 2002  118
T 4  -1932 2431 1430  119
T 4  -2835 2431 2002  120
T 5  375 4199 4862  121
T 5  368 2431 1430  122
T 5  5670 46189 2002  123
T 6  -30 4199 4862  124
T 6  -16 2431 1430  125
T 6  -180 46189 2002  126
ROW -3 4 36
T 0  -14175 64 6  216
T 1  -16065 8 1  217
T 1  8505 16 6  218
T 2  -285 8 10  219
T 2  8925 4 1  220
T 2  -6075 16 6  221
T 3  -6615 572 286  128
T 3  4410 143 42  222
T 3  285 13 10  223
T 3  -8925 11 1  224
T 3  225 2 6  225
T 4  -483 4862 2145  131
T 4  42021 9724 30  226
T 4  19845 4862 286  133
T 4  -26460 2431 42  227
T 4  -57 13 10  228
T 4  17850 143 1  229
T 4  -675 44 6  230
T 5  150 4199 24310  136
T 5  750 4199 11  232
T 5  46 2431 2145  138
T 5  -2001 2431 30  233
T 5  -19845 46189 286  140
T 5  52920 46189 42  234
T 5  76 221 10  235
T 5  -1190 143 1  236
T 5  135 143 6  237
T 6  -12 4199 24310  143
T 6  -60 4199 11  239
T 6  -2 2431 2145  145
T 6  87 2431 30  240
T 6  630 46189 286  147
T 6  -1680 46189 42  241
T 6  -2 221 10  242
T 6  28 143 1  243
T 6  -3 143 6  244
ROW -3 5 25
T 1  16065 16 1  194
T 2  1425 4 7  195
T 2  -8925 8 1  196
T 3  6615 286 70  197
T 3  -2850 13 7  198
T 3  8925 22 1  199
T 4  2415 4862 7293  153
T 4  7245 4862 66  200
T 4  -19845 2431 70  201
T 4  570 13 7  202
T 4  -8925 143 1  203
T 5  75 4199 46189  157
T 5  75 4199 143  205
T 5  -230 2431 7293  159
T 5  -690 2431 66  206
T 5  39690 46189 70  207
T 5  -760 221 7  208
T 5  595 143 1  209
T 6  -6 4199 46189  163
T 6  -6 4199 143  211
T 6  10 2431 7293  165
T 6  30 2431 66  212
T 6  -1260 46189 70  213
T 6  20 221 7  214
T 6  -14 143 1  215
ROW -2 -5 29
T 1  5355 32 6  51
T 2  475 4 42  52
T 2  -2975 16 6  53
T 3  11025 286 35  54
T 3  -2205 572 715  97
T 3  -950 13 42  55
T 3  2975 44 6  56
T 4  7245 4862 154  57
T 4  -7245 4862 858  100
T 4  -33075 2431 35  59
T 4  6615 4862 715  102
T 4  190 13 42  60
T 4  -2975 286 6  61
T 5  75 8398 2002  62
T 5  -225 4199 2431  105
T 5  -690 2431 154  64
T 5  690 2431 858  107
T 5  66150 46189 35  66
T 5  -6615 46189 715  109
T 5  -760 663 42  67
T 5  595 858 6  68
T 6  -3 4199 2002  69
T 6  18 4199 2431  112
T 6  30 2431 154  71
T 6  -30 2431 858  114
T 6  -2100 46189 35  73
T 6  210 46189 715  116
T 6  20 663 42  74
T 6  -7 429 6  75
ROW -2 -4 29
T 1  -16065 32 10  29
T 2  -285 4 70  30
T 2  8925 16 10  31
T 3  15435 286 7  32
T 3  315 44 1001  272
T 3  570 13 70  33
T 3  -8925 44 10  34
T 4  5796 2431 165  35
T 4  -1449 2431 715  273
T 4  -46305 2431 7  36
T 4  -945 374 1001  274
T 4  -114 13 70  37
T 4  8925 286 10  38
T 5  225 8398 1430  39
T 5  -375 4199 2431  275
T 5  -1104 2431 165  41
T 5  276 2431 715  276
T 5  92610 46189 7  42
T 5  945 3553 1001  277
T 5  152 221 70  43
T 5  -595 286 10  44
T 6  -9 4199 1430  45
T 6  30 4199 2431  278
T 6  48 2431 165  47
T 6  -12 2431 715  279
T 6  -2940 46189 7  48
T 6  -30 3553 1001  280
T 6  -4 221 70  49
T 6  7 143 10  50
ROW -2 -3 41
T 0  14175 32 3  0
T 1  37485 32 2  1
T 1  -8505 8 3  2
T 2  -1045 4 5  3
T 2  -475 4 42  95
T 2  -20825 16 2  4
T 2  6075 8 3  5
T 3  -2205 286 21  6
T 3  945 572 77  96
T 3  2090 13 5  7
T 3  950 13 42  98
T 3  20825 44 2  8
T 3  -225 1 3  9
T 4  42987 4862 15  10
T 4  2415 4862 858  99
T 4  6615 2431 21  11
T 4  -2835 4862 77  101
T 4  -418 13 5  12
T 4  -190 13 42  103
T 4  -20825 286 2  13
T 4  675 22 3  14
T 5  3375 8398 22  15
T 5  -1125 4199 429  104
T 5  -4094 2431 15  17
T 5  -230 2431 858  106
T 5  -13230 46189 21  18
T 5  2835 46189 77  108
T 5  1672 663 5  19
T 5  760 663 42  110
T 5  4165 858 2  20
T 5  -270 143 3  21
T 6  -135 4199 22  22
T 6  90 4199 429  111
T 6  178 2431 15  24
T 6  10 2431 858  113
T 6  420 46189 21  25
T 6  -90 46189 77  115
T 6  -44 663 5  26
T 6  -20 663 42  117
T 6  -49 429 2  27
T 6  6 143 3  28
ROW -2 -2 41
T 0  -14175 8 2  245
T 1  5355 8 2  246
T 1  8505 2 2  247
T 2  475 2 2  248
T 2  285 4 70  76
T 2  -2975 4 2  249
T 2  -6075 2 2  250
T 3  -90405 572 2  251
T 3  -8505 1144 462  77
T 3  -1900 13 2  252
T 3  -570 13 70  78
T 3  2975 11 2  253
T 3  900 1 2  254
T 4  65205 2431 2  255
T 4  1449 4862 10010  79
T 4  271215 4862 2  256
T 4  25515 9724 462  81
T 4  380 13 2  257
T 4  114 13 70  82
T 4  -5950 143 2  258
T 4  -1350 11 2  259
T 5  12375 4199 2  260
T 5  -1125 8398 2002  83
T 5  -12420 2431 2  261
T 5  -138 2431 10010  85
T 5  -271215 46189 2  262
T 5  -25515 92378 462  87
T 5  -1520 663 2  263
T 5  -152 221 70  88
T 5  1190 429 2  264
T 5  1080 143 2  265
T 6  -990 4199 2  266
T 6  45 4199 2002  89
T 6  540 2431 2  267
T 6  6 2431 10010  91
T 6  8610 46189 2  268
T 6  405 46189 462  93
T 6  40 663 2  269
T 6  4 221 70  94
T 6  -28 429 2  270
T 6  -24 143 2  271
ROW -2 -1 47
T 0  -14175 32 14  0
T 1  5355 16 21  1
T 1  -5355 16 35  51
T 1  8505 8 14  2
T 2  -95 2 210  3
T 2  1045 4 5  52
T 2  -2975 8 21  4
T 2  2975 8 35  53
T 2  -6075 8 14  5
T 3  115605 1144 2  6
T 3  -65205 1144 6  54
T 3  380 13 210  7
T 3  -2090 13 5  55
T 3  2975 22 21  8
T 3  -2975 22 35  56
T 3  225 1 14  9
T 4  -2898 2431 70  10
T 4  10143 4862 165  57
T 4  -346815 9724 2  11
T 4  195615 9724 6  59
T 4  -76 13 210  12
T 4  418 13 5  60
T 4  -2975 143 21  13
T 4  2975 143 35  61
T 4  -675 22 14  14
T 5  -1125 4199 231  15
T 5  -525 4199 2145  62
T 5  552 2431 70  17
T 5  -966 2431 165  64
T 5  346815 92378 2  18
T 5  -195615 92378 6  66
T 5  304 663 210  19
T 5  -1672 663 5  67
T 5  595 429 21  20
T 5  -595 429 35  68
T 5  270 143 14  21
T 6  90 4199 231  22
T 6  42 4199 2145  69
T 6  -24 2431 70  24
T 6  42 2431 165  71
T 6  -5505 46189 2  25
T 6  3105 46189 6  73
T 6  -8 663 210  26
T 6  44 663 5  74
T 6  -14 429 21  27
T 6  14 429 35  75
T 6  -6 143 14  28
ROW -2 0 20
T 1  -5355 16 14  194
T 2  475 2 2  195
T 2  2975 8 14  196
T 3  -2835 572 5  197
T 3  -1900 13 2  198
T 3  -2975 22 14  199
T 4  -2415 2431 231  200
T 4  8505 4862 5  201
T 4  380 13 2  202
T 4  2975 143 14  203
T 5  675 4199 2002  205
T 5  460 2431 231  206
T 5  -8505 46189 5  207
T 5  -1520 663 2  208
T 5  -595 429 14  209
T 6  -54 4199 2002  211
T 6  -20 2431 231  212
T 6  270 46189 5  213
T 6  40 663 2  214
T 6  14 429 14  215
ROW -2 1 47
T 0  -14175 32 14  216
T 1  5355 16 35  169
T 1  5355 16 21  217
T 1  8505 8 14  218
T 2  -1045 4 5  170
T 2  -95 2 210  219
T 2  -2975 8 35  171
T 2  -2975 8 21  220
T 2  -6075 8 14  221
T 3  65205 1144 6  172
T 3  115605 1144 2  222
T 3  2090 13 5  173
T 3  380 13 210  223
T 3  2975 22 35  174
T 3  2975 22 21  224
T 3  225 1 14  225
T 4  -10143 4862 165  176
T 4  -2898 2431 70  226
T 4  -195615 9724 6  177
T 4  -346815 9724 2  227
T 4  -418 13 5  178
T 4  -76 13 210  228
T 4  -2975 143 35  179
T 4  -2975 143 21  229
T 4  -675 22 14  230
T 5  525 4199 2145  181
T 5  -1125 4199 231  232
T 5  966 2431 165  183
T 5  552 2431 70  233
T 5  195615 92378 6  184
T 5  346815 92378 2  234
T 5  1672 663 5  185
T 5  304 663 210  235
T 5  595 429 35  186
T 5  595 429 21  236
T 5  270 143 14  237
T 6  -42 4199 2145  188
T 6  90 4199 231  239
T 6  -42 2431 165  190
T 6  -24 2431 70  240
T 6  -3105 46189 6  191
T 6  -5505 46189 2  241
T 6  -44 663 5  192
T 6  -8 663 210  242
T 6  -14 429 35  193
T 6  -14 429 21  243
T 6  -6 143 14  244
ROW -2 2 14
T 2  -285 4 70  150
T 3  8505 1144 462  151
T 3  570 13 70  152
T 4  -1449 4862 10010  154
T 4  -25515 9724 462  155
T 4  -114 13 70  156
T 5  1125 8398 2002  158
T 5  138 2431 10010  160
T 5  25515 92378 462  161
T 5  152 221 70  162
T 6  -45 4199 2002  164
T 6  -6 2431 10010  166
T 6  -405 46189 462  167
T 6  -4 221 70  168
ROW -2 3 41
T 0  -14175 32 3  216
T 1  -37485 32 2  217
T 1  8505 8 3  218
T 2  475 4 42  127
T 2  1045 4 5  219
T 2  20825 16 2  220
T 2  -6075 8 3  221
T 3  -945 572 77  129
T 3  2205 286 21  222
T 3  -950 13 42  130
T 3  -2090 13 5  223
T 3  -20825 44 2  224
T 3  225 1 3  225
T 4  -2415 4862 858  132
T 4  -42987 4862 15  226
T 4  2835 4862 77  134
T 4  -6615 2431 21  227
T 4  190 13 42  135
T 4  418 13 5  228
T 4  20825 286 2  229
T 4  -675 22 3  230
T 5  1125 4199 429  137
T 5  -3375 8398 22  232
T 5  230 2431 858  139
T 5  4094 2431 15  233
T 5  -2835 46189 77  141
T 5  13230 46189 21  234
T 5  -760 663 42  142
T 5  -1672 663 5  235
T 5  -4165 858 2  236
T 5  270 143 3  237
T 6  -90 4199 429  144
T 6  135 4199 22  239
T 6  -10 2431 858  146
T 6  -178 2431 15  240
T 6  90 46189 77  148
T 6  -420 46189 21  241
T 6  20 663 42  149
T 6  44 663 5  242
T 6  49 429 2  243
T 6  -6 143 3  244
ROW -2 4 29
T 1  16065 32 10  194
T 2  285 4 70  195
T 2  -8925 16 10  196
T 3  -315 44 1001  118
T 3  -15435 286 7  197
T 3  -570 13 70  198
T 3  8925 44 10  199
T 4  1449 2431 715  119
T 4  -5796 2431 165  200
T 4  945 374 1001  120
T 4  46305 2431 7  201
T 4  114 13 70  202
T 4  -8925 286 10  203
T 5  375 4199 2431  121
T 5  -225 8398 1430  205
T 5  -276 2431 715  122
T 5  1104 2431 165  206
T 5  -945 3553 1001  123
T 5  -92610 46189 7  207
T 5  -152 221 70  208
T 5  595 286 10  209
T 6  -30 4199 2431  124
T 6  9 4199 1430  211
T 6  12 2431 715  125
T 6  -48 2431 165  212
T 6  30 3553 1001  126
T 6  2940 46189 7  213
T 6  4 221 70  214
T 6  -7 143 10  215
ROW -2 5 29
T 1  -5355 32 6  169
T 2  -475 4 42  170
T 2  2975 16 6  171
T 3  2205 572 715  128
T 3  -11025 286 35  172
T 3  950 13 42  173
T 3  -2975 44 6  174
T 4  7245 4862 858  131
T 4  -7245 4862 154  176
T 4  -6615 4862 715  133
T 4  33075 2431 35  177
T 4  -190 13 42  178
T 4  2975 286 6  179
T 5  225 4199 2431  136
T 5  -75 8398 2002  181
T 5  -690 2431 858  138
T 5  690 2431 154  183
T 5  6615 46189 715  140
T 5  -66150 46189 35  184
T 5  760 663 42  185
T 5  -595 858 6  186
T 6  -18 4199 2431  143
T 6  3 4199 2002  188
T 6  30 2431 858  145
T 6  -30 2431 154  190
T 6  -210 46189 715  147
T 6  2100 46189 35  191
T 6  -20 663 42  192
T 6  7 429 6  193
ROW -1 -5 23
T 2  -285 8 210  76
T 3  -11025 572 154  77
T 3  -1575 286 1001  272
T 3  285 13 210  78
T 4  -1449 9724 30030  79
T 4  -7245 4862 715  273
T 4  33075 4862 154  81
T 4  4725 2431 1001  274
T 4  -57 13 210  82
T 5  -75 8398 6006  83
T 5  -150 4199 2431  275
T 5  69 2431 30030  85
T 5  690 2431 715  276
T 5  -33075 46189 154  87
T 5  -9450 46189 1001  277
T 5  76 221 210  88
T 6  3 4199 6006  89
T 6  12 4199 2431  278
T 6  -3 2431 30030  91
T 6  -30 2431 715  279
T 6  1050 46189 154  93
T 6  300 46189 1001  280
T 6  -2 221 210  94
ROW -1 -4 34
T 1  5355 16 6  51
T 2  1045 8 42  52
T 2  285 8 210  95
T 2  -2975 8 6  53
T 3  -2205 286 35  54
T 3  1260 143 385  96
T 3  -1045 13 42  55
T 3  -285 13 210  98
T 3  2975 22 6  56
T 4  -27531 9724 154  57
T 4  -4347 9724 4290  99
T 4  6615 2431 35  59
T 4  -7560 2431 385  101
T 4  209 13 42  60
T 4  57 13 210  103
T 4  -2975 143 6  61
T 5  -150 4199 2002  62
T 5  -300 4199 2145  104
T 5  1311 2431 154  64
T 5  207 2431 4290  106
T 5  -13230 46189 35  66
T 5  15120 46189 385  108
T 5  -836 663 42  67
T 5  -76 221 210  110
T 5  595 429 6  68
T 6  12 4199 2002  69
T 6  24 4199 2145  111
T 6  -57 2431 154  71
T 6  -9 2431 4290  113
T 6  420 46189 35  73
T 6  -480 46189 385  115
T 6  22 663 42  74
T 6  2 221 210  117
T 6  -14 429 6  75
ROW -1 -3 34
T 1  -5355 4 2  29
T 2  95 4 14  30
T 2  -1045 8 42  76
T 2  2975 2 2  31
T 3  6615 286 35  32
T 3  2835 572 770  77
T 3  -190 13 14  33
T 3  1045 13 42  78
T 3  -5950 11 2  34
T 4  -25599 4862 33  35
T 4  -483 9724 6006  79
T 4  -19845 2431 35  36
T 4  -8505 4862 770  81
T 4  38 13 14  37
T 4  -209 13 42  82
T 4  11900 143 2  38
T 5  -675 4199 286  39
T 5  -225 8398 30030  83
T 5  2438 2431 33  41
T 5  23 2431 6006  85
T 5  39690 46189 35  42
T 5  8505 46189 770  87
T 5  -152 663 14  43
T 5  836 663 42  88
T 5  -2380 429 2  44
T 6  54 4199 286  45
T 6  9 4199 30030  89
T 6  -106 2431 33  47
T 6  -1 2431 6006  91
T 6  -1260 46189 35  48
T 6  -270 46189 770  93
T 6  4 663 14  49
T 6  -22 663 42  94
T 6  56 429 2  50
ROW -1 -2 47
T 0  14175 32 5  0
T 1  5355 32 30  1
T 1  37485 32 2  51
T 1  -8505 8 5  2
T 2  -380 1 3  3
T 2  -95 4 14  52
T 2  -2975 16 30  4
T 2  -20825 16 2  53
T 2  6075 8 5  5
T 3  15435 572 35  6
T 3  -2835 572 105  54
T 3  3040 13 3  7
T 3  190 13 14  55
T 3  2975 44 30  8
T 3  20825 44 2  56
T 3  -225 1 5  9
T 4  -33327 2431 1  10
T 4  4347 4862 462  57
T 4  -46305 4862 35  11
T 4  8505 4862 105  59
T 4  -608 13 3  12
T 4  -38 13 14  60
T 4  -2975 286 30  13
T 4  -20825 286 2  61
T 4  675 22 5  14
T 5  -900 4199 330  15
T 5  -300 4199 6006  62
T 5  6348 2431 1  17
T 5  -414 2431 462  64
T 5  46305 46189 35  18
T 5  -8505 46189 105  66
T 5  2432 663 3  19
T 5  152 663 14  67
T 5  595 858 30  20
T 5  4165 858 2  68
T 5  -270 143 5  21
T 6  72 4199 330  22
T 6  24 4199 6006  69
T 6  -276 2431 1  24
T 6  18 2431 462  71
T 6  -1470 46189 35  25
T 6  270 46189 105  73
T 6  -64 663 3  26
T 6  -4 663 14  74
T 6  -7 429 30  27
T 6  -49 429 2  75
T 6  6 143 5  28
ROW -1 -1 47
T 0  -14175 32 35  245
T 1  5355 16 35  246
T 1  -5355 16 21  29
T 1  8505 8 35  247
T 2  -95 1 35  248
T 2  380 1 3  30
T 2  -2975 8 35  249
T 2  2975 8 21  31
T 2  -6075 8 35  250
T 3  1260 143 35  251
T 3  -8505 286 30  32
T 3  760 13 35  252
T 3  -3040 13 3  33
T 3  2975 22 35  253
T 3  -2975 22 21  34
T 3  225 1 35  254
T 4  4347 2431 35  255
T 4  5796 2431 154  35
T 4  -7560 2431 35  256
T 4  25515 2431 30  36
T 4  -152 13 35  257
T 4  608 13 3  37
T 4  -2975 143 35  258
T 4  2975 143 21  38
T 4  -675 22 35  259
T 5  -4950 4199 35  260
T 5  -450 4199 3003  39
T 5  -828 2431 35  261
T 5  -1104 2431 154  41
T 5  15120 46189 35  262
T 5  -51030 46189 30  42
T 5  608 663 35  263
T 5  -2432 663 3  43
T 5  595 429 35  264
T 5  -595 429 21  44
T 5  270 143 35  265
T 6  396 4199 35  266
T 6  36 4199 3003  45
T 6  36 2431 35  267
T 6  48 2431 154  47
T 6  -480 46189 35  268
T 6  1620 46189 30  48
T 6  -16 663 35  269
T 6  64 663 3  49
T 6  -14 429 35  270
T 6  14 429 21  50
T 6  -6 143 35  271
ROW -1 0 27
T 0  -14175 32 21  216
T 1  5355 16 14  217
T 1  8505 8 21  218
T 2  -95 1 35  219
T 2  -2975 8 14  220
T 2  -6075 8 21  221
T 3  26775 286 3  222
T 3  760 13 35  223
T 3  2975 22 14  224
T 3  225 1 21  225
T 4  -483 143 105  226
T 4  -4725 143 3  227
T 4  -152 13 35  228
T 4  -2975 143 14  229
T 4  -675 22 21  230
T 5  2700 4199 154  232
T 5  92 143 105  233
T 5  9450 2717 3  234
T 5  608 663 35  235
T 5  595 429 14  236
T 5  270 143 21  237
T 6  -216 4199 154  239
T 6  -4 143 105  240
T 6  -300 2717 3  241
T 6  -16 663 35  242
T 6  -14 429 14  243
T 6  -6 143 21  244
ROW -1 1 20
T 1  5355 16 21  194
T 2  -380 1 3  195
T 2  -2975 8 21  196
T 3  8505 286 30  197
T 3  3040 13 3  198
T 3  2975 22 21  199
T 4  -5796 2431 154  200
T 4  -25515 2431 30  201
T 4  -608 13 3  202
T 4  -2975 143 21  203
T 5  450 4199 3003  205
T 5  1104 2431 154  206
T 5  51030 46189 30  207
T 5  2432 663 3  208
T 5  595 429 21  209
T 6  -36 4199 3003  211
T 6  -48 2431 154  212
T 6  -1620 46189 30  213
T 6  -64 663 3  214
T 6  -14 429 21  215
ROW -1 2 47
T 0  -14175 32 5  216
T 1  -37485 32 2  169
T 1  -5355 32 30  217
T 1  8505 8 5  218
T 2  95 4 14  170
T 2  380 1 3  219
T 2  20825 16 2  171
T 2  2975 16 30  220
T 2  -6075 8 5  221
T 3  2835 572 105  172
T 3  -15435 572 35  222
T 3  -190 13 14  173
T 3  -3040 13 3  223
T 3  -20825 44 2  174
T 3  -2975 44 30  224
T 3  225 1 5  225
T 4  -4347 4862 462  176
T 4  33327 2431 1  226
T 4  -8505 4862 105  177
T 4  46305 4862 35  227
T 4  38 13 14  178
T 4  608 13 3  228
T 4  20825 286 2  179
T 4  2975 286 30  229
T 4  -675 22 5  230
T 5  300 4199 6006  181
T 5  900 4199 330  232
T 5  414 2431 462  183
T 5  -6348 2431 1  233
T 5  8505 46189 105  184
T 5  -46305 46189 35  234
T 5  -152 663 14  185
T 5  -2432 663 3  235
T 5  -4165 858 2  186
T 5  -595 858 30  236
T 5  270 143 5  237
T 6  -24 4199 6006  188
T 6  -72 4199 330  239
T 6  -18 2431 462  190
T 6  276 2431 1  240
T 6  -270 46189 105  191
T 6  1470 46189 35  241
T 6  4 663 14  192
T 6  64 663 3  242
T 6  49 429 2  193
T 6  7 429 30  243
T 6  -6 143 5  244
ROW -1 3 34
T 1  5355 4 2  194
T 2  1045 8 42  150
T 2  -95 4 14  195
T 2  -2975 2 2  196
T 3  -2835 572 770  151
T 3  -6615 286 35  197
T 3  -1045 13 42  152
T 3  190 13 14  198
T 3  5950 11 2  199
T 4  483 9724 6006  154
T 4  25599 4862 33  200
T 4  8505 4862 770  155
T 4  19845 2431 35  201
T 4  209 13 42  156
T 4  -38 13 14  202
T 4  -11900 143 2  203
T 5  225 8398 30030  158
T 5  675 4199 286  205
T 5  -23 2431 6006  160
T 5  -2438 2431 33  206
T 5  -8505 46189 770  161
T 5  -39690 46189 35  207
T 5  -836 663 42  162
T 5  152 663 14  208
T 5  2380 429 2  209
T 6  -9 4199 30030  164
T 6  -54 4199 286  211
T 6  1 2431 6006  166
T 6  106 2431 33  212
T 6  270 46189 770  167
T 6  1260 46189 35  213
T 6  22 663 42  168
T 6  -4 663 14  214
T 6  -56 429 2  215
ROW -1 4 34
T 1  -5355 16 6  169
T 2  -285 8 210  127
T 2  -1045 8 42  170
T 2  2975 8 6  171
T 3  -1260 143 385  129
T 3  2205 286 35  172
T 3  285 13 210  130
T 3  1045 13 42  173
T 3  -2975 22 6  174
T 4  4347 9724 4290  132
T 4  27531 9724 154  176
T 4  7560 2431 385  134
T 4  -6615 2431 35  177
T 4  -57 13 210  135
T 4  -209 13 42  178
T 4  2975 143 6  179
T 5  300 4199 2145  137
T 5  150 4199 2002  181
T 5  -207 2431 4290  139
T 5  -1311 2431 154  183
T 5  -15120 46189 385  141
T 5  13230 46189 35  184
T 5  76 221 210  142
T 5  836 663 42  185
T 5  -595 429 6  186
T 6  -24 4199 2145  144
T 6  -12 4199 2002  188
T 6  9 2431 4290  146
T 6  57 2431 154  190
T 6  480 46189 385  148
T 6  -420 46189 35  191
T 6  -2 221 210  149
T 6  -22 663 42  192
T 6  14 429 6  193
ROW -1 5 23
T 2  285 8 210  150
T 3  1575 286 1001  118
T 3  11025 572 154  151
T 3  -285 13 210  152
T 4  7245 4862 715  119
T 4  1449 9724 30030  154
T 4  -4725 2431 1001  120
T 4  -33075 4862 154  155
T 4  57 13 210  156
T 5  150 4199 2431  121
T 5  75 8398 6006  158
T 5  -690 2431 715  122
T 5  -69 2431 30030  160
T 5  9450 46189 1001  123
T 5  33075 46189 154  161
T 5  -76 221 210  162
T 6  -12 4199 2431  124
T 6  -3 4199 6006  164
T 6  30 2431 715  125
T 6  3 2431 30030  166
T 6  -300 46189 1001  126
T 6  -1050 46189 154  167
T 6  2 221 210  168
ROW 0 -5 14
T 2  1425 4 1  127
T 3  11025 286 66  129
T 3  -2850 13 1  130
T 4  7245 4862 1001  132
T 4  -33075 2431 66  134
T 4  570 13 1  135
T 5  150 4199 2002  137
T 5  -690 2431 1001  139
T 5  66150 46189 66  141
T 5  -760 221 1  142
T 6  -12 4199 2002  144
T 6  30 2431 1001  146
T 6  -2100 46189 66  148
T 6  20 221 1  149
ROW 0 -4 14
T 2  -1140 1 1  150
T 3  -2205 286 165  151
T 3  9120 13 1  152
T 4  10143 2431 143  154
T 4  6615 2431 165  155
T 4  -1824 13 1  156
T 5  525 4199 715  158
T 5  -1932 2431 143  160
T 5  -13230 46189 165  161
T 5  2432 221 1  162
T 6  -42 4199 715  164
T 6  84 2431 143  166
T 6  420 46189 165  167
T 6  -64 221 1  168
ROW 0 -3 20
T 1  5355 8 7  169
T 2  2755 4 1  170
T 2  -2975 4 7  171
T 3  -6615 143 30  172
T 3  -5510 13 1  173
T 3  2975 11 7  174
T 4  23667 4862 33  176
T 4  39690 2431 30  177
T 4  1102 13 1  178
T 4  -5950 143 7  179
T 5  1050 4199 429  181
T 5  -2254 2431 33  183
T 5  -79380 46189 30  184
T 5  -4408 663 1  185
T 5  1190 429 7  186
T 6  -84 4199 429  188
T 6  98 2431 33  190
T 6  2520 46189 30  191
T 6  116 663 1  192
T 6  -28 429 7  193
ROW 0 -2 20
T 1  -16065 16 7  194
T 2  855 1 1  195
T 2  8925 8 7  196
T 3  -19845 572 10  197
T 3  -6840 13 1  198
T 3  -8925 22 7  199
T 4  -483 2431 462  200
T 4  59535 4862 10  201
T 4  1368 13 1  202
T 4  8925 143 7  203
T 5  900 4199 1001  205
T 5  92 2431 462  206
T 5  -59535 46189 10  207
T 5  -1824 221 1  208
T 5  -595 143 7  209
T 6  -72 4199 1001  211
T 6  -4 2431 462  212
T 6  1890 46189 10  213
T 6  48 221 1  214
T 6  14 143 7  215
ROW 0 -1 21
T 0  14175 32 15  216
T 1  -8505 8 15  218
T 2  -285 1 1  219
T 2  6075 8 15  221
T 3  315 26 105  222
T 3  2280 13 1  223
T 3  -225 1 15  225
T 4  -3381 187 3  226
T 4  -945 221 105  227
T 4  -456 13 1  228
T 4  675 22 15  230
T 5  3150 4199 110  232
T 5  644 187 3  233
T 5  1890 4199 105  234
T 5  608 221 1  235
T 5  -270 143 15  237
T 6  -252 4199 110  239
T 6  -28 187 3  240
T 6  -60 4199 105  241
T 6  -16 221 1  242
T 6  6 143 15  244
ROW 0 0 27
T 0  -42525 16 1  245
T 1  37485 16 1  246
T 1  25515 4 1  247
T 2  -950 1 1  248
T 2  -20825 8 1  249
T 2  -18225 4 1  250
T 3  33075 143 1  251
T 3  7600 13 1  252
T 3  20825 22 1  253
T 3  1350 1 1  254
T 4  -101430 2431 1  255
T 4  -198450 2431 1  256
T 4  -1520 13 1  257
T 4  -20825 143 1  258
T 4  -2025 11 1  259
T 5  34650 4199 1  260
T 5  19320 2431 1  261
T 5  396900 46189 1  262
T 5  6080 663 1  263
T 5  4165 429 1  264
T 5  1620 143 1  265
T 6  -2772 4199 1  266
T 6  -840 2431 1  267
T 6  -12600 46189 1  268
T 6  -160 663 1  269
T 6  -98 429 1  270
T 6  -36 143 1  271
ROW 0 1 21
T 0  14175 32 15  0
T 1  -8505 8 15  2
T 2  -285 1 1  3
T 2  6075 8 15  5
T 3  315 26 105  6
T 3  2280 13 1  7
T 3  -225 1 15  9
T 4  -3381 187 3  10
T 4  -945 221 105  11
T 4  -456 13 1  12
T 4  675 22 15  14
T 5  3150 4199 110  15
T 5  644 187 3  17
T 5  1890 4199 105  18
T 5  608 221 1  19
T 5  -270 143 15  21
T 6  -252 4199 110  22
T 6  -28 187 3  24
T 6  -60 4199 105  25
T 6  -16 221 1  26
T 6  6 143 15  28
ROW 0 2 20
T 1  -16065 16 7  29
T 2  855 1 1  30
T 2  8925 8 7  31
T 3  -19845 572 10  32
T 3  -6840 13 1  33
T 3  -8925 22 7  34
T 4  -483 2431 462  35
T 4  59535 4862 10  36
T 4  1368 13 1  37
T 4  8925 143 7  38
T 5  900 4199 1001  39
T 5  92 2431 462  41
T 5  -59535 46189 10  42
T 5  -1824 221 1  43
T 5  -595 143 7  44
T 6  -72 4199 1001  45
T 6  -4 2431 462  47
T 6  1890 46189 10  48
T 6  48 221 1  49
T 6  14 143 7  50
ROW 0 3 20
T 1  5355 8 7  51
T 2  2755 4 1  52
T 2  -2975 4 7  53
T 3  -6615 143 30  54
T 3  -5510 13 1  55
T 3  2975 11 7  56
T 4  23667 4862 33  57
T 4  39690 2431 30  59
T 4  1102 13 1  60
T 4  -5950 143 7  61
T 5  1050 4199 429  62
T 5  -2254 2431 33  64
T 5  -79380 46189 30  66
T 5  -4408 663 1  67
T 5  1190 429 7  68
T 6  -84 4199 429  69
T 6  98 2431 33  71
T 6  2520 46189 30  73
T 6  116 663 1  74
T 6  -28 429 7  75
ROW 0 4 14
T 2  -1140 1 1  76
T 3  -2205 286 165  77
T 3  9120 13 1  78
T 4  10143 2431 143  79
T 4  6615 2431 165  81
T 4  -1824 13 1  82
T 5  525 4199 715  83
T 5  -1932 2431 143  85
T 5  -13230 46189 165  87
T 5  2432 221 1  88
T 6  -42 4199 715  89
T 6  84 2431 143  91
T 6  420 46189 165  93
T 6  -64 221 1  94
ROW 0 5 14
T 2  1425 4 1  95
T 3  11025 286 66  96
T 3  -2850 13 1  98
T 4  7245 4862 1001  99
T 4  -33075 2431 66  101
T 4  570 13 1  103
T 5  150 4199 2002  104
T 5  -690 2431 1001  106
T 5  66150 46189 66  108
T 5  -760 221 1  110
T 6  -12 4199 2002  111
T 6  30 2431 1001  113
T 6  -2100 46189 66  115
T 6  20 221 1  117
ROW 1 -5 23
T 2  -285 8 210  150
T 3  1575 286 1001  118
T 3  -11025 572 154  151
T 3  285 13 210  152
T 4  7245 4862 715  119
T 4  -1449 9724 30030  154
T 4  -4725 2431 1001  120
T 4  33075 4862 154  155
T 4  -57 13 210  156
T 5  150 4199 2431  121
T 5  -75 8398 6006  158
T 5  -690 2431 715  122
T 5  69 2431 30030  160
T 5  9450 46189 1001  123
T 5  -33075 46189 154  161
T 5  76 221 210  162
T 6  -12 4199 2431  124
T 6  3 4199 6006  164
T 6  30 2431 715  125
T 6  -3 2431 30030  166
T 6  -300 46189 1001  126
T 6  1050 46189 154  167
T 6  -2 221 210  168
ROW 1 -4 34
T 1  5355 16 6  169
T 2  -285 8 210  127
T 2  1045 8 42  170
T 2  -2975 8 6  171
T 3  -1260 143 385  129
T 3  -2205 286 35  172
T 3  285 13 210  130
T 3  -1045 13 42  173
T 3  2975 22 6  174
T 4  4347 9724 4290  132
T 4  -27531 9724 154  176
T 4  7560 2431 385  134
T 4  6615 2431 35  177
T 4  -57 13 210  135
T 4  209 13 42  178
T 4  -2975 143 6  179
T 5  300 4199 2145  137
T 5  -150 4199 2002  181
T 5  -207 2431 4290  139
T 5  1311 2431 154  183
T 5  -15120 46189 385  141
T 5  -13230 46189 35  184
T 5  76 221 210  142
T 5  -836 663 42  185
T 5  595 429 6  186
T 6  -24 4199 2145  144
T 6  12 4199 2002  188
T 6  9 2431 4290  146
T 6  -57 2431 154  190
T 6  480 46189 385  148
T 6  420 46189 35  191
T 6  -2 221 210  149
T 6  22 663 42  192
T 6  -14 429 6  193
ROW 1 -3 34
T 1  -5355 4 2  194
T 2  1045 8 42  150
T 2  95 4 14  195
T 2  2975 2 2  196
T 3  -2835 572 770  151
T 3  6615 286 35  197
T 3  -1045 13 42  152
T 3  -190 13 14  198
T 3  -5950 11 2  199
T 4  483 9724 6006  154
T 4  -25599 4862 33  200
T 4  8505 4862 770  155
T 4  -19845 2431 35  201
T 4  209 13 42  156
T 4  38 13 14  202
T 4  11900 143 2  203
T 5  225 8398 30030  158
T 5  -675 4199 286  205
T 5  -23 2431 6006  160
T 5  2438 2431 33  206
T 5  -8505 46189 770  161
T 5  39690 46189 35  207
T 5  -836 663 42  162
T 5  -152 663 14  208
T 5  -2380 429 2  209
T 6  -9 4199 30030  164
T 6  54 4199 286  211
T 6  1 2431 6006  166
T 6  -106 2431 33  212
T 6  270 46189 770  167
T 6  -1260 46189 35  213
T 6  22 663 42  168
T 6  4 663 14  214
T 6  56 429 2  215
ROW 1 -2 47
T 0  14175 32 5  216
T 1  -37485 32 2  169
T 1  5355 32 30  217
T 1  -8505 8 5  218
T 2  95 4 14  170
T 2  -380 1 3  219
T 2  20825 16 2  171
T 2  -2975 16 30  220
T 2  6075 8 5  221
T 3  2835 572 105  172
T 3  15435 572 35  222
T 3  -190 13 14  173
T 3  3040 13 3  223
T 3  -20825 44 2  174
T 3  2975 44 30  224
T 3  -225 1 5  225
T 4  -4347 4862 462  176
T 4  -33327 2431 1  226
T 4  -8505 4862 105  177
T 4  -46305 4862 35  227
T 4  38 13 14  178
T 4  -608 13 3  228
T 4  20825 286 2  179
T 4  -2975 286 30  229
T 4  675 22 5  230
T 5  300 4199 6006  181
T 5  -900 4199 330  232
T 5  414 2431 462  183
T 5  6348 2431 1  233
T 5  8505 46189 105  184
T 5  46305 46189 35  234
T 5  -152 663 14  185
T 5  2432 663 3  235
T 5  -4165 858 2  186
T 5  595 858 30  236
T 5  -270 143 5  237
T 6  -24 4199 6006  188
T 6  72 4199 330  239
T 6  -18 2431 462  190
T 6  -276 2431 1  240
T 6  -270 46189 105  191
T 6  -1470 46189 35  241
T 6  4 663 14  192
T 6  -64 663 3  242
T 6  49 429 2  193
T 6  -7 429 30  243
T 6  6 143 5  244
ROW 1 -1 20
T 1  5355 16 21  194
T 2  -380 1 3  195
T 2  -2975 8 21  196
T 3  8505 286 30  197
T 3  3040 13 3  198
T 3  2975 22 21  199
T 4  -5796 2431 154  200
T 4  -25515 2431 30  201
T 4  -608 13 3  202
T 4  -2975 143 21  203
T 5  450 4199 3003  205
T 5  1104 2431 154  206
T 5  51030 46189 30  207
T 5  2432 663 3  208
T 5  595 429 21  209
T 6  -36 4199 3003  211
T 6  -48 2431 154  212
T 6  -1620 46189 30  213
T 6  -64 663 3  214
T 6  -14 429 21  215
ROW 1 0 27
T 0  -14175 32 21  0
T 1  5355 16 14  1
T 1  8505 8 21  2
T 2  -95 1 35  3
T 2  -2975 8 14  4
T 2  -6075 8 21  5
T 3  26775 286 3  6
T 3  760 13 35  7
T 3  2975 22 14  8
T 3  225 1 21  9
T 4  -483 143 105  10
T 4  -4725 143 3  11
T 4  -152 13 35  12
T 4  -2975 143 14  13
T 4  -675 22 21  14
T 5  2700 4199 154  15
T 5  92 143 105  17
T 5  9450 2717 3  18
T 5  608 663 35  19
T 5  595 429 14  20
T 5  270 143 21  21
T 6  -216 4199 154  22
T 6  -4 143 105  24
T 6  -300 2717 3  25
T 6  -16 663 35  26
T 6  -14 429 14  27
T 6  -6 143 21  28
ROW 1 1 47
T 0  -14175 32 35  245
T 1  5355 16 35  246
T 1  5355 16 21  29
T 1  8505 8 35  247
T 2  -95 1 35  248
T 2  -380 1 3  30
T 2  -2975 8 35  249
T 2  -2975 8 21  31
T 2  -6075 8 35  250
T 3  1260 143 35  251
T 3  8505 286 30  32
T 3  760 13 35  252
T 3  3040 13 3  33
T 3  2975 22 35  253
T 3  2975 22 21  34
T 3  225 1 35  254
T 4  4347 2431 35  255
T 4  -5796 2431 154  35
T 4  -7560 2431 35  256
T 4  -25515 2431 30  36
T 4  -152 13 35  257
T 4  -608 13 3  37
T 4  -2975 143 35  258
T 4  -2975 143 21  38
T 4  -675 22 35  259
T 5  -4950 4199 35  260
T 5  450 4199 3003  39
T 5  -828 2431 35  261
T 5  1104 2431 154  41
T 5  15120 46189 35  262
T 5  51030 46189 30  42
T 5  608 663 35  263
T 5  2432 663 3  43
T 5  595 429 35  264
T 5  595 429 21  44
T 5  270 143 35  265
T 6  396 4199 35  266
T 6  -36 4199 3003  45
T 6  36 2431 35  267
T 6  -48 2431 154  47
T 6  -480 46189 35  268
T 6  -1620 46189 30  48
T 6  -16 663 35  269
T 6  -64 663 3  49
T 6  -14 429 35  270
T 6  -14 429 21  50
T 6  -6 143 35  271
ROW 1 2 47
T 0  14175 32 5  0
T 1  5355 32 30  1
T 1  -37485 32 2  51
T 1  -8505 8 5  2
T 2  -380 1 3  3
T 2  95 4 14  52
T 2  -2975 16 30  4
T 2  20825 16 2  53
T 2  6075 8 5  5
T 3  15435 572 35  6
T 3  2835 572 105  54
T 3  3040 13 3  7
T 3  -190 13 14  55
T 3  2975 44 30  8
T 3  -20825 44 2  56
T 3  -225 1 5  9
T 4  -33327 2431 1  10
T 4  -4347 4862 462  57
T 4  -46305 4862 35  11
T 4  -8505 4862 105  59
T 4  -608 13 3  12
T 4  38 13 14  60
T 4  -2975 286 30  13
T 4  20825 286 2  61
T 4  675 22 5  14
T 5  -900 4199 330  15
T 5  300 4199 6006  62
T 5  6348 2431 1  17
T 5  414 2431 462  64
T 5  46305 46189 35  18
T 5  8505 46189 105  66
T 5  2432 663 3  19
T 5  -152 663 14  67
T 5  595 858 30  20
T 5  -4165 858 2  68
T 5  -270 143 5  21
T 6  72 4199 330  22
T 6  -24 4199 6006  69
T 6  -276 2431 1  24
T 6  -18 2431 462  71
T 6  -1470 46189 35  25
T 6  -270 46189 105  73
T 6  -64 663 3  26
T 6  4 663 14  74
T 6  -7 429 30  27
T 6  49 429 2  75
T 6  6 143 5  28
ROW 1 3 34
T 1  -5355 4 2  29
T 2  95 4 14  30
T 2  1045 8 42  76
T 2  2975 2 2  31
T 3  6615 286 35  32
T 3  -2835 572 770  77
T 3  -190 13 14  33
T 3  -1045 13 42  78
T 3  -5950 11 2  34
T 4  -25599 4862 33  35
T 4  483 9724 6006  79
T 4  -19845 2431 35  36
T 4  8505 4862 770  81
T 4  38 13 14  37
T 4  209 13 42  82
T 4  11900 143 2  38
T 5  -675 4199 286  39
T 5  225 8398 30030  83
T 5  2438 2431 33  41
T 5  -23 2431 6006  85
T 5  39690 46189 35  42
T 5  -8505 46189 770  87
T 5  -152 663 14  43
T 5  -836 663 42  88
T 5  -2380 429 2  44
T 6  54 4199 286  45
T 6  -9 4199 30030  89
T 6  -106 2431 33  47
T 6  1 2431 6006  91
T 6  -1260 46189 35  48
T 6  270 46189 770  93
T 6  4 663 14  49
T 6  22 663 42  94
T 6  56 429 2  50
ROW 1 4 34
T 1  5355 16 6  51
T 2  1045 8 42  52
T 2  -285 8 210  95
T 2  -2975 8 6  53
T 3  -2205 286 35  54
T 3  -1260 143 385  96
T 3  -1045 13 42  55
T 3  285 13 210  98
T 3  2975 22 6  56
T 4  -27531 9724 154  57
T 4  4347 9724 4290  99
T 4  6615 2431 35  59
T 4  7560 2431 385  101
T 4  209 13 42  60
T 4  -57 13 210  103
T 4  -2975 143 6  61
T 5  -150 4199 2002  62
T 5  300 4199 2145  104
T 5  1311 2431 154  64
T 5  -207 2431 4290  106
T 5  -13230 46189 35  66
T 5  -15120 46189 385  108
T 5  -836 663 42  67
T 5  76 221 210  110
T 5  595 429 6  68
T 6  12 4199 2002  69
T 6  -24 4199 2145  111
T 6  -57 2431 154  71
T 6  9 2431 4290  113
T 6  420 46189 35  73
T 6  480 46189 385  115
T 6  22 663 42  74
T 6  -2 221 210  117
T 6  -14 429 6  75
ROW 1 5 23
T 2  -285 8 210  76
T 3  -11025 572 154  77
T 3  1575 286 1001  272
T 3  285 13 210  78
T 4  -1449 9724 30030  79
T 4  7245 4862 715  273
T 4  33075 4862 154  81
T 4  -4725 2431 1001  274
T 4  -57 13 210  82
T 5  -75 8398 6006  83
T 5  150 4199 2431  275
T 5  69 2431 30030  85
T 5  -690 2431 715  276
T 5  -33075 46189 154  87
T 5  9450 46189 1001  277
T 5  76 221 210  88
T 6  3 4199 6006  89
T 6  -12 4199 2431  278
T 6  -3 2431 30030  91
T 6  30 2431 715  279
T 6  1050 46189 154  93
T 6  -300 46189 1001  280
T 6  -2 221 210  94
ROW 2 -5 29
T 1  5355 32 6  169
T 2  475 4 42  170
T 2  -2975 16 6  171
T 3  2205 572 715  128
T 3  11025 286 35  172
T 3  -950 13 42  173
T 3  2975 44 6  174
T 4  7245 4862 858  131
T 4  7245 4862 154  176
T 4  -6615 4862 715  133
T 4  -33075 2431 35  177
T 4  190 13 42  178
T 4  -2975 286 6  179
T 5  225 4199 2431  136
T 5  75 8398 2002  181
T 5  -690 2431 858  138
T 5  -690 2431 154  183
T 5  6615 46189 715  140
T 5  66150 46189 35  184
T 5  -760 663 42  185
T 5  595 858 6  186
T 6  -18 4199 2431  143
T 6  -3 4199 2002  188
T 6  30 2431 858  145
T 6  30 2431 154  190
T 6  -210 46189 715  147
T 6  -2100 46189 35  191
T 6  20 663 42  192
T 6  -7 429 6  193
ROW 2 -4 29
T 1  -16065 32 10  194
T 2  -285 4 70  195
T 2  8925 16 10  196
T 3  -315 44 1001  118
T 3  15435 286 7  197
T 3  570 13 70  198
T 3  -8925 44 10  199
T 4  1449 2431 715  119
T 4  5796 2431 165  200
T 4  945 374 1001  120
T 4  -46305 2431 7  201
T 4  -114 13 70  202
T 4  8925 286 10  203
T 5  375 4199 2431  121
T 5  225 8398 1430  205
T 5  -276 2431 715  122
T 5  -1104 2431 165  206
T 5  -945 3553 1001  123
T 5  92610 46189 7  207
T 5  152 221 70  208
T 5  -595 286 10  209
T 6  -30 4199 2431  124
T 6  -9 4199 1430  211
T 6  12 2431 715  125
T 6  48 2431 165  212
T 6  30 3553 1001  126
T 6  -2940 46189 7  213
T 6  -4 221 70  214
T 6  7 143 10  215
ROW 2 -3 41
T 0  14175 32 3  216
T 1  37485 32 2  217
T 1  -8505 8 3  218
T 2  475 4 42  127
T 2  -1045 4 5  219
T 2  -20825 16 2  220
T 2  6075 8 3  221
T 3  -945 572 77  129
T 3  -2205 286 21  222
T 3  -950 13 42  130
T 3  2090 13 5  223
T 3  20825 44 2  224
T 3  -225 1 3  225
T 4  -2415 4862 858  132
T 4  42987 4862 15  226
T 4  2835 4862 77  134
T 4  6615 2431 21  227
T 4  190 13 42  135
T 4  -418 13 5  228
T 4  -20825 286 2  229
T 4  675 22 3  230
T 5  1125 4199 429  137
T 5  3375 8398 22  232
T 5  230 2431 858  139
T 5  -4094 2431 15  233
T 5  -2835 46189 77  141
T 5  -13230 46189 21  234
T 5  -760 663 42  142
T 5  1672 663 5  235
T 5  4165 858 2  236
T 5  -270 143 3  237
T 6  -90 4199 429  144
T 6  -135 4199 22  239
T 6  -10 2431 858  146
T 6  178 2431 15  240
T 6  90 46189 77  148
T 6  420 46189 21  241
T 6  20 663 42  149
T 6  -44 663 5  242
T 6  -49 429 2  243
T 6  6 143 3  244
ROW 2 -2 14
T 2  -285 4 70  150
T 3  8505 1144 462  151
T 3  570 13 70  152
T 4  -1449 4862 10010  154
T 4  -25515 9724 462  155
T 4  -114 13 70  156
T 5  1125 8398 2002  158
T 5  138 2431 10010  160
T 5  25515 92378 462  161
T 5  152 221 70  162
T 6  -45 4199 2002  164
T 6  -6 2431 10010  166
T 6  -405 46189 462  167
T 6  -4 221 70  168
ROW 2 -1 47
T 0  14175 32 14  216
T 1  5355 16 35  169
T 1  -5355 16 21  217
T 1  -8505 8 14  218
T 2  -1045 4 5  170
T 2  95 2 210  219
T 2  -2975 8 35  171
T 2  2975 8 21  220
T 2  6075 8 14  221
T 3  65205 1144 6  172
T 3  -115605 1144 2  222
T 3  2090 13 5  173
T 3  -380 13 210  223
T 3  2975 22 35  174
T 3  -2975 22 21  224
T 3  -225 1 14  225
T 4  -10143 4862 165  176
T 4  2898 2431 70  226
T 4  -195615 9724 6  177
T 4  346815 9724 2  227
T 4  -418 13 5  178
T 4  76 13 210  228
T 4  -2975 143 35  179
T 4  2975 143 21  229
T 4  675 22 14  230
T 5  525 4199 2145  181
T 5  1125 4199 231  232
T 5  966 2431 165  183
T 5  -552 2431 70  233
T 5  195615 92378 6  184
T 5  -346815 92378 2  234
T 5  1672 663 5  185
T 5  -304 663 210  235
T 5  595 429 35  186
T 5  -595 429 21  236
T 5  -270 143 14  237
T 6  -42 4199 2145  188
T 6  -90 4199 231  239
T 6  -42 2431 165  190
T 6  24 2431 70  240
T 6  -3105 46189 6  191
T 6  5505 46189 2  241
T 6  -44 663 5  192
T 6  8 663 210  242
T 6  -14 429 35  193
T 6  14 429 21  243
T 6  6 143 14  244
ROW 2 0 20
T 1  -5355 16 14  29
T 2  475 2 2  30
T 2  2975 8 14  31
T 3  -2835 572 5  32
T 3  -1900 13 2  33
T 3  -2975 22 14  34
T 4  -2415 2431 231  35
T 4  8505 4862 5  36
T 4  380 13 2  37
T 4  2975 143 14  38
T 5  675 4199 2002  39
T 5  460 2431 231  41
T 5  -8505 46189 5  42
T 5  -1520 663 2  43
T 5  -595 429 14  44
T 6  -54 4199 2002  45
T 6  -20 2431 231  47
T 6  270 46189 5  48
T 6  40 663 2  49
T 6  14 429 14  50
ROW 2 1 47
T 0  -14175 32 14  0
T 1  5355 16 21  1
T 1  5355 16 35  51
T 1  8505 8 14  2
T 2  -95 2 210  3
T 2  -1045 4 5  52
T 2  -2975 8 21  4
T 2  -2975 8 35  53
T 2  -6075 8 14  5
T 3  115605 1144 2  6
T 3  65205 1144 6  54
T 3  380 13 210  7
T 3  2090 13 5  55
T 3  2975 22 21  8
T 3  2975 22 35  56
T 3  225 1 14  9
T 4  -2898 2431 70  10
T 4  -10143 4862 165  57
T 4  -346815 9724 2  11
T 4  -195615 9724 6  59
T 4  -76 13 210  12
T 4  -418 13 5  60
T 4  -2975 143 21  13
T 4  -2975 143 35  61
T 4  -675 22 14  14
T 5  -1125 4199 231  15
T 5  525 4199 2145  62
T 5  552 2431 70  17
T 5  966 2431 165  64
T 5  346815 92378 2  18
T 5  195615 92378 6  66
T 5  304 663 210  19
T 5  1672 663 5  67
T 5  595 429 21  20
T 5  595 429 35  68
T 5  270 143 14  21
T 6  90 4199 231  22
T 6  -42 4199 2145  69
T 6  -24 2431 70  24
T 6  -42 2431 165  71
T 6  -5505 46189 2  25
T 6  -3105 46189 6  73
T 6  -8 663 210  26
T 6  -44 663 5  74
T 6  -14 429 21  27
T 6  -14 429 35  75
T 6  -6 143 14  28
ROW 2 2 41
T 0  -14175 8 2  245
T 1  5355 8 2  246
T 1  8505 2 2  247
T 2  475 2 2  248
T 2  -285 4 70  76
T 2  -2975 4 2  249
T 2  -6075 2 2  250
T 3  -90405 572 2  251
T 3  8505 1144 462  77
T 3  -1900 13 2  252
T 3  570 13 70  78
T 3  2975 11 2  253
T 3  900 1 2  254
T 4  65205 2431 2  255
T 4  -1449 4862 10010  79
T 4  271215 4862 2  256
T 4  -25515 9724 462  81
T 4  380 13 2  257
T 4  -114 13 70  82
T 4  -5950 143 2  258
T 4  -1350 11 2  259
T 5  12375 4199 2  260
T 5  1125 8398 2002  83
T 5  -12420 2431 2  261
T 5  138 2431 10010  85
T 5  -271215 46189 2  262
T 5  25515 92378 462  87
T 5  -1520 663 2  263
T 5  152 221 70  88
T 5  1190 429 2  264
T 5  1080 143 2  265
T 6  -990 4199 2  266
T 6  -45 4199 2002  89
T 6  540 2431 2  267
T 6  -6 2431 10010  91
T 6  8610 46189 2  268
T 6  -405 46189 462  93
T 6  40 663 2  269
T 6  -4 221 70  94
T 6  -28 429 2  270
T 6  -24 143 2  271
ROW 2 3 41
T 0  14175 32 3  0
T 1  37485 32 2  1
T 1  -8505 8 3  2
T 2  -1045 4 5  3
T 2  475 4 42  95
T 2  -20825 16 2  4
T 2  6075 8 3  5
T 3  -2205 286 21  6
T 3  -945 572 77  96
T 3  2090 13 5  7
T 3  -950 13 42  98
T 3  20825 44 2  8
T 3  -225 1 3  9
T 4  42987 4862 15  10
T 4  -2415 4862 858  99
T 4  6615 2431 21  11
T 4  2835 4862 77  101
T 4  -418 13 5  12
T 4  190 13 42  103
T 4  -20825 286 2  13
T 4  675 22 3  14
T 5  3375 8398 22  15
T 5  1125 4199 429  104
T 5  -4094 2431 15  17
T 5  230 2431 858  106
T 5  -13230 46189 21  18
T 5  -2835 46189 77  108
T 5  1672 663 5  19
T 5  -760 663 42  110
T 5  4165 858 2  20
T 5  -270 143 3  21
T 6  -135 4199 22  22
T 6  -90 4199 429  111
T 6  178 2431 15  24
T 6  -10 2431 858  113
T 6  420 46189 21  25
T 6  90 46189 77  115
T 6  -44 663 5  26
T 6  20 663 42  117
T 6  -49 429 2  27
T 6  6 143 3  28
ROW 2 4 29
T 1  -16065 32 10  29
T 2  -285 4 70  30
T 2  8925 16 10  31
T 3  15435 286 7  32
T 3  -315 44 1001  272
T 3  570 13 70  33
T 3  -8925 44 10  34
T 4  5796 2431 165  35
T 4  1449 2431 715  273
T 4  -46305 2431 7  36
T 4  945 374 1001  274
T 4  -114 13 70  37
T 4  8925 286 10  38
T 5  225 8398 1430  39
T 5  375 4199 2431  275
T 5  -1104 2431 165  41
T 5  -276 2431 715  276
T 5  92610 46189 7  42
T 5  -945 3553 1001  277
T 5  152 221 70  43
T 5  -595 286 10  44
T 6  -9 4199 1430  45
T 6  -30 4199 2431  278
T 6  48 2431 165  47
T 6  12 2431 715  279
T 6  -2940 46189 7  48
T 6  30 3553 1001  280
T 6  -4 221 70  49
T 6  7 143 10  50
ROW 2 5 29
T 1  5355 32 6  51
T 2  475 4 42  52
T 2  -2975 16 6  53
T 3  11025 286 35  54
T 3  2205 572 715  97
T 3  -950 13 42  55
T 3  2975 44 6  56
T 4  7245 4862 154  57
T 4  7245 4862 858  100
T 4  -33075 2431 35  59
T 4  -6615 4862 715  102
T 4  190 13 42  60
T 4  -2975 286 6  61
T 5  75 8398 2002  62
T 5  225 4199 2431  105
T 5  -690 2431 154  64
T 5  -690 2431 858  107
T 5  66150 46189 35  66
T 5  6615 46189 715  109
T 5  -760 663 42  67
T 5  595 858 6  68
T 6  -3 4199 2002  69
T 6  -18 4199 2431  112
T 6  30 2431 154  71
T 6  30 2431 858  114
T 6  -2100 46189 35  73
T 6  -210 46189 715  116
T 6  20 663 42  74
T 6  -7 429 6  75
ROW 3 -5 25
T 1  -16065 16 1  194
T 2  -1425 4 7  195
T 2  8925 8 1  196
T 3  -6615 286 70  197
T 3  2850 13 7  198
T 3  -8925 22 1  199
T 4  2415 4862 7293  153
T 4  -7245 4862 66  200
T 4  19845 2431 70  201
T 4  -570 13 7  202
T 4  8925 143 1  203
T 5  75 4199 46189  157
T 5  -75 4199 143  205
T 5  -230 2431 7293  159
T 5  690 2431 66  206
T 5  -39690 46189 70  207
T 5  760 221 7  208
T 5  -595 143 1  209
T 6  -6 4199 46189  163
T 6  6 4199 143  211
T 6  10 2431 7293  165
T 6  -30 2431 66  212
T 6  1260 46189 70  213
T 6  -20 221 7  214
T 6  14 143 1  215
ROW 3 -4 36
T 0  14175 64 6  216
T 1  16065 8 1  217
T 1  -8505 16 6  218
T 2  285 8 10  219
T 2  -8925 4 1  220
T 2  6075 16 6  221
T 3  -6615 572 286  128
T 3  -4410 143 42  222
T 3  -285 13 10  223
T 3  8925 11 1  224
T 3  -225 2 6  225
T 4  -483 4862 2145  131
T 4  -42021 9724 30  226
T 4  19845 4862 286  133
T 4  26460 2431 42  227
T 4  57 13 10  228
T 4  -17850 143 1  229
T 4  675 44 6  230
T 5  150 4199 24310  136
T 5  -750 4199 11  232
T 5  46 2431 2145  138
T 5  2001 2431 30  233
T 5  -19845 46189 286  140
T 5  -52920 46189 42  234
T 5  -76 221 10  235
T 5  1190 143 1  236
T 5  -135 143 6  237
T 6  -12 4199 24310  143
T 6  60 4199 11  239
T 6  -2 2431 2145  145
T 6  -87 2431 30  240
T 6  630 46189 286  147
T 6  1680 46189 42  241
T 6  2 221 10  242
T 6  -28 143 1  243
T 6  3 143 6  244
ROW 3 -3 9
T 3  945 286 2002  118
T 4  -1932 2431 1430  119
T 4  -2835 2431 2002  120
T 5  375 4199 4862  121
T 5  368 2431 1430  122
T 5  5670 46189 2002  123
T 6  -30 4199 4862  124
T 6  -16 2431 1430  125
T 6  -180 46189 2002  126
ROW 3 -2 41
T 0  42525 32 2  216
T 1  -16065 16 3  217
T 1  -25515 8 2  218
T 2  -1425 4 7  127
T 2  285 4 30  219
T 2  8925 8 3  220
T 2  18225 8 2  221
T 3  9135 1144 462  129
T 3  21735 1144 14  222
T 3  2850 13 7  130
T 3  -570 13 30  223
T 3  -8925 22 3  224
T 3  -675 1 2  225
T 4  -12075 4862 143  132
T 4  -51681 4862 10  226
T 4  -27405 9724 462  134
T 4  -65205 9724 14  227
T 4  -570 13 7  135
T 4  114 13 30  228
T 4  8925 143 3  229
T 4  2025 22 2  230
T 5  1500 4199 286  137
T 5  -1500 4199 33  232
T 5  1150 2431 143  139
T 5  4922 2431 10  233
T 5  27405 92378 462  141
T 5  65205 92378 14  234
T 5  760 221 7  142
T 5  -152 221 30  235
T 5  -595 143 3  236
T 5  -810 143 2  237
T 6  -120 4199 286  144
T 6  120 4199 33  239
T 6  -50 2431 143  146
T 6  -214 2431 10  240
T 6  -435 46189 462  148
T 6  -1035 46189 14  241
T 6  -20 221 7  149
T 6  4 221 30  242
T 6  14 143 3  243
T 6  18 143 2  244
ROW 3 -1 28
T 2  285 8 10  150
T 2  285 4 30  195
T 3  945 572 66  151
T 3  -1260 13 3  197
T 3  -285 13 10  152
T 3  -570 13 30  198
T 4  -3381 9724 1430  154
T 4  483 374 385  200
T 4  -2835 4862 66  155
T 4  7560 221 3  201
T 4  57 13 10  156
T 4  114 13 30  202
T 5  2625 8398 286  158
T 5  75 4199 30030  205
T 5  161 2431 1430  160
T 5  -46 187 385  206
T 5  2835 46189 66  161
T 5  -15120 4199 3  207
T 5  -76 221 10  162
T 5  -152 221 30  208
T 6  -105 4199 286  164
T 6  -6 4199 30030  211
T 6  -7 2431 1430  166
T 6  2 187 385  212
T 6  -90 46189 66  167
T 6  480 4199 3  213
T 6  2 221 10  168
T 6  4 221 30  214
ROW 3 0 20
T 1  -5355 8 21  51
T 2  2375 4 3  52
T 2  2975 4 21  53
T 3  -34965 572 10  54
T 3  -4750 13 3  55
T 3  -2975 11 21  56
T 4  16905 4862 11  57
T 4  104895 4862 10  59
T 4  950 13 3  60
T 4  5950 143 21  61
T 5  2100 4199 143  62
T 5  -1610 2431 11  64
T 5  -104895 46189 10  66
T 5  -3800 663 3  67
T 5  -1190 429 21  68
T 6  -168 4199 143  69
T 6  70 2431 11  71
T 6  3330 46189 10  73
T 6  100 663 3  74
T 6  28 429 21  75
ROW 3 1 28
T 2  -285 4 30  30
T 2  285 8 10  76
T 3  1260 13 3  32
T 3  945 572 66  77
T 3  570 13 30  33
T 3  -285 13 10  78
T 4  -483 374 385  35
T 4  -3381 9724 1430  79
T 4  -7560 221 3  36
T 4  -2835 4862 66  81
T 4  -114 13 30  37
T 4  57 13 10  82
T 5  -75 4199 30030  39
T 5  2625 8398 286  83
T 5  46 187 385  41
T 5  161 2431 1430  85
T 5  15120 4199 3  42
T 5  2835 46189 66  87
T 5  152 221 30  43
T 5  -76 221 10  88
T 6  6 4199 30030  45
T 6  -105 4199 286  89
T 6  -2 187 385  47
T 6  -7 2431 1430  91
T 6  -480 4199 3  48
T 6  -90 46189 66  93
T 6  -4 221 30  49
T 6  2 221 10  94
ROW 3 2 41
T 0  -42525 32 2  0
T 1  16065 16 3  1
T 1  25515 8 2  2
T 2  -285 4 30  3
T 2  -1425 4 7  95
T 2  -8925 8 3  4
T 2  -18225 8 2  5
T 3  -21735 1144 14  6
T 3  9135 1144 462  96
T 3  570 13 30  7
T 3  2850 13 7  98
T 3  8925 22 3  8
T 3  675 1 2  9
T 4  51681 4862 10  10
T 4  -12075 4862 143  99
T 4  65205 9724 14  11
T 4  -27405 9724 462  101
T 4  -114 13 30  12
T 4  -570 13 7  103
T 4  -8925 143 3  13
T 4  -2025 22 2  14
T 5  1500 4199 33  15
T 5  1500 4199 286  104
T 5  -4922 2431 10  17
T 5  1150 2431 143  106
T 5  -65205 92378 14  18
T 5  27405 92378 462  108
T 5  152 221 30  19
T 5  760 221 7  110
T 5  595 143 3  20
T 5  810 143 2  21
T 6  -120 4199 33  22
T 6  -120 4199 286  111
T 6  214 2431 10  24
T 6  -50 2431 143  113
T 6  1035 46189 14  25
T 6  -435 46189 462  115
T 6  -4 221 30  26
T 6  -20 221 7  117
T 6  -14 143 3  27
T 6  -18 143 2  28
ROW 3 3 36
T 0  -42525 32 3  245
T 1  -5355 16 3  246
T 1  25515 8 3  247
T 2  2375 4 3  248
T 2  2975 8 3  249
T 2  -18225 8 3  250
T 3  -19845 286 3  251
T 3  945 286 2002  272
T 3  -4750 13 3  252
T 3  -2975 22 3  253
T 3  675 1 3  254
T 4  -127995 4862 3  255
T 4  -1932 2431 1430  273
T 4  59535 2431 3  256
T 4  -2835 2431 2002  274
T 4  950 13 3  257
T 4  2975 143 3  258
T 4  -2025 22 3  259
T 5  -4125 4199 3  260
T 5  375 4199 4862  275
T 5  12190 2431 3  261
T 5  368 2431 1430  276
T 5  -119070 46189 3  262
T 5  5670 46189 2002  277
T 5  -3800 663 3  263
T 5  -595 429 3  264
T 5  810 143 3  265
T 6  330 4199 3  266
T 6  -30 4199 4862  278
T 6  -530 2431 3  267
T 6  -16 2431 1430  279
T 6  3780 46189 3  268
T 6  -180 46189 2002  280
T 6  100 663 3  269
T 6  14 429 3  270
T 6  -18 143 3  271
ROW 3 4 36
T 0  14175 64 6  0
T 1  16065 8 1  1
T 1  -8505 16 6  2
T 2  285 8 10  3
T 2  -8925 4 1  4
T 2  6075 16 6  5
T 3  -4410 143 42  6
T 3  -6615 572 286  97
T 3  -285 13 10  7
T 3  8925 11 1  8
T 3  -225 2 6  9
T 4  -42021 9724 30  10
T 4  -483 4862 2145  100
T 4  26460 2431 42  11
T 4  19845 4862 286  102
T 4  57 13 10  12
T 4  -17850 143 1  13
T 4  675 44 6  14
T 5  -750 4199 11  15
T 5  150 4199 24310  105
T 5  2001 2431 30  17
T 5  46 2431 2145  107
T 5  -52920 46189 42  18
T 5  -19845 46189 286  109
T 5  -76 221 10  19
T 5  1190 143 1  20
T 5  -135 143 6  21
T 6  60 4199 11  22
T 6  -12 4199 24310  112
T 6  -87 2431 30  24
T 6  -2 2431 2145  114
T 6  1680 46189 42  25
T 6  630 46189 286  116
T 6  2 221 10  26
T 6  -28 143 1  27
T 6  3 143 6  28
ROW 3 5 25
T 1  -16065 16 1  29
T 2  -1425 4 7  30
T 2  8925 8 1  31
T 3  -6615 286 70  32
T 3  2850 13 7  33
T 3  -8925 22 1  34
T 4  -7245 4862 66  35
T 4  2415 4862 7293  80
T 4  19845 2431 70  36
T 4  -570 13 7  37
T 4  8925 143 1  38
T 5  -75 4199 143  39
T 5  75 4199 46189  84
T 5  690 2431 66  41
T 5  -230 2431 7293  86
T 5  -39690 46189 70  42
T 5  760 221 7  43
T 5  -595 143 1  44
T 6  6 4199 143  45
T 6  -6 4199 46189  90
T 6  -30 2431 66  47
T 6  10 2431 7293  92
T 6  1260 46189 70  48
T 6  -20 221 7  49
T 6  14 143 1  50
ROW 4 -5 32
T 0  14175 64 2  216
T 1  16065 16 3  217
T 1  -8505 16 2  218
T 2  1425 8 30  219
T 2  -8925 8 3  220
T 2  6075 16 2  221
T 3  11025 286 14  222
T 3  -1425 13 30  223
T 3  8925 22 3  224
T 3  -225 2 2  225
T 4  1449 4862 12155  175
T 4  21735 9724 10  226
T 4  -33075 2431 14  227
T 4  285 13 30  228
T 4  -8925 143 3  229
T 4  675 44 2  230
T 5  75 4199 92378  180
T 5  75 4199 33  232
T 5  -138 2431 12155  182
T 5  -1035 2431 10  233
T 5  66150 46189 14  234
T 5  -380 221 30  235
T 5  595 143 3  236
T 5  -135 143 2  237
T 6  -6 4199 92378  187
T 6  -6 4199 33  239
T 6  6 2431 12155  189
T 6  45 2431 10  240
T 6  -2100 46189 14  241
T 6  10 221 30  242
T 6  -14 143 3  243
T 6  3 143 2  244
ROW 4 -4 5
T 4  -1449 2431 2431  153
T 5  75 4199 138567  157
T 5  276 2431 2431  159
T 6  -6 4199 138567  163
T 6  -12 2431 2431  165
ROW 4 -3 36
T 0  42525 64 10  216
T 1  -5355 16 15  217
T 1  -25515 16 10  218
T 2  -1235 8 6  219
T 2  2975 8 15  220
T 2  18225 16 10  221
T 3  2205 572 4290  128
T 3  945 44 70  222
T 3  95 1 6  223
T 3  -2975 22 15  224
T 3  -675 2 10  225
T 4  -14007 4862 143  131
T 4  177261 9724 2  226
T 4  -6615 4862 4290  133
T 4  -2835 374 70  227
T 4  -19 1 6  228
T 4  2975 143 15  229
T 4  2025 44 10  230
T 5  225 4199 14586  136
T 5  225 4199 165  232
T 5  1334 2431 143  138
T 5  -8441 2431 2  233
T 5  6615 46189 4290  140
T 5  2835 3553 70  234
T 5  76 51 6  235
T 5  -595 429 15  236
T 5  -405 143 10  237
T 6  -18 4199 14586  143
T 6  -18 4199 165  239
T 6  -58 2431 143  145
T 6  367 2431 2  240
T 6  -210 46189 4290  147
T 6  -90 3553 70  241
T 6  -2 51 6  242
T 6  14 429 15  243
T 6  9 143 10  244
ROW 4 -2 29
T 1  -16065 16 1  194
T 2  285 1 7  195
T 2  8925 8 1  196
T 3  315 1144 10010  118
T 3  -9135 1144 70  197
T 3  -2280 13 7  198
T 3  -8925 22 1  199
T 4  -4347 4862 286  119
T 4  -19803 4862 66  200
T 4  -945 9724 10010  120
T 4  27405 9724 70  201
T 4  456 13 7  202
T 4  8925 143 1  203
T 5  150 4199 24310  121
T 5  -450 4199 143  205
T 5  414 2431 286  122
T 5  1886 2431 66  206
T 5  945 92378 10010  123
T 5  -27405 92378 70  207
T 5  -608 221 7  208
T 5  -595 143 1  209
T 6  -12 4199 24310  124
T 6  36 4199 143  211
T 6  -18 2431 286  125
T 6  -82 2431 66  212
T 6  -15 46189 10010  126
T 6  435 46189 70  213
T 6  16 221 7  214
T 6  14 143 1  215
ROW 4 -1 34
T 1  5355 16 42  169
T 2  1425 8 30  127
T 2  -1235 8 6  170
T 2  -2975 8 42  171
T 3  -11655 572 55  129
T 3  -1575 44 5  172
T 3  -1425 13 30  130
T 3  95 1 6  173
T 3  2975 22 42  174
T 4  483 9724 30030  132
T 4  71001 9724 22  176
T 4  34965 4862 55  134
T 4  4725 374 5  177
T 4  285 13 30  135
T 4  -19 1 6  178
T 4  -2975 143 42  179
T 5  150 4199 15015  137
T 5  525 4199 286  181
T 5  -23 2431 30030  139
T 5  -3381 2431 22  183
T 5  -34965 46189 55  141
T 5  -4725 3553 5  184
T 5  -380 221 30  142
T 5  76 51 6  185
T 5  595 429 42  186
T 6  -12 4199 15015  144
T 6  -42 4199 286  188
T 6  1 2431 30030  146
T 6  147 2431 22  190
T 6  1110 46189 55  148
T 6  150 3553 5  191
T 6  10 221 30  149
T 6  -2 51 6  192
T 6  -14 429 42  193
ROW 4 0 14
T 2  285 1 5  76
T 3  -6300 143 33  77
T 3  -2280 13 5  78
T 4  3381 2431 715  79
T 4  37800 2431 33  81
T 4  456 13 5  82
T 5  1575 4199 143  83
T 5  -644 2431 715  85
T 5  -75600 46189 33  87
T 5  -608 221 5  88
T 6  -126 4199 143  89
T 6  28 2431 715  91
T 6  2400 46189 33  93
T 6  16 221 5  94
ROW 4 1 34
T 1  -5355 16 42  51
T 2  1235 8 6  52
T 2  1425 8 30  95
T 2  2975 8 42  53
T 3  1575 44 5  54
T 3  -11655 572 55  96
T 3  -95 1 6  55
T 3  -1425 13 30  98
T 3  -2975 22 42  56
T 4  -71001 9724 22  57
T 4  483 9724 30030  99
T 4  -4725 374 5  59
T 4  34965 4862 55  101
T 4  19 1 6  60
T 4  285 13 30  103
T 4  2975 143 42  61
T 5  -525 4199 286  62
T 5  150 4199 15015  104
T 5  3381 2431 22  64
T 5  -23 2431 30030  106
T 5  4725 3553 5  66
T 5  -34965 46189 55  108
T 5  -76 51 6  67
T 5  -380 221 30  110
T 5  -595 429 42  68
T 6  42 4199 286  69
T 6  -12 4199 15015  111
T 6  -147 2431 22  71
T 6  1 2431 30030  113
T 6  -150 3553 5  73
T 6  1110 46189 55  115
T 6  2 51 6  74
T 6  10 221 30  117
T 6  14 429 42  75
ROW 4 2 29
T 1  16065 16 1  29
T 2  -285 1 7  30
T 2  -8925 8 1  31
T 3  9135 1144 70  32
T 3  315 1144 10010  272
T 3  2280 13 7  33
T 3  8925 22 1  34
T 4  19803 4862 66  35
T 4  -4347 4862 286  273
T 4  -27405 9724 70  36
T 4  -945 9724 10010  274
T 4  -456 13 7  37
T 4  -8925 143 1  38
T 5  450 4199 143  39
T 5  150 4199 24310  275
T 5  -1886 2431 66  41
T 5  414 2431 286  276
T 5  27405 92378 70  42
T 5  945 92378 10010  277
T 5  608 221 7  43
T 5  595 143 1  44
T 6  -36 4199 143  45
T 6  -12 4199 24310  278
T 6  82 2431 66  47
T 6  -18 2431 286  279
T 6  -435 46189 70  48
T 6  -15 46189 10010  280
T 6  -16 221 7  49
T 6  -14 143 1  50
ROW 4 3 36
T 0  -42525 64 10  0
T 1  5355 16 15  1
T 1  25515 16 10  2
T 2  1235 8 6  3
T 2  -2975 8 15  4
T 2  -18225 16 10  5
T 3  -945 44 70  6
T 3  2205 572 4290  97
T 3  -95 1 6  7
T 3  2975 22 15  8
T 3  675 2 10  9
T 4  -177261 9724 2  10
T 4  -14007 4862 143  100
T 4  2835 374 70  11
T 4  -6615 4862 4290  102
T 4  19 1 6  12
T 4  -2975 143 15  13
T 4  -2025 44 10  14
T 5  -225 4199 165  15
T 5  225 4199 14586  105
T 5  8441 2431 2  17
T 5  1334 2431 143  107
T 5  -2835 3553 70  18
T 5  6615 46189 4290  109
T 5  -76 51 6  19
T 5  595 429 15  20
T 5  405 143 10  21
T 6  18 4199 165  22
T 6  -18 4199 14586  112
T 6  -367 2431 2  24
T 6  -58 2431 143  114
T 6  90 3553 70  25
T 6  -210 46189 4290  116
T 6  2 51 6  26
T 6  -14 429 15  27
T 6  -9 143 10  28
ROW 4 4 32
T 0  -14175 16 5  245
T 1  -16065 16 5  246
T 1  8505 4 5  247
T 2  285 1 5  248
T 2  8925 8 5  249
T 2  -6075 4 5  250
T 3  37485 286 5  251
T 3  -2280 13 5  252
T 3  -8925 22 5  253
T 3  450 1 5  254
T 4  1449 143 5  255
T 4  -1449 2431 2431  80
T 4  -6615 143 5  256
T 4  456 13 5  257
T 4  8925 143 5  258
T 4  -675 11 5  259
T 5  825 4199 5  260
T 5  75 4199 138567  84
T 5  -276 143 5  261
T 5  276 2431 2431  86
T 5  13230 2717 5  262
T 5  -608 221 5  263
T 5  -595 143 5  264
T 5  540 143 5  265
T 6  -66 4199 5  266
T 6  -6 4199 138567  90
T 6  12 143 5  267
T 6  -12 2431 2431  92
T 6  -420 2717 5  268
T 6  16 221 5  269
T 6  14 143 5  270
T 6  -12 143 5  271
ROW 4 5 32
T 0  14175 64 2  0
T 1  16065 16 3  1
T 1  -8505 16 2  2
T 2  1425 8 30  3
T 2  -8925 8 3  4
T 2  6075 16 2  5
T 3  11025 286 14  6
T 3  -1425 13 30  7
T 3  8925 22 3  8
T 3  -225 2 2  9
T 4  21735 9724 10  10
T 4  1449 4862 12155  58
T 4  -33075 2431 14  11
T 4  285 13 30  12
T 4  -8925 143 3  13
T 4  675 44 2  14
T 5  75 4199 33  15
T 5  75 4199 92378  63
T 5  -1035 2431 10  17
T 5  -138 2431 12155  65
T 5  66150 46189 14  18
T 5  -380 221 30  19
T 5  595 143 3  20
T 5  -135 143 2  21
T 6  -6 4199 33  22
T 6  -6 4199 92378  70
T 6  45 2431 10  24
T 6  6 2431 12155  72
T 6  -2100 46189 14  25
T 6  10 221 30  26
T 6  -14 143 3  27
T 6  3 143 2  28
ROW 5 -5 2
T 5  75 4199 176358  204
T 6  -6 4199 176358  210
ROW 5 -4 26
T 0  14175 64 110  216
T 1  -8505 16 110  218
T 2  -855 8 66  219
T 2  6075 16 110  221
T 3  -315 52 770  222
T 3  855 13 66  223
T 3  -225 2 110  225
T 4  -1449 442 221  175
T 4  -1449 748 22  226
T 4  945 442 770  227
T 4  -171 13 66  228
T 4  675 44 110  230
T 5  150 4199 41990  180
T 5  -150 4199 15  232
T 5  138 221 221  182
T 5  69 187 22  233
T 5  -945 4199 770  234
T 5  228 221 66  235
T 5  -135 143 110  237
T 6  -12 4199 41990  187
T 6  12 4199 15  239
T 6  -6 221 221  189
T 6  -3 187 22  240
T 6  30 4199 770  241
T 6  -6 221 66  242
T 6  3 143 110  244
ROW 5 -3 25
T 1  -5355 16 33  194
T 2  95 4 231  195
T 2  2975 8 33  196
T 3  630 143 2310  197
T 3  -190 13 231  198
T 3  -2975 22 33  199
T 4  -483 442 221  153
T 4  5313 442 2  200
T 4  -3780 2431 2310  201
T 4  38 13 231  202
T 4  2975 143 33  203
T 5  225 4199 12597  157
T 5  225 4199 39  205
T 5  46 221 221  159
T 5  -506 221 2  206
T 5  7560 46189 2310  207
T 5  -152 663 231  208
T 5  -595 429 33  209
T 6  -18 4199 12597  163
T 6  -18 4199 39  211
T 6  -2 221 221  165
T 6  22 221 2  212
T 6  -240 46189 2310  213
T 6  4 663 231  214
T 6  14 429 33  215
ROW 5 -2 29
T 1  5355 16 33  169
T 2  95 4 231  170
T 2  -2975 8 33  171
T 3  -2205 104 130  128
T 3  -7875 1144 770  172
T 3  -190 13 231  173
T 3  2975 22 33  174
T 4  483 221 39  131
T 4  -4347 442 7  176
T 4  6615 884 130  133
T 4  23625 9724 770  177
T 4  38 13 231  178
T 4  -2975 143 33  179
T 5  900 4199 442  136
T 5  -300 4199 91  181
T 5  -92 221 39  138
T 5  414 221 7  183
T 5  -6615 8398 130  140
T 5  -23625 92378 770  184
T 5  -152 663 231  185
T 5  595 429 33  186
T 6  -72 4199 442  143
T 6  24 4199 91  188
T 6  4 221 39  145
T 6  -18 221 7  190
T 6  105 4199 130  147
T 6  375 46189 770  191
T 6  4 663 231  192
T 6  -14 429 33  193
ROW 5 -1 23
T 2  -855 8 66  150
T 3  -315 13 65  118
T 3  1575 52 10  151
T 3  855 13 66  152
T 4  1449 442 91  119
T 4  3381 884 78  154
T 4  1890 221 65  120
T 4  -4725 442 10  155
T 4  -171 13 66  156
T 5  150 4199 7735  121
T 5  525 8398 390  158
T 5  -138 221 91  122
T 5  -161 221 78  160
T 5  -3780 4199 65  123
T 5  4725 4199 10  161
T 5  228 221 66  162
T 6  -12 4199 7735  124
T 6  -21 4199 390  164
T 6  6 221 91  125
T 6  7 221 78  166
T 6  120 4199 65  126
T 6  -150 4199 10  167
T 6  -6 221 66  168
ROW 5 0 14
T 2  -1425 4 11  95
T 3  -1575 52 6  96
T 3  2850 13 11  98
T 4  2415 442 91  99
T 4  4725 442 6  101
T 4  -570 13 11  103
T 5  900 4199 182  104
T 5  -230 221 91  106
T 5  -4725 4199 6  108
T 5  760 221 11  110
T 6  -72 4199 182  111
T 6  10 221 91  113
T 6  150 4199 6  115
T 6  -20 221 11  117
ROW 5 1 23
T 2  855 8 66  76
T 3  -1575 52 10  77
T 3  -315 13 65  272
T 3  -855 13 66  78
T 4  -3381 884 78  79
T 4  1449 442 91  273
T 4  4725 442 10  81
T 4  1890 221 65  274
T 4  171 13 66  82
T 5  -525 8398 390  83
T 5  150 4199 7735  275
T 5  161 221 78  85
T 5  -138 221 91  276
T 5  -4725 4199 10  87
T 5  -3780 4199 65  277
T 5  -228 221 66  88
T 6  21 4199 390  89
T 6  -12 4199 7735  278
T 6  -7 221 78  91
T 6  6 221 91  279
T 6  150 4199 10  93
T 6  120 4199 65  280
T 6  6 221 66  94
ROW 5 2 29
T 1  -5355 16 33  51
T 2  -95 4 231  52
T 2  2975 8 33  53
T 3  7875 1144 770  54
T 3  -2205 104 130  97
T 3  190 13 231  55
T 3  -2975 22 33  56
T 4  4347 442 7  57
T 4  483 221 39  100
T 4  -23625 9724 770  59
T 4  6615 884 130  102
T 4  -38 13 231  60
T 4  2975 143 33  61
T 5  300 4199 91  62
T 5  900 4199 442  105
T 5  -414 221 7  64
T 5  -92 221 39  107
T 5  23625 92378 770  66
T 5  -6615 8398 130  109
T 5  152 663 231  67
T 5  -595 429 33  68
T 6  -24 4199 91  69
T 6  -72 4199 442  112
T 6  18 221 7  71
T 6  4 221 39  114
T 6  -375 46189 770  73
T 6  105 4199 130  116
T 6  -4 663 231  74
T 6  14 429 33  75
ROW 5 3 25
T 1  5355 16 33  29
T 2  -95 4 231  30
T 2  -2975 8 33  31
T 3  -630 143 2310  32
T 3  190 13 231  33
T 3  2975 22 33  34
T 4  -5313 442 2  35
T 4  -483 442 221  80
T 4  3780 2431 2310  36
T 4  -38 13 231  37
T 4  -2975 143 33  38
T 5  -225 4199 39  39
T 5  225 4199 12597  84
T 5  506 221 2  41
T 5  46 221 221  86
T 5  -7560 46189 2310  42
T 5  152 663 231  43
T 5  595 429 33  44
T 6  18 4199 39  45
T 6  -18 4199 12597  90
T 6  -22 221 2  47
T 6  -2 221 221  92
T 6  240 46189 2310  48
T 6  -4 663 231  49
T 6  -14 429 33  50
ROW 5 4 26
T 0  -14175 64 110  0
T 1  8505 16 110  2
T 2  855 8 66  3
T 2  -6075 16 110  5
T 3  315 52 770  6
T 3  -855 13 66  7
T 3  225 2 110  9
T 4  1449 748 22  10
T 4  -1449 442 221  58
T 4  -945 442 770  11
T 4  171 13 66  12
T 4  -675 44 110  14
T 5  150 4199 15  15
T 5  150 4199 41990  63
T 5  -69 187 22  17
T 5  138 221 221  65
T 5  945 4199 770  18
T 5  -228 221 66  19
T 5  135 143 110  21
T 6  -12 4199 15  22
T 6  -12 4199 41990  70
T 6  3 187 22  24
T 6  -6 221 221  72
T 6  -30 4199 770  25
T 6  6 221 66  26
T 6  -3 143 110  28
ROW 5 5 29
T 0  -14175 32 11  245
T 1  -16065 16 11  246
T 1  8505 8 11  247
T 2  -1425 4 11  248
T 2  8925 8 11  249
T 2  -6075 8 11  250
T 3  -11025 286 11  251
T 3  2850 13 11  252
T 3  -8925 22 11  253
T 3  225 1 11  254
T 4  -7245 4862 11  255
T 4  33075 2431 11  256
T 4  -570 13 11  257
T 4  8925 143 11  258
T 4  -675 22 11  259
T 5  -75 4199 11  260
T 5  75 4199 176358  40
T 5  690 2431 11  261
T 5  -66150 46189 11  262
T 5  760 221 11  263
T 5  -595 143 11  264
T 5  270 143 11  265
T 6  6 4199 11  266
T 6  -6 4199 176358  46
T 6  -30 2431 11  267
T 6  2100 46189 11  268
T 6  -20 221 11  269
T 6  14 143 11  270
T 6  -6 143 11  271
ROW 6 -5 29
T 0  14175 32 33  216
T 1  16065 32 22  217
T 1  -8505 8 33  218
T 2  285 4 55  219
T 2  -8925 16 22  220
T 2  6075 8 33  221
T 3  1575 572 231  222
T 3  -570 13 55  223
T 3  8925 44 22  224
T 3  -225 1 33  225
T 4  483 4862 165  226
T 4  -4725 4862 231  227
T 4  114 13 55  228
T 4  -8925 286 22  229
T 4  675 22 33  230
T 5  75 4199 323323  231
T 5  75 8398 2  232
T 5  -46 2431 165  233
T 5  4725 46189 231  234
T 5  -152 221 55  235
T 5  595 286 22  236
T 5  -270 143 33  237
T 6  -6 4199 323323  238
T 6  -3 4199 2  239
T 6  2 2431 165  240
T 6  -150 46189 231  241
T 6  4 221 55  242
T 6  -7 143 22  243
T 6  6 143 33  244
ROW 6 -4 22
T 1  -16065 32 22  194
T 2  -285 4 154  195
T 2  8925 16 22  196
T 3  -2835 572 385  197
T 3  570 13 154  198
T 3  -8925 44 22  199
T 4  -483 221 3  200
T 4  8505 4862 385  201
T 4  -114 13 154  202
T 4  8925 286 22  203
T 5  75 4199 146965  204
T 5  -75 8398 26  205
T 5  92 221 3  206
T 5  -8505 46189 385  207
T 5  152 221 154  208
T 5  -595 286 22  209
T 6  -6 4199 146965  210
T 6  3 4199 26  211
T 6  -4 221 3  212
T 6  270 46189 385  213
T 6  -4 221 154  214
T 6  7 143 22  215
ROW 6 -3 25
T 1  5355 32 66  169
T 2  95 2 462  170
T 2  -2975 16 66  171
T 3  4725 572 385  172
T 3  -380 13 462  173
T 3  2975 44 66  174
T 4  483 442 1326  175
T 4  483 221 14  176
T 4  -14175 4862 385  177
T 4  76 13 462  178
T 4  -2975 286 66  179
T 5  75 4199 62985  180
T 5  75 8398 182  181
T 5  -46 221 1326  182
T 5  -92 221 14  183
T 5  14175 46189 385  184
T 5  -304 663 462  185
T 5  595 858 66  186
T 6  -6 4199 62985  187
T 6  -3 4199 182  188
T 6  2 221 1326  189
T 6  4 221 14  190
T 6  -450 46189 385  191
T 6  8 663 462  192
T 6  -7 429 66  193
ROW 6 -2 19
T 2  -285 4 154  150
T 3  -1575 104 210  151
T 3  570 13 154  152
T 4  483 221 442  153
T 4  -483 442 182  154
T 4  4725 884 210  155
T 4  -114 13 154  156
T 5  75 4199 25194  157
T 5  -75 8398 910  158
T 5  -92 221 442  159
T 5  46 221 182  160
T 5  -4725 8398 210  161
T 5  152 221 154  162
T 6  -6 4199 25194  163
T 6  3 4199 910  164
T 6  4 221 442  165
T 6  -2 221 182  166
T 6  75 4199 210  167
T 6  -4 221 154  168
ROW 6 -1 23
T 2  285 4 55  127
T 3  315 104 2730  128
T 3  4725 104 30  129
T 3  -570 13 55  130
T 4  966 221 91  131
T 4  483 442 455  132
T 4  -945 884 2730  133
T 4  -14175 884 30  134
T 4  114 13 55  135
T 5  75 4199 9282  136
T 5  75 4199 910  137
T 5  -184 221 91  138
T 5  -46 221 455  139
T 5  945 8398 2730  140
T 5  14175 8398 30  141
T 5  -152 221 55  142
T 6  -6 4199 9282  143
T 6  -6 4199 910  144
T 6  8 221 91  145
T 6  2 221 455  146
T 6  -15 4199 2730  147
T 6  -225 4199 30  148
T 6  4 221 55  149
ROW 6 0 9
T 3  4725 52 13  272
T 4  483 221 455  273
T 4  -14175 442 13  274
T 5  150 4199 1547  275
T 5  -92 221 455  276
T 5  14175 4199 13  277
T 6  -12 4199 1547  278
T 6  4 221 455  279
T 6  -450 4199 13  280
ROW 6 1 23
T 2  -285 4 55  95
T 3  -4725 104 30  96
T 3  315 104 2730  97
T 3  570 13 55  98
T 4  -483 442 455  99
T 4  966 221 91  100
T 4  14175 884 30  101
T 4  -945 884 2730  102
T 4  -114 13 55  103
T 5  -75 4199 910  104
T 5  75 4199 9282  105
T 5  46 221 455  106
T 5  -184 221 91  107
T 5  -14175 8398 30  108
T 5  945 8398 2730  109
T 5  152 221 55  110
T 6  6 4199 910  111
T 6  -6 4199 9282  112
T 6  -2 221 455  113
T 6  8 221 91  114
T 6  225 4199 30  115
T 6  -15 4199 2730  116
T 6  -4 221 55  117
ROW 6 2 19
T 2  285 4 154  76
T 3  1575 104 210  77
T 3  -570 13 154  78
T 4  483 442 182  79
T 4  483 221 442  80
T 4  -4725 884 210  81
T 4  114 13 154  82
T 5  75 8398 910  83
T 5  75 4199 25194  84
T 5  -46 221 182  85
T 5  -92 221 442  86
T 5  4725 8398 210  87
T 5  -152 221 154  88
T 6  -3 4199 910  89
T 6  -6 4199 25194  90
T 6  2 221 182  91
T 6  4 221 442  92
T 6  -75 4199 210  93
T 6  4 221 154  94
ROW 6 3 25
T 1  -5355 32 66  51
T 2  -95 2 462  52
T 2  2975 16 66  53
T 3  -4725 572 385  54
T 3  380 13 462  55
T 3  -2975 44 66  56
T 4  -483 221 14  57
T 4  483 442 1326  58
T 4  14175 4862 385  59
T 4  -76 13 462  60
T 4  2975 286 66  61
T 5  -75 8398 182  62
T 5  75 4199 62985  63
T 5  92 221 14  64
T 5  -46 221 1326  65
T 5  -14175 46189 385  66
T 5  304 663 462  67
T 5  -595 858 66  68
T 6  3 4199 182  69
T 6  -6 4199 62985  70
T 6  -4 221 14  71
T 6  2 221 1326  72
T 6  450 46189 385  73
T 6  -8 663 462  74
T 6  7 429 66  75
ROW 6 4 22
T 1  16065 32 22  29
T 2  285 4 154  30
T 2  -8925 16 22  31
T 3  2835 572 385  32
T 3  -570 13 154  33
T 3  8925 44 22  34
T 4  483 221 3  35
T 4  -8505 4862 385  36
T 4  114 13 154  37
T 4  -8925 286 22  38
T 5  75 8398 26  39
T 5  75 4199 146965  40
T 5  -92 221 3  41
T 5  8505 46189 385  42
T 5  -152 221 154  43
T 5  595 286 22  44
T 6  -3 4199 26  45
T 6  -6 4199 146965  46
T 6  4 221 3  47
T 6  -270 46189 385  48
T 6  4 221 154  49
T 6  -7 143 22  50
ROW 6 5 29
T 0  -14175 32 33  0
T 1  -16065 32 22  1
T 1  8505 8 33  2
T 2  -285 4 55  3
T 2  8925 16 22  4
T 2  -6075 8 33  5
T 3  -1575 572 231  6
T 3  570 13 55  7
T 3  -8925 44 22  8
T 3  225 1 33  9
T 4  -483 4862 165  10
T 4  4725 4862 231  11
T 4  -114 13 55  12
T 4  8925 286 22  13
T 4  -675 22 33  14
T 5  -75 8398 2  15
T 5  75 4199 323323  16
T 5  46 2431 165  17
T 5  -4725 46189 231  18
T 5  152 221 55  19
T 5  -595 286 22  20
T 5  270 143 33  21
T 6  3 4199 2  22
T 6  -6 4199 323323  23
T 6  -2 2431 165  24
T 6  150 46189 231  25
T 6  -4 221 55  26
T 6  7 143 22  27
T 6  -6 143 33  28
