FORMAT 1
KERNEL T
SOURCE (s|S|s)
SHELLS 2 3

# E <id> <alpha> <beta> <mu> <p>
E 0 1 0 1 -3
E 1 1 0 2 -3
E 2 1 0 3 -3
E 3 1 0 4 -3

# G <id> <2k> <L> <M>
G 0 0 1 1
G 1 0 3 1
G 2 2 1 1
G 3 0 5 1
G 4 0 5 5
G 5 2 3 1
G 6 4 1 1
G 7 2 5 1
G 8 2 5 5
G 9 4 3 1
G 10 6 1 1
G 11 0 1 0
G 12 0 3 0
G 13 2 1 0
G 14 0 5 0
G 15 0 5 4
G 16 2 3 0
G 17 4 1 0
G 18 2 5 0
G 19 2 5 4
G 20 4 3 0
G 21 6 1 0
G 22 0 3 3
G 23 0 5 3
G 24 2 3 3
G 25 2 5 3
G 26 4 3 3
G 27 0 3 -2
G 28 0 5 -2
G 29 2 3 -2
G 30 2 5 -2
G 31 4 3 -2
G 32 0 1 -1
G 33 0 3 -3
G 34 0 3 -1
G 35 2 1 -1
G 36 0 5 -3
G 37 0 5 -1
G 38 2 3 -3
G 39 2 3 -1
G 40 4 1 -1
G 41 2 5 -3
G 42 2 5 -1
G 43 4 3 -3
G 44 4 3 -1
G 45 6 1 -1
G 46 0 5 -4
G 47 2 5 -4
G 48 0 5 -5
G 49 2 5 -5
G 50 0 3 2
G 51 0 5 2
G 52 2 3 2
G 53 2 5 2
G 54 4 3 2

# TABLE <l> <l'> <rows> [SYMMETRIC]
# ROW <m> <m'> <terms>
# T <prefactor> <num> <den> <radicand> <geometry>

TABLE 2 3 35
ROW -2 -3 11
T 0  27 8 30  0
T 1  33 10 5  1
T 1  -81 20 30  2
T 2  13 42 2  3
T 2  -13 21 105  4
T 2  -22 15 5  5
T 2  81 70 30  6
T 3  -1 21 2  7
T 3  2 21 105  8
T 3  2 15 5  9
T 3  -3 35 30  10
ROW -2 -2 11
T 0  27 4 5  11
T 1  33 5 5  12
T 1  -81 10 5  13
T 2  13 21 5  14
T 2  -13 7 7  15
T 2  -44 15 5  16
T 2  81 35 5  17
T 3  -2 21 5  18
T 3  2 7 7  19
T 3  4 15 5  20
T 3  -6 35 5  21
ROW -2 -1 14
T 0  -27 8 2  0
T 1  -33 5 3  1
T 1  -33 10 5  22
T 1  81 20 2  2
T 2  -13 42 30  3
T 2  -13 21 35  23
T 2  44 15 3  5
T 2  22 15 5  24
T 2  -81 70 2  6
T 3  1 21 30  7
T 3  2 21 35  25
T 3  -4 15 3  9
T 3  -2 15 5  26
T 3  3 35 2  10
ROW -2 0 5
T 1  33 5 5  27
T 2  13 21 35  28
T 2  -44 15 5  29
T 3  -2 21 35  30
T 3  4 15 5  31
ROW -2 1 14
T 0  -27 8 2  32
T 1  33 10 5  33
T 1  -33 5 3  34
T 1  81 20 2  35
T 2  13 21 35  36
T 2  -13 42 30  37
T 2  -22 15 5  38
T 2  44 15 3  39
T 2  -81 70 2  40
T 3  -2 21 35  41
T 3  1 21 30  42
T 3  2 15 5  43
T 3  -4 15 3  44
T 3  3 35 2  45
ROW -2 2 2
T 2  13 7 7  46
T 3  -2 7 7  47
ROW -2 3 11
T 0  -27 8 30  32
T 1  -33 10 5  34
T 1  81 20 30  35
T 2  13 21 105  48
T 2  -13 42 2  37
T 2  22 15 5  39
T 2  -81 70 30  40
T 3  -2 21 105  49
T 3  1 21 2  42
T 3  -2 15 5  44
T 3  3 35 30  45
ROW -1 -3 7
T 1  -33 4 2  50
T 2  -13 42 14  51
T 2  -13 21 42  15
T 2  11 3 2  52
T 3  1 21 14  53
T 3  2 21 42  19
T 3  -1 3 2  54
ROW -1 -2 14
T 0  27 4 5  0
T 1  -33 20 30  1
T 1  33 4 2  22
T 1  -81 10 5  2
T 2  -26 21 3  3
T 2  -26 21 14  23
T 2  11 15 30  5
T 2  -11 3 2  24
T 2  81 35 5  6
T 3  4 21 3  7
T 3  4 21 14  25
T 3  -1 15 30  9
T 3  1 3 2  26
T 3  -6 35 5  10
ROW -1 -1 14
T 0  27 2 2  11
T 1  -33 10 2  12
T 1  33 20 30  50
T 1  -81 5 2  13
T 2  -65 21 2  14
T 2  -13 42 210  51
T 2  22 15 2  16
T 2  -11 15 30  52
T 2  162 35 2  17
T 3  10 21 2  18
T 3  1 21 210  53
T 3  -2 15 2  20
T 3  1 15 30  54
T 3  -12 35 2  21
ROW -1 0 9
T 0  -27 4 3  32
T 1  -33 10 2  34
T 1  81 10 3  35
T 2  52 21 5  37
T 2  22 15 2  39
T 2  -81 35 3  40
T 3  -8 21 5  42
T 3  -2 15 2  44
T 3  6 35 3  45
ROW -1 1 5
T 1  -33 20 30  27
T 2  13 42 210  28
T 2  11 15 30  29
T 3  -1 21 210  30
T 3  -1 15 30  31
ROW -1 2 14
T 0  -27 4 5  32
T 1  -33 4 2  33
T 1  33 20 30  34
T 1  81 10 5  35
T 2  26 21 14  36
T 2  26 21 3  37
T 2  11 3 2  38
T 2  -11 15 30  39
T 2  -81 35 5  40
T 3  -4 21 14  41
T 3  -4 21 3  42
T 3  -1 3 2  43
T 3  1 15 30  44
T 3  6 35 5  45
ROW -1 3 7
T 1  33 4 2  27
T 2  13 21 42  46
T 2  13 42 14  28
T 2  -11 3 2  29
T 3  -2 21 42  47
T 3  -1 21 14  30
T 3  1 3 2  31
ROW 0 -3 5
T 1  33 2 1  33
T 2  26 21 7  36
T 2  -22 3 1  38
T 3  -4 21 7  41
T 3  2 3 1  43
ROW 0 -2 2
T 2  13 7 7  28
T 3  -2 7 7  30
ROW 0 -1 9
T 0  27 4 6  32
T 1  -99 10 1  34
T 1  -81 10 6  35
T 2  13 7 10  37
T 2  22 5 1  39
T 2  81 35 6  40
T 3  -2 7 10  42
T 3  -2 5 1  44
T 3  -6 35 6  45
ROW 0 0 9
T 0  81 4 1  11
T 1  -66 5 1  12
T 1  -243 10 1  13
T 2  130 21 1  14
T 2  88 15 1  16
T 2  243 35 1  17
T 3  -20 21 1  18
T 3  -8 15 1  20
T 3  -18 35 1  21
ROW 0 1 9
T 0  27 4 6  0
T 1  -99 10 1  1
T 1  -81 10 6  2
T 2  13 7 10  3
T 2  22 5 1  5
T 2  81 35 6  6
T 3  -2 7 10  7
T 3  -2 5 1  9
T 3  -6 35 6  10
ROW 0 2 2
T 2  13 7 7  51
T 3  -2 7 7  53
ROW 0 3 5
T 1  33 2 1  22
T 2  26 21 7  23
T 2  -22 3 1  24
T 3  -4 21 7  25
T 3  2 3 1  26
ROW 1 -3 7
T 1  -33 4 2  27
T 2  13 21 42  46
T 2  -13 42 14  28
T 2  11 3 2  29
T 3  -2 21 42  47
T 3  1 21 14  30
T 3  -1 3 2  31
ROW 1 -2 14
T 0  27 4 5  32
T 1  -33 4 2  33
T 1  -33 20 30  34
T 1  -81 10 5  35
T 2  26 21 14  36
T 2  -26 21 3  37
T 2  11 3 2  38
T 2  11 15 30  39
T 2  81 35 5  40
T 3  -4 21 14  41
T 3  4 21 3  42
T 3  -1 3 2  43
T 3  -1 15 30  44
T 3  -6 35 5  45
ROW 1 -1 5
T 1  -33 20 30  27
T 2  13 42 210  28
T 2  11 15 30  29
T 3  -1 21 210  30
T 3  -1 15 30  31
ROW 1 0 9
T 0  -27 4 3  0
T 1  -33 10 2  1
T 1  81 10 3  2
T 2  52 21 5  3
T 2  22 15 2  5
T 2  -81 35 3  6
T 3  -8 21 5  7
T 3  -2 15 2  9
T 3  6 35 3  10
ROW 1 1 14
T 0  27 2 2  11
T 1  -33 10 2  12
T 1  -33 20 30  50
T 1  -81 5 2  13
T 2  -65 21 2  14
T 2  13 42 210  51
T 2  22 15 2  16
T 2  11 15 30  52
T 2  162 35 2  17
T 3  10 21 2  18
T 3  -1 21 210  53
T 3  -2 15 2  20
T 3  -1 15 30  54
T 3  -12 35 2  21
ROW 1 2 14
T 0  27 4 5  0
T 1  -33 20 30  1
T 1  -33 4 2  22
T 1  -81 10 5  2
T 2  -26 21 3  3
T 2  26 21 14  23
T 2  11 15 30  5
T 2  11 3 2  24
T 2  81 35 5  6
T 3  4 21 3  7
T 3  -4 21 14  25
T 3  -1 15 30  9
T 3  -1 3 2  26
T 3  -6 35 5  10
ROW 1 3 7
T 1  -33 4 2  50
T 2  -13 42 14  51
T 2  13 21 42  15
T 2  11 3 2  52
T 3  1 21 14  53
T 3  -2 21 42  19
T 3  -1 3 2  54
ROW 2 -3 11
T 0  27 8 30  32
T 1  33 10 5  34
T 1  -81 20 30  35
T 2  13 21 105  48
T 2  13 42 2  37
T 2  -22 15 5  39
T 2  81 70 30  40
T 3  -2 21 105  49
T 3  -1 21 2  42
T 3  2 15 5  44
T 3  -3 35 30  45
ROW 2 -2 2
T 2  13 7 7  46
T 3  -2 7 7  47
ROW 2 -1 14
T 0  27 8 2  32
T 1  33 10 5  33
T 1  33 5 3  34
T 1  -81 20 2  35
T 2  13 21 35  36
T 2  13 42 30  37
T 2  -22 15 5  38
T 2  -44 15 3  39
T 2  81 70 2  40
T 3  -2 21 35  41
T 3  -1 21 30  42
T 3  2 15 5  43
T 3  4 15 3  44
T 3  -3 35 2  45
ROW 2 0 5
T 1  33 5 5  50
T 2  13 21 35  51
T 2  -44 15 5  52
T 3  -2 21 35  53
T 3  4 15 5  54
ROW 2 1 14
T 0  -27 8 2  0
T 1  -33 5 3  1
T 1  33 10 5  22
T 1  81 20 2  2
T 2  -13 42 30  3
T 2  13 21 35  23
T 2  44 15 3  5
T 2  -22 15 5  24
T 2  -81 70 2  6
T 3  1 21 30  7
T 3  -2 21 35  25
T 3  -4 15 3  9
T 3  2 15 5  26
T 3  3 35 2  10
ROW 2 2 11
T 0  27 4 5  11
T 1  33 5 5  12
T 1  -81 10 5  13
T 2  13 21 5  14
T 2  13 7 7  15
T 2  -44 15 5  16
T 2  81 35 5  17
T 3  -2 21 5  18
T 3  -2 7 7  19
T 3  4 15 5  20
T 3  -6 35 5  21
ROW 2 3 11
T 0  27 8 30  0
T 1  33 10 5  1
T 1  -81 20 30  2
T 2  13 42 2  3
T 2  13 21 105  4
T 2  -22 15 5  5
T 2  81 70 30  6
T 3  -1 21 2  7
T 3  -2 21 105  8
T 3  2 15 5  9
T 3  -3 35 30  10
