FORMAT 1
KERNEL T
SOURCE (s|S|s)
SHELLS 5 4

# E <id> <alpha> <beta> <mu> <p>
E 0 0 1 1 -5
E 1 0 1 2 -5
E 2 0 1 3 -5
E 3 0 1 4 -5
E 4 0 1 5 -5
E 5 0 1 6 -5

# G <id> <2k> <L> <M>
G 0 0 1 1
G 1 0 3 1
G 2 2 1 1
G 3 0 5 1
G 4 2 3 1
G 5 4 1 1
G 6 0 7 1
G 7 2 5 1
G 8 4 3 1
G 9 6 1 1
G 10 0 9 1
G 11 0 9 9
G 12 2 7 1
G 13 4 5 1
G 14 6 3 1
G 15 8 1 1
G 16 2 9 1
G 17 2 9 9
G 18 4 7 1
G 19 6 5 1
G 20 8 3 1
G 21 10 1 1
G 22 0 3 2
G 23 0 5 2
G 24 2 3 2
G 25 0 7 2
G 26 2 5 2
G 27 4 3 2
G 28 0 9 2
G 29 0 9 8
G 30 2 7 2
G 31 4 5 2
G 32 6 3 2
G 33 2 9 2
G 34 2 9 8
G 35 4 7 2
G 36 6 5 2
G 37 8 3 2
G 38 0 3 3
G 39 0 5 3
G 40 2 3 3
G 41 0 7 3
G 42 0 7 7
G 43 2 5 3
G 44 4 3 3
G 45 0 9 3
G 46 0 9 7
G 47 2 7 3
G 48 2 7 7
G 49 4 5 3
G 50 6 3 3
G 51 2 9 3
G 52 2 9 7
G 53 4 7 3
G 54 4 7 7
G 55 6 5 3
G 56 8 3 3
G 57 0 5 4
G 58 0 7 4
G 59 0 7 6
G 60 2 5 4
G 61 0 9 4
G 62 0 9 6
G 63 2 7 4
G 64 2 7 6
G 65 4 5 4
G 66 2 9 4
G 67 2 9 6
G 68 4 7 4
G 69 4 7 6
G 70 6 5 4
G 71 0 5 -5
G 72 0 7 -5
G 73 2 5 -5
G 74 0 9 -5
G 75 2 7 -5
G 76 4 5 -5
G 77 2 9 -5
G 78 4 7 -5
G 79 6 5 -5
G 80 0 5 -4
G 81 0 7 -6
G 82 0 7 -4
G 83 2 5 -4
G 84 0 9 -6
G 85 0 9 -4
G 86 2 7 -6
G 87 2 7 -4
G 88 4 5 -4
G 89 2 9 -6
G 90 2 9 -4
G 91 4 7 -6
G 92 4 7 -4
G 93 6 5 -4
G 94 0 3 -3
G 95 0 5 -3
G 96 2 3 -3
G 97 0 7 -7
G 98 0 7 -3
G 99 2 5 -3
G 100 4 3 -3
G 101 0 9 -7
G 102 0 9 -3
G 103 2 7 -7
G 104 2 7 -3
G 105 4 5 -3
G 106 6 3 -3
G 107 2 9 -7
G 108 2 9 -3
G 109 4 7 -7
G 110 4 7 -3
G 111 6 5 -3
G 112 8 3 -3
G 113 0 3 -2
G 114 0 5 -2
G 115 2 3 -2
G 116 0 7 -2
G 117 2 5 -2
G 118 4 3 -2
G 119 0 9 -8
G 120 0 9 -2
G 121 2 7 -2
G 122 4 5 -2
G 123 6 3 -2
G 124 2 9 -8
G 125 2 9 -2
G 126 4 7 -2
G 127 6 5 -2
G 128 8 3 -2
G 129 0 1 -1
G 130 0 3 -1
G 131 2 1 -1
G 132 0 5 -1
G 133 2 3 -1
G 134 4 1 -1
G 135 0 7 -1
G 136 2 5 -1
G 137 4 3 -1
G 138 6 1 -1
G 139 0 9 -9
G 140 0 9 -1
G 141 2 7 -1
G 142 4 5 -1
G 143 6 3 -1
G 144 8 1 -1
G 145 2 9 -9
G 146 2 9 -1
G 147 4 7 -1
G 148 6 5 -1
G 149 8 3 -1
G 150 10 1 -1
G 151 0 1 0
G 152 0 3 0
G 153 2 1 0
G 154 0 5 0
G 155 2 3 0
G 156 4 1 0
G 157 0 7 0
G 158 2 5 0
G 159 4 3 0
G 160 6 1 0
G 161 0 9 0
G 162 2 7 0
G 163 4 5 0
G 164 6 3 0
G 165 8 1 0
G 166 2 9 0
G 167 4 7 0
G 168 6 5 0
G 169 8 3 0
G 170 10 1 0
G 171 0 5 5
G 172 0 7 5
G 173 2 5 5
G 174 0 9 5
G 175 2 7 5
G 176 4 5 5
G 177 2 9 5
G 178 4 7 5
G 179 6 5 5

# TABLE <l> <l'> <rows> [SYMMETRIC]
# ROW <m> <m'> <terms>
# T <prefactor> <num> <den> <radicand> <geometry>

TABLE 5 4 99
ROW -5 -4 22
T 0  -4095 32 10  0
T 1  -315 4 15  1
T 1  4095 16 10  2
T 2  -85 4 6  3
T 2  70 1 15  4
T 2  -585 4 10  5
T 3  -95 286 70  6
T 3  255 26 6  7
T 3  -210 11 15  8
T 3  65 2 10  9
T 4  -147 4862 2  10
T 4  441 2431 2431  11
T 4  190 2431 70  12
T 4  -17 13 6  13
T 4  280 143 15  14
T 4  -65 22 10  15
T 5  7 2431 2  16
T 5  -42 2431 2431  17
T 5  -10 2431 70  18
T 5  2 39 6  19
T 5  -28 429 15  20
T 5  1 11 10  21
ROW -5 -3 16
T 1  1575 8 3  22
T 2  85 4 21  23
T 2  -175 1 3  24
T 3  285 572 210  25
T 3  -255 26 21  26
T 3  525 11 3  27
T 4  147 4862 22  28
T 4  294 2431 2431  29
T 4  -285 2431 210  30
T 4  17 13 21  31
T 4  -700 143 3  32
T 5  -7 2431 22  33
T 5  -28 2431 2431  34
T 5  15 2431 210  35
T 5  -2 39 21  36
T 5  70 429 3  37
ROW -5 -2 19
T 1  -675 8 7  38
T 2  -255 2 1  39
T 2  75 1 7  40
T 3  -1425 572 30  41
T 3  95 572 30030  42
T 3  765 13 1  43
T 3  -225 11 7  44
T 4  -147 2431 33  45
T 4  294 2431 1001  46
T 4  1425 2431 30  47
T 4  -95 2431 30030  48
T 4  -102 13 1  49
T 4  300 143 7  50
T 5  14 2431 33  51
T 5  -28 2431 1001  52
T 5  -75 2431 30  53
T 5  5 2431 30030  54
T 5  4 13 1  55
T 5  -10 143 7  56
ROW -5 -1 14
T 2  255 2 1  57
T 3  475 286 165  58
T 3  285 572 4290  59
T 3  -765 13 1  60
T 4  147 2431 143  61
T 4  147 4862 6006  62
T 4  -950 2431 165  63
T 4  -285 2431 4290  64
T 4  102 13 1  65
T 5  -14 2431 143  66
T 5  -7 2431 6006  67
T 5  50 2431 165  68
T 5  15 2431 4290  69
T 5  -4 13 1  70
ROW -5 0 9
T 2  -255 2 1  71
T 3  -1425 286 66  72
T 3  765 13 1  73
T 4  -147 2431 1001  74
T 4  2850 2431 66  75
T 4  -102 13 1  76
T 5  14 2431 1001  77
T 5  -150 2431 66  78
T 5  4 13 1  79
ROW -5 1 14
T 2  255 2 1  80
T 3  -285 572 4290  81
T 3  475 286 165  82
T 3  -765 13 1  83
T 4  -147 4862 6006  84
T 4  147 2431 143  85
T 4  285 2431 4290  86
T 4  -950 2431 165  87
T 4  102 13 1  88
T 5  7 2431 6006  89
T 5  -14 2431 143  90
T 5  -15 2431 4290  91
T 5  50 2431 165  92
T 5  -4 13 1  93
ROW -5 2 19
T 1  -675 8 7  94
T 2  -255 2 1  95
T 2  75 1 7  96
T 3  -95 572 30030  97
T 3  -1425 572 30  98
T 3  765 13 1  99
T 3  -225 11 7  100
T 4  -294 2431 1001  101
T 4  -147 2431 33  102
T 4  95 2431 30030  103
T 4  1425 2431 30  104
T 4  -102 13 1  105
T 4  300 143 7  106
T 5  28 2431 1001  107
T 5  14 2431 33  108
T 5  -5 2431 30030  109
T 5  -75 2431 30  110
T 5  4 13 1  111
T 5  -10 143 7  112
ROW -5 3 16
T 1  1575 8 3  113
T 2  85 4 21  114
T 2  -175 1 3  115
T 3  285 572 210  116
T 3  -255 26 21  117
T 3  525 11 3  118
T 4  -294 2431 2431  119
T 4  147 4862 22  120
T 4  -285 2431 210  121
T 4  17 13 21  122
T 4  -700 143 3  123
T 5  28 2431 2431  124
T 5  -7 2431 22  125
T 5  15 2431 210  126
T 5  -2 39 21  127
T 5  70 429 3  128
ROW -5 4 22
T 0  -4095 32 10  129
T 1  -315 4 15  130
T 1  4095 16 10  131
T 2  -85 4 6  132
T 2  70 1 15  133
T 2  -585 4 10  134
T 3  -95 286 70  135
T 3  255 26 6  136
T 3  -210 11 15  137
T 3  65 2 10  138
T 4  -441 2431 2431  139
T 4  -147 4862 2  140
T 4  190 2431 70  141
T 4  -17 13 6  142
T 4  280 143 15  143
T 4  -65 22 10  144
T 5  42 2431 2431  145
T 5  7 2431 2  146
T 5  -10 2431 70  147
T 5  2 39 6  148
T 5  -28 429 15  149
T 5  1 11 10  150
ROW -4 -4 22
T 0  -4095 16 1  151
T 1  -945 2 1  152
T 1  4095 8 1  153
T 2  -255 2 1  154
T 2  420 1 1  155
T 2  -585 2 1  156
T 3  -1330 143 1  157
T 3  765 13 1  158
T 3  -1260 11 1  159
T 3  65 1 1  160
T 4  -441 2431 1  161
T 4  147 2431 12155  29
T 4  5320 2431 1  162
T 4  -102 13 1  163
T 4  1680 143 1  164
T 4  -65 11 1  165
T 5  42 2431 1  166
T 5  -14 2431 12155  34
T 5  -280 2431 1  167
T 5  4 13 1  168
T 5  -56 143 1  169
T 5  2 11 1  170
ROW -4 -3 25
T 0  -4095 16 2  0
T 1  315 8 3  1
T 1  4095 8 2  2
T 2  85 4 30  3
T 2  -35 1 3  4
T 2  -585 2 2  5
T 3  2185 572 14  6
T 3  -665 572 858  42
T 3  -255 26 30  7
T 3  105 11 3  8
T 3  65 1 2  9
T 4  294 2431 10  10
T 4  588 2431 715  46
T 4  -2185 2431 14  12
T 4  665 2431 858  48
T 4  17 13 30  13
T 4  -140 143 3  14
T 4  -65 11 2  15
T 5  -28 2431 10  16
T 5  -56 2431 715  52
T 5  115 2431 14  18
T 5  -35 2431 858  54
T 5  -2 39 30  19
T 5  14 429 3  20
T 5  2 11 2  21
ROW -4 -2 19
T 1  45 2 105  22
T 2  -85 4 15  23
T 2  -20 1 105  24
T 3  -2565 286 6  25
T 3  -95 286 858  59
T 3  255 26 15  26
T 3  60 11 105  27
T 4  -147 4862 770  28
T 4  147 4862 30030  62
T 4  5130 2431 6  30
T 4  190 2431 858  64
T 4  -17 13 15  31
T 4  -80 143 105  32
T 5  7 2431 770  33
T 5  -7 2431 30030  67
T 5  -270 2431 6  35
T 5  -10 2431 858  69
T 5  2 39 15  36
T 5  8 429 105  37
ROW -4 -1 19
T 1  -405 8 35  38
T 2  -255 2 1  171
T 2  45 1 35  40
T 3  475 44 6  41
T 3  855 572 66  172
T 3  765 13 1  173
T 3  -135 11 35  44
T 4  294 2431 165  45
T 4  294 2431 1001  174
T 4  -475 187 6  47
T 4  -855 2431 66  175
T 4  -102 13 1  176
T 4  180 143 35  50
T 5  -28 2431 165  51
T 5  -28 2431 1001  177
T 5  25 187 6  53
T 5  45 2431 66  178
T 5  4 13 1  179
T 5  -6 143 35  56
ROW -4 0 9
T 2  255 2 1  80
T 3  -380 143 165  82
T 3  -765 13 1  83
T 4  -735 2431 143  85
T 4  1520 2431 165  87
T 4  102 13 1  88
T 5  70 2431 143  90
T 5  -80 2431 165  92
T 5  -4 13 1  93
ROW -4 1 19
T 1  -405 8 35  94
T 2  255 2 1  71
T 2  45 1 35  96
T 3  -855 572 66  72
T 3  475 44 6  98
T 3  -765 13 1  73
T 3  -135 11 35  100
T 4  -294 2431 1001  74
T 4  294 2431 165  102
T 4  855 2431 66  75
T 4  -475 187 6  104
T 4  102 13 1  76
T 4  180 143 35  106
T 5  28 2431 1001  77
T 5  -28 2431 165  108
T 5  -45 2431 66  78
T 5  25 187 6  110
T 5  -4 13 1  79
T 5  -6 143 35  112
ROW -4 2 19
T 1  45 2 105  113
T 2  -85 4 15  114
T 2  -20 1 105  115
T 3  95 286 858  81
T 3  -2565 286 6  116
T 3  255 26 15  117
T 3  60 11 105  118
T 4  -147 4862 30030  84
T 4  -147 4862 770  120
T 4  -190 2431 858  86
T 4  5130 2431 6  121
T 4  -17 13 15  122
T 4  -80 143 105  123
T 5  7 2431 30030  89
T 5  7 2431 770  125
T 5  10 2431 858  91
T 5  -270 2431 6  126
T 5  2 39 15  127
T 5  8 429 105  128
ROW -4 3 25
T 0  -4095 16 2  129
T 1  315 8 3  130
T 1  4095 8 2  131
T 2  85 4 30  132
T 2  -35 1 3  133
T 2  -585 2 2  134
T 3  665 572 858  97
T 3  2185 572 14  135
T 3  -255 26 30  136
T 3  105 11 3  137
T 3  65 1 2  138
T 4  -588 2431 715  101
T 4  294 2431 10  140
T 4  -665 2431 858  103
T 4  -2185 2431 14  141
T 4  17 13 30  142
T 4  -140 143 3  143
T 4  -65 11 2  144
T 5  56 2431 715  107
T 5  -28 2431 10  146
T 5  35 2431 858  109
T 5  115 2431 14  147
T 5  -2 39 30  148
T 5  14 429 3  149
T 5  2 11 2  150
ROW -4 4 2
T 4  -147 2431 12155  119
T 5  14 2431 12155  124
ROW -3 -4 25
T 0  1365 32 2  0
T 1  315 2 3  1
T 1  -1365 16 2  2
T 2  85 4 30  3
T 2  -140 1 3  4
T 2  195 4 2  5
T 3  1330 429 14  6
T 3  665 858 858  42
T 3  -255 26 30  7
T 3  420 11 3  8
T 3  -65 6 2  9
T 4  441 4862 10  10
T 4  441 2431 715  46
T 4  -5320 7293 14  12
T 4  -1330 7293 858  48
T 4  17 13 30  13
T 4  -560 143 3  14
T 4  65 66 2  15
T 5  -21 2431 10  16
T 5  -42 2431 715  52
T 5  280 7293 14  18
T 5  70 7293 858  54
T 5  -2 39 30  19
T 5  56 429 3  20
T 5  -1 33 2  21
ROW -3 -3 25
T 0  -1365 4 1  151
T 1  -945 4 1  152
T 1  1365 2 1  153
T 2  255 2 1  154
T 2  210 1 1  155
T 2  -390 1 1  156
T 3  12635 429 1  157
T 3  -475 1716 6006  59
T 3  -765 13 1  158
T 3  -630 11 1  159
T 3  260 3 1  160
T 4  2646 2431 1  161
T 4  441 4862 4290  62
T 4  -50540 7293 1  162
T 4  475 7293 6006  64
T 4  102 13 1  163
T 4  840 143 1  164
T 4  -260 33 1  165
T 5  -252 2431 1  166
T 5  -21 2431 4290  67
T 5  2660 7293 1  167
T 5  -25 7293 6006  69
T 5  -4 13 1  168
T 5  -28 143 1  169
T 5  8 33 1  170
ROW -3 -2 25
T 0  -1365 16 14  0
T 1  405 8 21  1
T 1  1365 8 14  2
T 2  255 2 1  171
T 2  -45 1 21  4
T 2  -195 2 14  5
T 3  -2375 132 2  6
T 3  -5035 1716 66  172
T 3  -765 13 1  173
T 3  135 11 21  8
T 3  65 3 14  9
T 4  -441 2431 70  10
T 4  441 2431 1001  174
T 4  2375 561 2  12
T 4  5035 7293 66  175
T 4  102 13 1  176
T 4  -180 143 21  14
T 4  -65 33 14  15
T 5  42 2431 70  16
T 5  -42 2431 1001  177
T 5  -125 561 2  18
T 5  -265 7293 66  178
T 5  -4 13 1  179
T 5  6 143 21  20
T 5  2 33 14  21
ROW -3 -1 19
T 1  45 8 105  22
T 2  -85 4 15  23
T 2  -5 1 105  24
T 3  15485 1716 6  25
T 3  -95 66 33  58
T 3  255 26 15  26
T 3  15 11 105  27
T 4  441 4862 770  28
T 4  441 2431 715  61
T 4  -15485 7293 6  30
T 4  190 561 33  63
T 4  -17 13 15  31
T 4  -20 143 105  32
T 5  -21 2431 770  33
T 5  -42 2431 715  66
T 5  815 7293 6  35
T 5  -10 561 33  68
T 5  2 39 15  36
T 5  2 429 105  37
ROW -3 0 14
T 1  -675 4 7  94
T 2  255 2 1  95
T 2  150 1 7  96
T 3  -2185 858 30  98
T 3  -765 13 1  99
T 3  -450 11 7  100
T 4  -2205 2431 33  102
T 4  4370 7293 30  104
T 4  102 13 1  105
T 4  600 143 7  106
T 5  210 2431 33  108
T 5  -230 7293 30  110
T 5  -4 13 1  111
T 5  -20 143 7  112
ROW -3 1 19
T 1  45 8 105  113
T 2  -85 4 15  114
T 2  -5 1 105  115
T 3  95 66 33  82
T 3  15485 1716 6  116
T 3  255 26 15  117
T 3  15 11 105  118
T 4  -441 2431 715  85
T 4  441 4862 770  120
T 4  -190 561 33  87
T 4  -15485 7293 6  121
T 4  -17 13 15  122
T 4  -20 143 105  123
T 5  42 2431 715  90
T 5  -21 2431 770  125
T 5  10 561 33  92
T 5  815 7293 6  126
T 5  2 39 15  127
T 5  2 429 105  128
ROW -3 2 25
T 0  -1365 16 14  129
T 1  405 8 21  130
T 1  1365 8 14  131
T 2  -255 2 1  71
T 2  -45 1 21  133
T 2  -195 2 14  134
T 3  5035 1716 66  72
T 3  -2375 132 2  135
T 3  765 13 1  73
T 3  135 11 21  137
T 3  65 3 14  138
T 4  -441 2431 1001  74
T 4  -441 2431 70  140
T 4  -5035 7293 66  75
T 4  2375 561 2  141
T 4  -102 13 1  76
T 4  -180 143 21  143
T 4  -65 33 14  144
T 5  42 2431 1001  77
T 5  42 2431 70  146
T 5  265 7293 66  78
T 5  -125 561 2  147
T 5  4 13 1  79
T 5  6 143 21  149
T 5  2 33 14  150
ROW -3 3 5
T 3  475 1716 6006  81
T 4  -441 4862 4290  84
T 4  -475 7293 6006  86
T 5  21 2431 4290  89
T 5  25 7293 6006  91
ROW -3 4 25
T 0  -1365 32 2  129
T 1  -315 2 3  130
T 1  1365 16 2  131
T 2  -85 4 30  132
T 2  140 1 3  133
T 2  -195 4 2  134
T 3  -665 858 858  97
T 3  -1330 429 14  135
T 3  255 26 30  136
T 3  -420 11 3  137
T 3  65 6 2  138
T 4  -441 2431 715  101
T 4  -441 4862 10  140
T 4  1330 7293 858  103
T 4  5320 7293 14  141
T 4  -17 13 30  142
T 4  560 143 3  143
T 4  -65 66 2  144
T 5  42 2431 715  107
T 5  21 2431 10  146
T 5  -70 7293 858  109
T 5  -280 7293 14  147
T 5  2 39 30  148
T 5  -56 429 3  149
T 5  1 33 2  150
ROW -2 -4 19
T 1  -315 4 5  22
T 2  -85 4 35  23
T 2  70 1 5  24
T 3  -665 143 14  25
T 3  95 143 2002  59
T 3  255 26 35  26
T 3  -210 11 5  27
T 4  -147 4862 330  28
T 4  441 4862 1430  62
T 4  2660 2431 14  30
T 4  -380 2431 2002  64
T 4  -17 13 35  31
T 4  280 143 5  32
T 5  7 2431 330  33
T 5  -21 2431 1430  67
T 5  -140 2431 14  35
T 5  20 2431 2002  69
T 5  2 39 35  36
T 5  -28 429 5  37
ROW -2 -3 29
T 0  1365 32 6  0
T 1  2205 8 1  1
T 1  -1365 16 6  2
T 2  -85 8 10  3
T 2  -85 4 21  171
T 2  -245 1 1  4
T 2  195 4 6  5
T 3  -3325 858 42  6
T 3  -95 286 154  172
T 3  255 52 10  7
T 3  255 26 21  173
T 3  735 11 1  8
T 3  -65 6 6  9
T 4  -588 2431 30  10
T 4  588 2431 429  174
T 4  6650 7293 42  12
T 4  190 2431 154  175
T 4  -17 26 10  13
T 4  -17 13 21  176
T 4  -980 143 1  14
T 4  65 66 6  15
T 5  56 2431 30  16
T 5  -56 2431 429  177
T 5  -350 7293 42  18
T 5  -10 2431 154  178
T 5  1 39 10  19
T 5  2 39 21  179
T 5  98 429 1  20
T 5  -1 33 6  21
ROW -2 -2 29
T 0  -1365 16 21  151
T 1  45 4 21  152
T 1  1365 8 21  153
T 2  85 4 21  154
T 2  85 4 15  57
T 2  -10 1 21  155
T 2  -195 2 21  156
T 3  -3040 429 21  157
T 3  -950 143 11  58
T 3  -255 26 21  158
T 3  -255 26 15  60
T 3  30 11 21  159
T 3  65 3 21  160
T 4  -1764 2431 21  161
T 4  294 2431 2145  61
T 4  12160 7293 21  162
T 4  3800 2431 11  63
T 4  17 13 21  163
T 4  17 13 15  65
T 4  -40 143 21  164
T 4  -65 33 21  165
T 5  168 2431 21  166
T 5  -28 2431 2145  66
T 5  -640 7293 21  167
T 5  -200 2431 11  68
T 5  -2 39 21  168
T 5  -2 39 15  70
T 5  4 429 21  169
T 5  2 33 21  170
ROW -2 -1 34
T 0  -1365 32 42  0
T 1  90 1 7  1
T 1  -225 8 105  38
T 1  1365 16 42  2
T 2  -85 8 70  3
T 2  85 4 15  39
T 2  -80 1 7  4
T 2  25 1 105  40
T 2  -195 4 42  5
T 3  3895 858 6  6
T 3  -4085 286 2  41
T 3  255 52 70  7
T 3  -255 26 15  43
T 3  240 11 7  8
T 3  -75 11 105  44
T 3  65 6 42  9
T 4  588 2431 210  10
T 4  1764 2431 55  45
T 4  -7790 7293 6  12
T 4  8170 2431 2  47
T 4  -17 26 70  13
T 4  17 13 15  49
T 4  -320 143 7  14
T 4  100 143 105  50
T 4  -65 66 42  15
T 5  -56 2431 210  16
T 5  -168 2431 55  51
T 5  410 7293 6  18
T 5  -430 2431 2  53
T 5  1 39 70  19
T 5  -2 39 15  55
T 5  32 429 7  20
T 5  -10 429 105  56
T 5  1 33 42  21
ROW -2 0 14
T 1  -225 4 7  113
T 2  85 4 1  114
T 2  50 1 7  115
T 3  380 143 10  116
T 3  -255 26 1  117
T 3  -150 11 7  118
T 4  -735 2431 462  120
T 4  -1520 2431 10  121
T 4  17 13 1  122
T 4  200 143 7  123
T 5  70 2431 462  125
T 5  80 2431 10  126
T 5  -2 39 1  127
T 5  -20 429 7  128
ROW -2 1 34
T 0  -1365 32 42  129
T 1  225 8 105  94
T 1  90 1 7  130
T 1  1365 16 42  131
T 2  -85 4 15  95
T 2  -85 8 70  132
T 2  -25 1 105  96
T 2  -80 1 7  133
T 2  -195 4 42  134
T 3  4085 286 2  98
T 3  3895 858 6  135
T 3  255 26 15  99
T 3  255 52 70  136
T 3  75 11 105  100
T 3  240 11 7  137
T 3  65 6 42  138
T 4  -1764 2431 55  102
T 4  588 2431 210  140
T 4  -8170 2431 2  104
T 4  -7790 7293 6  141
T 4  -17 13 15  105
T 4  -17 26 70  142
T 4  -100 143 105  106
T 4  -320 143 7  143
T 4  -65 66 42  144
T 5  168 2431 55  108
T 5  -56 2431 210  146
T 5  430 2431 2  110
T 5  410 7293 6  147
T 5  2 39 15  111
T 5  1 39 70  148
T 5  10 429 105  112
T 5  32 429 7  149
T 5  1 33 42  150
ROW -2 2 9
T 2  -85 4 15  80
T 3  950 143 11  82
T 3  255 26 15  83
T 4  -294 2431 2145  85
T 4  -3800 2431 11  87
T 4  -17 13 15  88
T 5  28 2431 2145  90
T 5  200 2431 11  92
T 5  2 39 15  93
ROW -2 3 29
T 0  -1365 32 6  129
T 1  -2205 8 1  130
T 1  1365 16 6  131
T 2  85 4 21  71
T 2  85 8 10  132
T 2  245 1 1  133
T 2  -195 4 6  134
T 3  95 286 154  72
T 3  3325 858 42  135
T 3  -255 26 21  73
T 3  -255 52 10  136
T 3  -735 11 1  137
T 3  65 6 6  138
T 4  -588 2431 429  74
T 4  588 2431 30  140
T 4  -190 2431 154  75
T 4  -6650 7293 42  141
T 4  17 13 21  76
T 4  17 26 10  142
T 4  980 143 1  143
T 4  -65 66 6  144
T 5  56 2431 429  77
T 5  -56 2431 30  146
T 5  10 2431 154  78
T 5  350 7293 42  147
T 5  -2 39 21  79
T 5  -1 39 10  148
T 5  -98 429 1  149
T 5  1 33 6  150
ROW -2 4 19
T 1  315 4 5  113
T 2  85 4 35  114
T 2  -70 1 5  115
T 3  -95 143 2002  81
T 3  665 143 14  116
T 3  -255 26 35  117
T 3  210 11 5  118
T 4  -441 4862 1430  84
T 4  147 4862 330  120
T 4  380 2431 2002  86
T 4  -2660 2431 14  121
T 4  17 13 35  122
T 4  -280 143 5  123
T 5  21 2431 1430  89
T 5  -7 2431 330  125
T 5  -20 2431 2002  91
T 5  140 2431 14  126
T 5  -2 39 35  127
T 5  28 429 5  128
ROW -1 -4 23
T 1  45 8 210  38
T 2  85 4 30  39
T 2  85 4 6  171
T 2  -5 1 210  40
T 3  3325 143 1  41
T 3  1330 143 11  172
T 3  -255 26 30  43
T 3  -255 26 6  173
T 3  15 11 210  44
T 4  441 4862 110  45
T 4  147 4862 6006  174
T 4  -13300 2431 1  47
T 4  -5320 2431 11  175
T 4  17 13 30  49
T 4  17 13 6  176
T 4  -20 143 210  50
T 5  -21 2431 110  51
T 5  -7 2431 6006  177
T 5  700 2431 1  53
T 5  280 2431 11  178
T 5  -2 39 30  55
T 5  -2 39 6  179
T 5  2 429 210  56
ROW -1 -3 23
T 1  -495 16 70  22
T 2  -85 8 10  23
T 2  -85 4 30  57
T 2  55 2 70  24
T 3  665 26 1  25
T 3  665 286 22  58
T 3  255 52 10  26
T 3  255 26 30  60
T 3  -15 2 70  27
T 4  147 2431 1155  28
T 4  147 2431 4290  61
T 4  -1330 221 1  30
T 4  -1330 2431 22  63
T 4  -17 26 10  31
T 4  -17 13 30  65
T 4  10 13 70  32
T 5  -14 2431 1155  33
T 5  -14 2431 4290  66
T 5  70 221 1  35
T 5  70 2431 22  68
T 5  1 39 10  36
T 5  2 39 30  70
T 5  -1 39 70  37
ROW -1 -2 30
T 0  1365 16 3  0
T 1  1935 16 2  1
T 1  675 16 30  38
T 1  -1365 8 3  2
T 2  -85 2 5  3
T 2  -215 2 2  4
T 2  -75 2 30  40
T 2  195 2 3  5
T 3  2755 858 21  6
T 3  -95 22 7  41
T 3  255 13 5  7
T 3  645 22 2  8
T 3  225 22 30  44
T 3  -65 3 3  9
T 4  2058 2431 15  10
T 4  441 2431 770  45
T 4  -5510 7293 21  12
T 4  190 187 7  47
T 4  -34 13 5  13
T 4  -430 143 2  14
T 4  -150 143 30  50
T 4  65 33 3  15
T 5  -196 2431 15  16
T 5  -42 2431 770  51
T 5  290 7293 21  18
T 5  -10 187 7  53
T 5  4 39 5  19
T 5  43 429 2  20
T 5  5 143 30  56
T 5  -2 33 3  21
ROW -1 -1 34
T 0  -1365 8 6  151
T 1  855 8 6  152
T 1  -1125 16 10  22
T 1  1365 4 6  153
T 2  -85 4 6  154
T 2  85 8 70  23
T 2  -95 1 6  155
T 2  125 2 10  24
T 2  -195 1 6  156
T 3  -665 429 6  157
T 3  -2375 286 7  25
T 3  255 26 6  158
T 3  -255 52 70  26
T 3  285 11 6  159
T 3  -375 22 10  27
T 3  130 3 6  160
T 4  6174 2431 6  161
T 4  1029 2431 165  28
T 4  2660 7293 6  162
T 4  4750 2431 7  30
T 4  -17 13 6  163
T 4  17 26 70  31
T 4  -380 143 6  164
T 4  250 143 10  32
T 4  -130 33 6  165
T 5  -588 2431 6  166
T 5  -98 2431 165  33
T 5  -140 7293 6  167
T 5  -250 2431 7  35
T 5  2 39 6  168
T 5  -1 39 70  36
T 5  38 429 6  169
T 5  -25 429 10  37
T 5  4 33 6  170
ROW -1 0 20
T 0  -1365 16 15  129
T 1  495 8 10  130
T 1  1365 8 15  131
T 2  -85 1 1  132
T 2  -55 1 10  133
T 2  -195 2 15  134
T 3  95 39 105  135
T 3  510 13 1  136
T 3  15 1 10  137
T 3  65 3 15  138
T 4  -10290 2431 3  140
T 4  -380 663 105  141
T 4  -68 13 1  142
T 4  -20 13 10  143
T 4  -65 33 15  144
T 5  980 2431 3  146
T 5  20 663 105  147
T 5  8 39 1  148
T 5  2 39 10  149
T 5  2 33 15  150
ROW -1 1 14
T 1  1125 16 10  113
T 2  -85 8 70  114
T 2  -125 2 10  115
T 3  2375 286 7  116
T 3  255 52 70  117
T 3  375 22 10  118
T 4  -1029 2431 165  120
T 4  -4750 2431 7  121
T 4  -17 26 70  122
T 4  -250 143 10  123
T 5  98 2431 165  125
T 5  250 2431 7  126
T 5  1 39 70  127
T 5  25 429 10  128
ROW -1 2 30
T 0  -1365 16 3  129
T 1  -675 16 30  94
T 1  -1935 16 2  130
T 1  1365 8 3  131
T 2  85 2 5  132
T 2  75 2 30  96
T 2  215 2 2  133
T 2  -195 2 3  134
T 3  95 22 7  98
T 3  -2755 858 21  135
T 3  -255 13 5  136
T 3  -225 22 30  100
T 3  -645 22 2  137
T 3  65 3 3  138
T 4  -441 2431 770  102
T 4  -2058 2431 15  140
T 4  -190 187 7  104
T 4  5510 7293 21  141
T 4  34 13 5  142
T 4  150 143 30  106
T 4  430 143 2  143
T 4  -65 33 3  144
T 5  42 2431 770  108
T 5  196 2431 15  146
T 5  10 187 7  110
T 5  -290 7293 21  147
T 5  -4 39 5  148
T 5  -5 143 30  112
T 5  -43 429 2  149
T 5  2 33 3  150
ROW -1 3 23
T 1  495 16 70  113
T 2  85 4 30  80
T 2  85 8 10  114
T 2  -55 2 70  115
T 3  -665 286 22  82
T 3  -665 26 1  116
T 3  -255 26 30  83
T 3  -255 52 10  117
T 3  15 2 70  118
T 4  -147 2431 4290  85
T 4  -147 2431 1155  120
T 4  1330 2431 22  87
T 4  1330 221 1  121
T 4  17 13 30  88
T 4  17 26 10  122
T 4  -10 13 70  123
T 5  14 2431 4290  90
T 5  14 2431 1155  125
T 5  -70 2431 22  92
T 5  -70 221 1  126
T 5  -2 39 30  93
T 5  -1 39 10  127
T 5  1 39 70  128
ROW -1 4 23
T 1  -45 8 210  94
T 2  -85 4 6  71
T 2  -85 4 30  95
T 2  5 1 210  96
T 3  -1330 143 11  72
T 3  -3325 143 1  98
T 3  255 26 6  73
T 3  255 26 30  99
T 3  -15 11 210  100
T 4  -147 4862 6006  74
T 4  -441 4862 110  102
T 4  5320 2431 11  75
T 4  13300 2431 1  104
T 4  -17 13 6  76
T 4  -17 13 30  105
T 4  20 143 210  106
T 5  7 2431 6006  77
T 5  21 2431 110  108
T 5  -280 2431 11  78
T 5  -700 2431 1  110
T 5  2 39 6  79
T 5  2 39 30  111
T 5  -2 429 210  112
ROW 0 -4 9
T 2  -255 2 1  80
T 3  -1330 429 165  82
T 3  765 13 1  83
T 4  -441 2431 143  85
T 4  5320 7293 165  87
T 4  -102 13 1  88
T 5  42 2431 143  90
T 5  -280 7293 165  92
T 5  4 13 1  93
ROW 0 -3 14
T 1  675 8 7  94
T 2  255 2 1  95
T 2  -75 1 7  96
T 3  -4655 858 30  98
T 3  -765 13 1  99
T 3  225 11 7  100
T 4  -1764 2431 33  102
T 4  9310 7293 30  104
T 4  102 13 1  105
T 4  -300 143 7  106
T 5  168 2431 33  108
T 5  -490 7293 30  110
T 5  -4 13 1  111
T 5  10 143 7  112
ROW 0 -2 14
T 1  -225 1 3  113
T 2  85 4 21  114
T 2  200 1 3  115
T 3  -95 429 210  116
T 3  -255 26 21  117
T 3  -600 11 3  118
T 4  -3087 2431 22  120
T 4  380 7293 210  121
T 4  17 13 21  122
T 4  800 143 3  123
T 5  294 2431 22  125
T 5  -20 7293 210  126
T 5  -2 39 21  127
T 5  -80 429 3  128
ROW 0 -1 20
T 0  1365 16 10  129
T 1  45 8 15  130
T 1  -1365 8 10  131
T 2  -85 4 6  132
T 2  -5 1 15  133
T 2  195 2 10  134
T 3  2185 858 70  135
T 3  255 26 6  136
T 3  15 11 15  137
T 3  -65 3 10  138
T 4  -12348 2431 2  140
T 4  -4370 7293 70  141
T 4  -17 13 6  142
T 4  -20 143 15  143
T 4  65 33 10  144
T 5  1176 2431 2  146
T 5  230 7293 70  147
T 5  2 39 6  148
T 5  2 429 15  149
T 5  -2 33 10  150
ROW 0 0 20
T 0  -6825 16 1  151
T 1  675 2 1  152
T 1  6825 8 1  153
T 2  -255 2 1  154
T 2  -300 1 1  155
T 2  -975 2 1  156
T 3  13300 429 1  157
T 3  765 13 1  158
T 3  900 11 1  159
T 3  325 3 1  160
T 4  -18522 2431 1  161
T 4  -53200 7293 1  162
T 4  -102 13 1  163
T 4  -1200 143 1  164
T 4  -325 33 1  165
T 5  1764 2431 1  166
T 5  2800 7293 1  167
T 5  4 13 1  168
T 5  40 143 1  169
T 5  10 33 1  170
ROW 0 1 20
T 0  1365 16 10  0
T 1  45 8 15  1
T 1  -1365 8 10  2
T 2  -85 4 6  3
T 2  -5 1 15  4
T 2  195 2 10  5
T 3  2185 858 70  6
T 3  255 26 6  7
T 3  15 11 15  8
T 3  -65 3 10  9
T 4  -12348 2431 2  10
T 4  -4370 7293 70  12
T 4  -17 13 6  13
T 4  -20 143 15  14
T 4  65 33 10  15
T 5  1176 2431 2  16
T 5  230 7293 70  18
T 5  2 39 6  19
T 5  2 429 15  20
T 5  -2 33 10  21
ROW 0 2 14
T 1  -225 1 3  22
T 2  85 4 21  23
T 2  200 1 3  24
T 3  -95 429 210  25
T 3  -255 26 21  26
T 3  -600 11 3  27
T 4  -3087 2431 22  28
T 4  380 7293 210  30
T 4  17 13 21  31
T 4  800 143 3  32
T 5  294 2431 22  33
T 5  -20 7293 210  35
T 5  -2 39 21  36
T 5  -80 429 3  37
ROW 0 3 14
T 1  675 8 7  38
T 2  255 2 1  39
T 2  -75 1 7  40
T 3  -4655 858 30  41
T 3  -765 13 1  43
T 3  225 11 7  44
T 4  -1764 2431 33  45
T 4  9310 7293 30  47
T 4  102 13 1  49
T 4  -300 143 7  50
T 5  168 2431 33  51
T 5  -490 7293 30  53
T 5  -4 13 1  55
T 5  10 143 7  56
ROW 0 4 9
T 2  -255 2 1  57
T 3  -1330 429 165  58
T 3  765 13 1  60
T 4  -441 2431 143  61
T 4  5320 7293 165  63
T 4  -102 13 1  65
T 5  42 2431 143  66
T 5  -280 7293 165  68
T 5  4 13 1  70
ROW 1 -4 23
T 1  45 8 210  94
T 2  -85 4 6  71
T 2  85 4 30  95
T 2  -5 1 210  96
T 3  -1330 143 11  72
T 3  3325 143 1  98
T 3  255 26 6  73
T 3  -255 26 30  99
T 3  15 11 210  100
T 4  -147 4862 6006  74
T 4  441 4862 110  102
T 4  5320 2431 11  75
T 4  -13300 2431 1  104
T 4  -17 13 6  76
T 4  17 13 30  105
T 4  -20 143 210  106
T 5  7 2431 6006  77
T 5  -21 2431 110  108
T 5  -280 2431 11  78
T 5  700 2431 1  110
T 5  2 39 6  79
T 5  -2 39 30  111
T 5  2 429 210  112
ROW 1 -3 23
T 1  -495 16 70  113
T 2  85 4 30  80
T 2  -85 8 10  114
T 2  55 2 70  115
T 3  -665 286 22  82
T 3  665 26 1  116
T 3  -255 26 30  83
T 3  255 52 10  117
T 3  -15 2 70  118
T 4  -147 2431 4290  85
T 4  147 2431 1155  120
T 4  1330 2431 22  87
T 4  -1330 221 1  121
T 4  17 13 30  88
T 4  -17 26 10  122
T 4  10 13 70  123
T 5  14 2431 4290  90
T 5  -14 2431 1155  125
T 5  -70 2431 22  92
T 5  70 221 1  126
T 5  -2 39 30  93
T 5  1 39 10  127
T 5  -1 39 70  128
ROW 1 -2 30
T 0  1365 16 3  129
T 1  -675 16 30  94
T 1  1935 16 2  130
T 1  -1365 8 3  131
T 2  -85 2 5  132
T 2  75 2 30  96
T 2  -215 2 2  133
T 2  195 2 3  134
T 3  95 22 7  98
T 3  2755 858 21  135
T 3  255 13 5  136
T 3  -225 22 30  100
T 3  645 22 2  137
T 3  -65 3 3  138
T 4  -441 2431 770  102
T 4  2058 2431 15  140
T 4  -190 187 7  104
T 4  -5510 7293 21  141
T 4  -34 13 5  142
T 4  150 143 30  106
T 4  -430 143 2  143
T 4  65 33 3  144
T 5  42 2431 770  108
T 5  -196 2431 15  146
T 5  10 187 7  110
T 5  290 7293 21  147
T 5  4 39 5  148
T 5  -5 143 30  112
T 5  43 429 2  149
T 5  -2 33 3  150
ROW 1 -1 14
T 1  1125 16 10  113
T 2  -85 8 70  114
T 2  -125 2 10  115
T 3  2375 286 7  116
T 3  255 52 70  117
T 3  375 22 10  118
T 4  -1029 2431 165  120
T 4  -4750 2431 7  121
T 4  -17 26 70  122
T 4  -250 143 10  123
T 5  98 2431 165  125
T 5  250 2431 7  126
T 5  1 39 70  127
T 5  25 429 10  128
ROW 1 0 20
T 0  -1365 16 15  0
T 1  495 8 10  1
T 1  1365 8 15  2
T 2  -85 1 1  3
T 2  -55 1 10  4
T 2  -195 2 15  5
T 3  95 39 105  6
T 3  510 13 1  7
T 3  15 1 10  8
T 3  65 3 15  9
T 4  -10290 2431 3  10
T 4  -380 663 105  12
T 4  -68 13 1  13
T 4  -20 13 10  14
T 4  -65 33 15  15
T 5  980 2431 3  16
T 5  20 663 105  18
T 5  8 39 1  19
T 5  2 39 10  20
T 5  2 33 15  21
ROW 1 1 34
T 0  -1365 8 6  151
T 1  855 8 6  152
T 1  1125 16 10  22
T 1  1365 4 6  153
T 2  -85 4 6  154
T 2  -85 8 70  23
T 2  -95 1 6  155
T 2  -125 2 10  24
T 2  -195 1 6  156
T 3  -665 429 6  157
T 3  2375 286 7  25
T 3  255 26 6  158
T 3  255 52 70  26
T 3  285 11 6  159
T 3  375 22 10  27
T 3  130 3 6  160
T 4  6174 2431 6  161
T 4  -1029 2431 165  28
T 4  2660 7293 6  162
T 4  -4750 2431 7  30
T 4  -17 13 6  163
T 4  -17 26 70  31
T 4  -380 143 6  164
T 4  -250 143 10  32
T 4  -130 33 6  165
T 5  -588 2431 6  166
T 5  98 2431 165  33
T 5  -140 7293 6  167
T 5  250 2431 7  35
T 5  2 39 6  168
T 5  1 39 70  36
T 5  38 429 6  169
T 5  25 429 10  37
T 5  4 33 6  170
ROW 1 2 30
T 0  1365 16 3  0
T 1  1935 16 2  1
T 1  -675 16 30  38
T 1  -1365 8 3  2
T 2  -85 2 5  3
T 2  -215 2 2  4
T 2  75 2 30  40
T 2  195 2 3  5
T 3  2755 858 21  6
T 3  95 22 7  41
T 3  255 13 5  7
T 3  645 22 2  8
T 3  -225 22 30  44
T 3  -65 3 3  9
T 4  2058 2431 15  10
T 4  -441 2431 770  45
T 4  -5510 7293 21  12
T 4  -190 187 7  47
T 4  -34 13 5  13
T 4  -430 143 2  14
T 4  150 143 30  50
T 4  65 33 3  15
T 5  -196 2431 15  16
T 5  42 2431 770  51
T 5  290 7293 21  18
T 5  10 187 7  53
T 5  4 39 5  19
T 5  43 429 2  20
T 5  -5 143 30  56
T 5  -2 33 3  21
ROW 1 3 23
T 1  -495 16 70  22
T 2  -85 8 10  23
T 2  85 4 30  57
T 2  55 2 70  24
T 3  665 26 1  25
T 3  -665 286 22  58
T 3  255 52 10  26
T 3  -255 26 30  60
T 3  -15 2 70  27
T 4  147 2431 1155  28
T 4  -147 2431 4290  61
T 4  -1330 221 1  30
T 4  1330 2431 22  63
T 4  -17 26 10  31
T 4  17 13 30  65
T 4  10 13 70  32
T 5  -14 2431 1155  33
T 5  14 2431 4290  66
T 5  70 221 1  35
T 5  -70 2431 22  68
T 5  1 39 10  36
T 5  -2 39 30  70
T 5  -1 39 70  37
ROW 1 4 23
T 1  45 8 210  38
T 2  85 4 30  39
T 2  -85 4 6  171
T 2  -5 1 210  40
T 3  3325 143 1  41
T 3  -1330 143 11  172
T 3  -255 26 30  43
T 3  255 26 6  173
T 3  15 11 210  44
T 4  441 4862 110  45
T 4  -147 4862 6006  174
T 4  -13300 2431 1  47
T 4  5320 2431 11  175
T 4  17 13 30  49
T 4  -17 13 6  176
T 4  -20 143 210  50
T 5  -21 2431 110  51
T 5  7 2431 6006  177
T 5  700 2431 1  53
T 5  -280 2431 11  178
T 5  -2 39 30  55
T 5  2 39 6  179
T 5  2 429 210  56
ROW 2 -4 19
T 1  -315 4 5  113
T 2  -85 4 35  114
T 2  70 1 5  115
T 3  -95 143 2002  81
T 3  -665 143 14  116
T 3  255 26 35  117
T 3  -210 11 5  118
T 4  -441 4862 1430  84
T 4  -147 4862 330  120
T 4  380 2431 2002  86
T 4  2660 2431 14  121
T 4  -17 13 35  122
T 4  280 143 5  123
T 5  21 2431 1430  89
T 5  7 2431 330  125
T 5  -20 2431 2002  91
T 5  -140 2431 14  126
T 5  2 39 35  127
T 5  -28 429 5  128
ROW 2 -3 29
T 0  1365 32 6  129
T 1  2205 8 1  130
T 1  -1365 16 6  131
T 2  85 4 21  71
T 2  -85 8 10  132
T 2  -245 1 1  133
T 2  195 4 6  134
T 3  95 286 154  72
T 3  -3325 858 42  135
T 3  -255 26 21  73
T 3  255 52 10  136
T 3  735 11 1  137
T 3  -65 6 6  138
T 4  -588 2431 429  74
T 4  -588 2431 30  140
T 4  -190 2431 154  75
T 4  6650 7293 42  141
T 4  17 13 21  76
T 4  -17 26 10  142
T 4  -980 143 1  143
T 4  65 66 6  144
T 5  56 2431 429  77
T 5  56 2431 30  146
T 5  10 2431 154  78
T 5  -350 7293 42  147
T 5  -2 39 21  79
T 5  1 39 10  148
T 5  98 429 1  149
T 5  -1 33 6  150
ROW 2 -2 9
T 2  -85 4 15  80
T 3  950 143 11  82
T 3  255 26 15  83
T 4  -294 2431 2145  85
T 4  -3800 2431 11  87
T 4  -17 13 15  88
T 5  28 2431 2145  90
T 5  200 2431 11  92
T 5  2 39 15  93
ROW 2 -1 34
T 0  1365 32 42  129
T 1  225 8 105  94
T 1  -90 1 7  130
T 1  -1365 16 42  131
T 2  -85 4 15  95
T 2  85 8 70  132
T 2  -25 1 105  96
T 2  80 1 7  133
T 2  195 4 42  134
T 3  4085 286 2  98
T 3  -3895 858 6  135
T 3  255 26 15  99
T 3  -255 52 70  136
T 3  75 11 105  100
T 3  -240 11 7  137
T 3  -65 6 42  138
T 4  -1764 2431 55  102
T 4  -588 2431 210  140
T 4  -8170 2431 2  104
T 4  7790 7293 6  141
T 4  -17 13 15  105
T 4  17 26 70  142
T 4  -100 143 105  106
T 4  320 143 7  143
T 4  65 66 42  144
T 5  168 2431 55  108
T 5  56 2431 210  146
T 5  430 2431 2  110
T 5  -410 7293 6  147
T 5  2 39 15  111
T 5  -1 39 70  148
T 5  10 429 105  112
T 5  -32 429 7  149
T 5  -1 33 42  150
ROW 2 0 14
T 1  -225 4 7  22
T 2  85 4 1  23
T 2  50 1 7  24
T 3  380 143 10  25
T 3  -255 26 1  26
T 3  -150 11 7  27
T 4  -735 2431 462  28
T 4  -1520 2431 10  30
T 4  17 13 1  31
T 4  200 143 7  32
T 5  70 2431 462  33
T 5  80 2431 10  35
T 5  -2 39 1  36
T 5  -20 429 7  37
ROW 2 1 34
T 0  -1365 32 42  0
T 1  90 1 7  1
T 1  225 8 105  38
T 1  1365 16 42  2
T 2  -85 8 70  3
T 2  -85 4 15  39
T 2  -80 1 7  4
T 2  -25 1 105  40
T 2  -195 4 42  5
T 3  3895 858 6  6
T 3  4085 286 2  41
T 3  255 52 70  7
T 3  255 26 15  43
T 3  240 11 7  8
T 3  75 11 105  44
T 3  65 6 42  9
T 4  588 2431 210  10
T 4  -1764 2431 55  45
T 4  -7790 7293 6  12
T 4  -8170 2431 2  47
T 4  -17 26 70  13
T 4  -17 13 15  49
T 4  -320 143 7  14
T 4  -100 143 105  50
T 4  -65 66 42  15
T 5  -56 2431 210  16
T 5  168 2431 55  51
T 5  410 7293 6  18
T 5  430 2431 2  53
T 5  1 39 70  19
T 5  2 39 15  55
T 5  32 429 7  20
T 5  10 429 105  56
T 5  1 33 42  21
ROW 2 2 29
T 0  -1365 16 21  151
T 1  45 4 21  152
T 1  1365 8 21  153
T 2  85 4 21  154
T 2  -85 4 15  57
T 2  -10 1 21  155
T 2  -195 2 21  156
T 3  -3040 429 21  157
T 3  950 143 11  58
T 3  -255 26 21  158
T 3  255 26 15  60
T 3  30 11 21  159
T 3  65 3 21  160
T 4  -1764 2431 21  161
T 4  -294 2431 2145  61
T 4  12160 7293 21  162
T 4  -3800 2431 11  63
T 4  17 13 21  163
T 4  -17 13 15  65
T 4  -40 143 21  164
T 4  -65 33 21  165
T 5  168 2431 21  166
T 5  28 2431 2145  66
T 5  -640 7293 21  167
T 5  200 2431 11  68
T 5  -2 39 21  168
T 5  2 39 15  70
T 5  4 429 21  169
T 5  2 33 21  170
ROW 2 3 29
T 0  1365 32 6  0
T 1  2205 8 1  1
T 1  -1365 16 6  2
T 2  -85 8 10  3
T 2  85 4 21  171
T 2  -245 1 1  4
T 2  195 4 6  5
T 3  -3325 858 42  6
T 3  95 286 154  172
T 3  255 52 10  7
T 3  -255 26 21  173
T 3  735 11 1  8
T 3  -65 6 6  9
T 4  -588 2431 30  10
T 4  -588 2431 429  174
T 4  6650 7293 42  12
T 4  -190 2431 154  175
T 4  -17 26 10  13
T 4  17 13 21  176
T 4  -980 143 1  14
T 4  65 66 6  15
T 5  56 2431 30  16
T 5  56 2431 429  177
T 5  -350 7293 42  18
T 5  10 2431 154  178
T 5  1 39 10  19
T 5  -2 39 21  179
T 5  98 429 1  20
T 5  -1 33 6  21
ROW 2 4 19
T 1  -315 4 5  22
T 2  -85 4 35  23
T 2  70 1 5  24
T 3  -665 143 14  25
T 3  -95 143 2002  59
T 3  255 26 35  26
T 3  -210 11 5  27
T 4  -147 4862 330  28
T 4  -441 4862 1430  62
T 4  2660 2431 14  30
T 4  380 2431 2002  64
T 4  -17 13 35  31
T 4  280 143 5  32
T 5  7 2431 330  33
T 5  21 2431 1430  67
T 5  -140 2431 14  35
T 5  -20 2431 2002  69
T 5  2 39 35  36
T 5  -28 429 5  37
ROW 3 -4 25
T 0  1365 32 2  129
T 1  315 2 3  130
T 1  -1365 16 2  131
T 2  85 4 30  132
T 2  -140 1 3  133
T 2  195 4 2  134
T 3  -665 858 858  97
T 3  1330 429 14  135
T 3  -255 26 30  136
T 3  420 11 3  137
T 3  -65 6 2  138
T 4  -441 2431 715  101
T 4  441 4862 10  140
T 4  1330 7293 858  103
T 4  -5320 7293 14  141
T 4  17 13 30  142
T 4  -560 143 3  143
T 4  65 66 2  144
T 5  42 2431 715  107
T 5  -21 2431 10  146
T 5  -70 7293 858  109
T 5  280 7293 14  147
T 5  -2 39 30  148
T 5  56 429 3  149
T 5  -1 33 2  150
ROW 3 -3 5
T 3  475 1716 6006  81
T 4  -441 4862 4290  84
T 4  -475 7293 6006  86
T 5  21 2431 4290  89
T 5  25 7293 6006  91
ROW 3 -2 25
T 0  1365 16 14  129
T 1  -405 8 21  130
T 1  -1365 8 14  131
T 2  -255 2 1  71
T 2  45 1 21  133
T 2  195 2 14  134
T 3  5035 1716 66  72
T 3  2375 132 2  135
T 3  765 13 1  73
T 3  -135 11 21  137
T 3  -65 3 14  138
T 4  -441 2431 1001  74
T 4  441 2431 70  140
T 4  -5035 7293 66  75
T 4  -2375 561 2  141
T 4  -102 13 1  76
T 4  180 143 21  143
T 4  65 33 14  144
T 5  42 2431 1001  77
T 5  -42 2431 70  146
T 5  265 7293 66  78
T 5  125 561 2  147
T 5  4 13 1  79
T 5  -6 143 21  149
T 5  -2 33 14  150
ROW 3 -1 19
T 1  -45 8 105  113
T 2  85 4 15  114
T 2  5 1 105  115
T 3  95 66 33  82
T 3  -15485 1716 6  116
T 3  -255 26 15  117
T 3  -15 11 105  118
T 4  -441 2431 715  85
T 4  -441 4862 770  120
T 4  -190 561 33  87
T 4  15485 7293 6  121
T 4  17 13 15  122
T 4  20 143 105  123
T 5  42 2431 715  90
T 5  21 2431 770  125
T 5  10 561 33  92
T 5  -815 7293 6  126
T 5  -2 39 15  127
T 5  -2 429 105  128
ROW 3 0 14
T 1  -675 4 7  38
T 2  255 2 1  39
T 2  150 1 7  40
T 3  -2185 858 30  41
T 3  -765 13 1  43
T 3  -450 11 7  44
T 4  -2205 2431 33  45
T 4  4370 7293 30  47
T 4  102 13 1  49
T 4  600 143 7  50
T 5  210 2431 33  51
T 5  -230 7293 30  53
T 5  -4 13 1  55
T 5  -20 143 7  56
ROW 3 1 19
T 1  45 8 105  22
T 2  -85 4 15  23
T 2  -5 1 105  24
T 3  15485 1716 6  25
T 3  95 66 33  58
T 3  255 26 15  26
T 3  15 11 105  27
T 4  441 4862 770  28
T 4  -441 2431 715  61
T 4  -15485 7293 6  30
T 4  -190 561 33  63
T 4  -17 13 15  31
T 4  -20 143 105  32
T 5  -21 2431 770  33
T 5  42 2431 715  66
T 5  815 7293 6  35
T 5  10 561 33  68
T 5  2 39 15  36
T 5  2 429 105  37
ROW 3 2 25
T 0  -1365 16 14  0
T 1  405 8 21  1
T 1  1365 8 14  2
T 2  -255 2 1  171
T 2  -45 1 21  4
T 2  -195 2 14  5
T 3  -2375 132 2  6
T 3  5035 1716 66  172
T 3  765 13 1  173
T 3  135 11 21  8
T 3  65 3 14  9
T 4  -441 2431 70  10
T 4  -441 2431 1001  174
T 4  2375 561 2  12
T 4  -5035 7293 66  175
T 4  -102 13 1  176
T 4  -180 143 21  14
T 4  -65 33 14  15
T 5  42 2431 70  16
T 5  42 2431 1001  177
T 5  -125 561 2  18
T 5  265 7293 66  178
T 5  4 13 1  179
T 5  6 143 21  20
T 5  2 33 14  21
ROW 3 3 25
T 0  -1365 4 1  151
T 1  -945 4 1  152
T 1  1365 2 1  153
T 2  255 2 1  154
T 2  210 1 1  155
T 2  -390 1 1  156
T 3  12635 429 1  157
T 3  475 1716 6006  59
T 3  -765 13 1  158
T 3  -630 11 1  159
T 3  260 3 1  160
T 4  2646 2431 1  161
T 4  -441 4862 4290  62
T 4  -50540 7293 1  162
T 4  -475 7293 6006  64
T 4  102 13 1  163
T 4  840 143 1  164
T 4  -260 33 1  165
T 5  -252 2431 1  166
T 5  21 2431 4290  67
T 5  2660 7293 1  167
T 5  25 7293 6006  69
T 5  -4 13 1  168
T 5  -28 143 1  169
T 5  8 33 1  170
ROW 3 4 25
T 0  1365 32 2  0
T 1  315 2 3  1
T 1  -1365 16 2  2
T 2  85 4 30  3
T 2  -140 1 3  4
T 2  195 4 2  5
T 3  1330 429 14  6
T 3  -665 858 858  42
T 3  -255 26 30  7
T 3  420 11 3  8
T 3  -65 6 2  9
T 4  441 4862 10  10
T 4  -441 2431 715  46
T 4  -5320 7293 14  12
T 4  1330 7293 858  48
T 4  17 13 30  13
T 4  -560 143 3  14
T 4  65 66 2  15
T 5  -21 2431 10  16
T 5  42 2431 715  52
T 5  280 7293 14  18
T 5  -70 7293 858  54
T 5  -2 39 30  19
T 5  56 429 3  20
T 5  -1 33 2  21
ROW 4 -4 2
T 4  -147 2431 12155  119
T 5  14 2431 12155  124
ROW 4 -3 25
T 0  4095 16 2  129
T 1  -315 8 3  130
T 1  -4095 8 2  131
T 2  -85 4 30  132
T 2  35 1 3  133
T 2  585 2 2  134
T 3  665 572 858  97
T 3  -2185 572 14  135
T 3  255 26 30  136
T 3  -105 11 3  137
T 3  -65 1 2  138
T 4  -588 2431 715  101
T 4  -294 2431 10  140
T 4  -665 2431 858  103
T 4  2185 2431 14  141
T 4  -17 13 30  142
T 4  140 143 3  143
T 4  65 11 2  144
T 5  56 2431 715  107
T 5  28 2431 10  146
T 5  35 2431 858  109
T 5  -115 2431 14  147
T 5  2 39 30  148
T 5  -14 429 3  149
T 5  -2 11 2  150
ROW 4 -2 19
T 1  -45 2 105  113
T 2  85 4 15  114
T 2  20 1 105  115
T 3  95 286 858  81
T 3  2565 286 6  116
T 3  -255 26 15  117
T 3  -60 11 105  118
T 4  -147 4862 30030  84
T 4  147 4862 770  120
T 4  -190 2431 858  86
T 4  -5130 2431 6  121
T 4  17 13 15  122
T 4  80 143 105  123
T 5  7 2431 30030  89
T 5  -7 2431 770  125
T 5  10 2431 858  91
T 5  270 2431 6  126
T 5  -2 39 15  127
T 5  -8 429 105  128
ROW 4 -1 19
T 1  405 8 35  94
T 2  255 2 1  71
T 2  -45 1 35  96
T 3  -855 572 66  72
T 3  -475 44 6  98
T 3  -765 13 1  73
T 3  135 11 35  100
T 4  -294 2431 1001  74
T 4  -294 2431 165  102
T 4  855 2431 66  75
T 4  475 187 6  104
T 4  102 13 1  76
T 4  -180 143 35  106
T 5  28 2431 1001  77
T 5  28 2431 165  108
T 5  -45 2431 66  78
T 5  -25 187 6  110
T 5  -4 13 1  79
T 5  6 143 35  112
ROW 4 0 9
T 2  255 2 1  57
T 3  -380 143 165  58
T 3  -765 13 1  60
T 4  -735 2431 143  61
T 4  1520 2431 165  63
T 4  102 13 1  65
T 5  70 2431 143  66
T 5  -80 2431 165  68
T 5  -4 13 1  70
ROW 4 1 19
T 1  -405 8 35  38
T 2  255 2 1  171
T 2  45 1 35  40
T 3  475 44 6  41
T 3  -855 572 66  172
T 3  -765 13 1  173
T 3  -135 11 35  44
T 4  294 2431 165  45
T 4  -294 2431 1001  174
T 4  -475 187 6  47
T 4  855 2431 66  175
T 4  102 13 1  176
T 4  180 143 35  50
T 5  -28 2431 165  51
T 5  28 2431 1001  177
T 5  25 187 6  53
T 5  -45 2431 66  178
T 5  -4 13 1  179
T 5  -6 143 35  56
ROW 4 2 19
T 1  45 2 105  22
T 2  -85 4 15  23
T 2  -20 1 105  24
T 3  -2565 286 6  25
T 3  95 286 858  59
T 3  255 26 15  26
T 3  60 11 105  27
T 4  -147 4862 770  28
T 4  -147 4862 30030  62
T 4  5130 2431 6  30
T 4  -190 2431 858  64
T 4  -17 13 15  31
T 4  -80 143 105  32
T 5  7 2431 770  33
T 5  7 2431 30030  67
T 5  -270 2431 6  35
T 5  10 2431 858  69
T 5  2 39 15  36
T 5  8 429 105  37
ROW 4 3 25
T 0  -4095 16 2  0
T 1  315 8 3  1
T 1  4095 8 2  2
T 2  85 4 30  3
T 2  -35 1 3  4
T 2  -585 2 2  5
T 3  2185 572 14  6
T 3  665 572 858  42
T 3  -255 26 30  7
T 3  105 11 3  8
T 3  65 1 2  9
T 4  294 2431 10  10
T 4  -588 2431 715  46
T 4  -2185 2431 14  12
T 4  -665 2431 858  48
T 4  17 13 30  13
T 4  -140 143 3  14
T 4  -65 11 2  15
T 5  -28 2431 10  16
T 5  56 2431 715  52
T 5  115 2431 14  18
T 5  35 2431 858  54
T 5  -2 39 30  19
T 5  14 429 3  20
T 5  2 11 2  21
ROW 4 4 22
T 0  -4095 16 1  151
T 1  -945 2 1  152
T 1  4095 8 1  153
T 2  -255 2 1  154
T 2  420 1 1  155
T 2  -585 2 1  156
T 3  -1330 143 1  157
T 3  765 13 1  158
T 3  -1260 11 1  159
T 3  65 1 1  160
T 4  -441 2431 1  161
T 4  -147 2431 12155  29
T 4  5320 2431 1  162
T 4  -102 13 1  163
T 4  1680 143 1  164
T 4  -65 11 1  165
T 5  42 2431 1  166
T 5  14 2431 12155  34
T 5  -280 2431 1  167
T 5  4 13 1  168
T 5  -56 143 1  169
T 5  2 11 1  170
ROW 5 -4 22
T 0  4095 32 10  129
T 1  315 4 15  130
T 1  -4095 16 10  131
T 2  85 4 6  132
T 2  -70 1 15  133
T 2  585 4 10  134
T 3  95 286 70  135
T 3  -255 26 6  136
T 3  210 11 15  137
T 3  -65 2 10  138
T 4  -441 2431 2431  139
T 4  147 4862 2  140
T 4  -190 2431 70  141
T 4  17 13 6  142
T 4  -280 143 15  143
T 4  65 22 10  144
T 5  42 2431 2431  145
T 5  -7 2431 2  146
T 5  10 2431 70  147
T 5  -2 39 6  148
T 5  28 429 15  149
T 5  -1 11 10  150
ROW 5 -3 16
T 1  -1575 8 3  113
T 2  -85 4 21  114
T 2  175 1 3  115
T 3  -285 572 210  116
T 3  255 26 21  117
T 3  -525 11 3  118
T 4  -294 2431 2431  119
T 4  -147 4862 22  120
T 4  285 2431 210  121
T 4  -17 13 21  122
T 4  700 143 3  123
T 5  28 2431 2431  124
T 5  7 2431 22  125
T 5  -15 2431 210  126
T 5  2 39 21  127
T 5  -70 429 3  128
ROW 5 -2 19
T 1  675 8 7  94
T 2  255 2 1  95
T 2  -75 1 7  96
T 3  -95 572 30030  97
T 3  1425 572 30  98
T 3  -765 13 1  99
T 3  225 11 7  100
T 4  -294 2431 1001  101
T 4  147 2431 33  102
T 4  95 2431 30030  103
T 4  -1425 2431 30  104
T 4  102 13 1  105
T 4  -300 143 7  106
T 5  28 2431 1001  107
T 5  -14 2431 33  108
T 5  -5 2431 30030  109
T 5  75 2431 30  110
T 5  -4 13 1  111
T 5  10 143 7  112
ROW 5 -1 14
T 2  -255 2 1  80
T 3  -285 572 4290  81
T 3  -475 286 165  82
T 3  765 13 1  83
T 4  -147 4862 6006  84
T 4  -147 2431 143  85
T 4  285 2431 4290  86
T 4  950 2431 165  87
T 4  -102 13 1  88
T 5  7 2431 6006  89
T 5  14 2431 143  90
T 5  -15 2431 4290  91
T 5  -50 2431 165  92
T 5  4 13 1  93
ROW 5 0 9
T 2  -255 2 1  171
T 3  -1425 286 66  172
T 3  765 13 1  173
T 4  -147 2431 1001  174
T 4  2850 2431 66  175
T 4  -102 13 1  176
T 5  14 2431 1001  177
T 5  -150 2431 66  178
T 5  4 13 1  179
ROW 5 1 14
T 2  255 2 1  57
T 3  475 286 165  58
T 3  -285 572 4290  59
T 3  -765 13 1  60
T 4  147 2431 143  61
T 4  -147 4862 6006  62
T 4  -950 2431 165  63
T 4  285 2431 4290  64
T 4  102 13 1  65
T 5  -14 2431 143  66
T 5  7 2431 6006  67
T 5  50 2431 165  68
T 5  -15 2431 4290  69
T 5  -4 13 1  70
ROW 5 2 19
T 1  -675 8 7  38
T 2  -255 2 1  39
T 2  75 1 7  40
T 3  -1425 572 30  41
T 3  -95 572 30030  42
T 3  765 13 1  43
T 3  -225 11 7  44
T 4  -147 2431 33  45
T 4  -294 2431 1001  46
T 4  1425 2431 30  47
T 4  95 2431 30030  48
T 4  -102 13 1  49
T 4  300 143 7  50
T 5  14 2431 33  51
T 5  28 2431 1001  52
T 5  -75 2431 30  53
T 5  -5 2431 30030  54
T 5  4 13 1  55
T 5  -10 143 7  56
ROW 5 3 16
T 1  1575 8 3  22
T 2  85 4 21  23
T 2  -175 1 3  24
T 3  285 572 210  25
T 3  -255 26 21  26
T 3  525 11 3  27
T 4  147 4862 22  28
T 4  -294 2431 2431  29
T 4  -285 2431 210  30
T 4  17 13 21  31
T 4  -700 143 3  32
T 5  -7 2431 22  33
T 5  28 2431 2431  34
T 5  15 2431 210  35
T 5  -2 39 21  36
T 5  70 429 3  37
ROW 5 4 22
T 0  -4095 32 10  0
T 1  -315 4 15  1
T 1  4095 16 10  2
T 2  -85 4 6  3
T 2  70 1 15  4
T 2  -585 4 10  5
T 3  -95 286 70  6
T 3  255 26 6  7
T 3  -210 11 15  8
T 3  65 2 10  9
T 4  -147 4862 2  10
T 4  -441 2431 2431  11
T 4  190 2431 70  12
T 4  -17 13 6  13
T 4  280 143 15  14
T 4  -65 22 10  15
T 5  7 2431 2  16
T 5  42 2431 2431  17
T 5  -10 2431 70  18
T 5  2 39 6  19
T 5  -28 429 15  20
T 5  1 11 10  21
