FORMAT 1
KERNEL T
SOURCE (s|S|s)
SHELLS 3 2

# E <id> <alpha> <beta> <mu> <p>
E 0 0 1 1 -3
E 1 0 1 2 -3
E 2 0 1 3 -3
E 3 0 1 4 -3

# G <id> <2k> <L> <M>
G 0 0 1 1
G 1 0 3 1
G 2 2 1 1
G 3 0 5 1
G 4 0 5 5
G 5 2 3 1
G 6 4 1 1
G 7 2 5 1
G 8 2 5 5
G 9 4 3 1
G 10 6 1 1
G 11 0 3 2
G 12 0 5 2
G 13 0 5 4
G 14 2 3 2
G 15 2 5 2
G 16 2 5 4
G 17 4 3 2
G 18 0 3 -3
G 19 0 5 -3
G 20 2 3 -3
G 21 2 5 -3
G 22 4 3 -3
G 23 0 3 -2
G 24 0 5 -4
G 25 0 5 -2
G 26 2 3 -2
G 27 2 5 -4
G 28 2 5 -2
G 29 4 3 -2
G 30 0 1 -1
G 31 0 3 -1
G 32 2 1 -1
G 33 0 5 -5
G 34 0 5 -1
G 35 2 3 -1
G 36 4 1 -1
G 37 2 5 -5
G 38 2 5 -1
G 39 4 3 -1
G 40 6 1 -1
G 41 0 1 0
G 42 0 3 0
G 43 2 1 0
G 44 0 5 0
G 45 2 3 0
G 46 4 1 0
G 47 2 5 0
G 48 4 3 0
G 49 6 1 0
G 50 0 3 3
G 51 0 5 3
G 52 2 3 3
G 53 2 5 3
G 54 4 3 3

# TABLE <l> <l'> <rows> [SYMMETRIC]
# ROW <m> <m'> <terms>
# T <prefactor> <num> <den> <radicand> <geometry>

TABLE 3 2 35
ROW -3 -2 11
T 0  -27 8 30  0
T 1  -33 10 5  1
T 1  81 20 30  2
T 2  -13 42 2  3
T 2  13 21 105  4
T 2  22 15 5  5
T 2  -81 70 30  6
T 3  1 21 2  7
T 3  -2 21 105  8
T 3  -2 15 5  9
T 3  3 35 30  10
ROW -3 -1 7
T 1  33 4 2  11
T 2  13 42 14  12
T 2  13 21 42  13
T 2  -11 3 2  14
T 3  -1 21 14  15
T 3  -2 21 42  16
T 3  1 3 2  17
ROW -3 0 5
T 1  -33 2 1  18
T 2  -26 21 7  19
T 2  22 3 1  20
T 3  4 21 7  21
T 3  -2 3 1  22
ROW -3 1 7
T 1  33 4 2  23
T 2  -13 21 42  24
T 2  13 42 14  25
T 2  -11 3 2  26
T 3  2 21 42  27
T 3  -1 21 14  28
T 3  1 3 2  29
ROW -3 2 11
T 0  -27 8 30  30
T 1  -33 10 5  31
T 1  81 20 30  32
T 2  -13 21 105  33
T 2  -13 42 2  34
T 2  22 15 5  35
T 2  -81 70 30  36
T 3  2 21 105  37
T 3  1 21 2  38
T 3  -2 15 5  39
T 3  3 35 30  40
ROW -2 -2 11
T 0  -27 4 5  41
T 1  -33 5 5  42
T 1  81 10 5  43
T 2  -13 21 5  44
T 2  13 7 7  13
T 2  44 15 5  45
T 2  -81 35 5  46
T 3  2 21 5  47
T 3  -2 7 7  16
T 3  -4 15 5  48
T 3  6 35 5  49
ROW -2 -1 14
T 0  -27 4 5  0
T 1  33 20 30  1
T 1  -33 4 2  50
T 1  81 10 5  2
T 2  26 21 3  3
T 2  26 21 14  51
T 2  -11 15 30  5
T 2  11 3 2  52
T 2  -81 35 5  6
T 3  -4 21 3  7
T 3  -4 21 14  53
T 3  1 15 30  9
T 3  -1 3 2  54
T 3  6 35 5  10
ROW -2 0 2
T 2  -13 7 7  25
T 3  2 7 7  28
ROW -2 1 14
T 0  -27 4 5  30
T 1  33 4 2  18
T 1  33 20 30  31
T 1  81 10 5  32
T 2  -26 21 14  19
T 2  26 21 3  34
T 2  -11 3 2  20
T 2  -11 15 30  35
T 2  -81 35 5  36
T 3  4 21 14  21
T 3  -4 21 3  38
T 3  1 3 2  22
T 3  1 15 30  39
T 3  6 35 5  40
ROW -2 2 2
T 2  -13 7 7  24
T 3  2 7 7  27
ROW -1 -2 14
T 0  27 8 2  0
T 1  33 5 3  1
T 1  33 10 5  50
T 1  -81 20 2  2
T 2  13 42 30  3
T 2  13 21 35  51
T 2  -44 15 3  5
T 2  -22 15 5  52
T 2  81 70 2  6
T 3  -1 21 30  7
T 3  -2 21 35  53
T 3  4 15 3  9
T 3  2 15 5  54
T 3  -3 35 2  10
ROW -1 -1 14
T 0  -27 2 2  41
T 1  33 10 2  42
T 1  -33 20 30  11
T 1  81 5 2  43
T 2  65 21 2  44
T 2  13 42 210  12
T 2  -22 15 2  45
T 2  11 15 30  14
T 2  -162 35 2  46
T 3  -10 21 2  47
T 3  -1 21 210  15
T 3  2 15 2  48
T 3  -1 15 30  17
T 3  12 35 2  49
ROW -1 0 9
T 0  -27 4 6  30
T 1  99 10 1  31
T 1  81 10 6  32
T 2  -13 7 10  34
T 2  -22 5 1  35
T 2  -81 35 6  36
T 3  2 7 10  38
T 3  2 5 1  39
T 3  6 35 6  40
ROW -1 1 5
T 1  33 20 30  23
T 2  -13 42 210  25
T 2  -11 15 30  26
T 3  1 21 210  28
T 3  1 15 30  29
ROW -1 2 14
T 0  -27 8 2  30
T 1  -33 10 5  18
T 1  -33 5 3  31
T 1  81 20 2  32
T 2  -13 21 35  19
T 2  -13 42 30  34
T 2  22 15 5  20
T 2  44 15 3  35
T 2  -81 70 2  36
T 3  2 21 35  21
T 3  1 21 30  38
T 3  -2 15 5  22
T 3  -4 15 3  39
T 3  3 35 2  40
ROW 0 -2 5
T 1  -33 5 5  23
T 2  -13 21 35  25
T 2  44 15 5  26
T 3  2 21 35  28
T 3  -4 15 5  29
ROW 0 -1 9
T 0  27 4 3  30
T 1  33 10 2  31
T 1  -81 10 3  32
T 2  -52 21 5  34
T 2  -22 15 2  35
T 2  81 35 3  36
T 3  8 21 5  38
T 3  2 15 2  39
T 3  -6 35 3  40
ROW 0 0 9
T 0  -81 4 1  41
T 1  66 5 1  42
T 1  243 10 1  43
T 2  -130 21 1  44
T 2  -88 15 1  45
T 2  -243 35 1  46
T 3  20 21 1  47
T 3  8 15 1  48
T 3  18 35 1  49
ROW 0 1 9
T 0  27 4 3  0
T 1  33 10 2  1
T 1  -81 10 3  2
T 2  -52 21 5  3
T 2  -22 15 2  5
T 2  81 35 3  6
T 3  8 21 5  7
T 3  2 15 2  9
T 3  -6 35 3  10
ROW 0 2 5
T 1  -33 5 5  11
T 2  -13 21 35  12
T 2  44 15 5  14
T 3  2 21 35  15
T 3  -4 15 5  17
ROW 1 -2 14
T 0  27 8 2  30
T 1  -33 10 5  18
T 1  33 5 3  31
T 1  -81 20 2  32
T 2  -13 21 35  19
T 2  13 42 30  34
T 2  22 15 5  20
T 2  -44 15 3  35
T 2  81 70 2  36
T 3  2 21 35  21
T 3  -1 21 30  38
T 3  -2 15 5  22
T 3  4 15 3  39
T 3  -3 35 2  40
ROW 1 -1 5
T 1  33 20 30  23
T 2  -13 42 210  25
T 2  -11 15 30  26
T 3  1 21 210  28
T 3  1 15 30  29
ROW 1 0 9
T 0  -27 4 6  0
T 1  99 10 1  1
T 1  81 10 6  2
T 2  -13 7 10  3
T 2  -22 5 1  5
T 2  -81 35 6  6
T 3  2 7 10  7
T 3  2 5 1  9
T 3  6 35 6  10
ROW 1 1 14
T 0  -27 2 2  41
T 1  33 10 2  42
T 1  33 20 30  11
T 1  81 5 2  43
T 2  65 21 2  44
T 2  -13 42 210  12
T 2  -22 15 2  45
T 2  -11 15 30  14
T 2  -162 35 2  46
T 3  -10 21 2  47
T 3  1 21 210  15
T 3  2 15 2  48
T 3  1 15 30  17
T 3  12 35 2  49
ROW 1 2 14
T 0  27 8 2  0
T 1  33 5 3  1
T 1  -33 10 5  50
T 1  -81 20 2  2
T 2  13 42 30  3
T 2  -13 21 35  51
T 2  -44 15 3  5
T 2  22 15 5  52
T 2  81 70 2  6
T 3  -1 21 30  7
T 3  2 21 35  53
T 3  4 15 3  9
T 3  -2 15 5  54
T 3  -3 35 2  10
ROW 2 -2 2
T 2  -13 7 7  24
T 3  2 7 7  27
ROW 2 -1 14
T 0  27 4 5  30
T 1  33 4 2  18
T 1  -33 20 30  31
T 1  -81 10 5  32
T 2  -26 21 14  19
T 2  -26 21 3  34
T 2  -11 3 2  20
T 2  11 15 30  35
T 2  81 35 5  36
T 3  4 21 14  21
T 3  4 21 3  38
T 3  1 3 2  22
T 3  -1 15 30  39
T 3  -6 35 5  40
ROW 2 0 2
T 2  -13 7 7  12
T 3  2 7 7  15
ROW 2 1 14
T 0  -27 4 5  0
T 1  33 20 30  1
T 1  33 4 2  50
T 1  81 10 5  2
T 2  26 21 3  3
T 2  -26 21 14  51
T 2  -11 15 30  5
T 2  -11 3 2  52
T 2  -81 35 5  6
T 3  -4 21 3  7
T 3  4 21 14  53
T 3  1 15 30  9
T 3  1 3 2  54
T 3  6 35 5  10
ROW 2 2 11
T 0  -27 4 5  41
T 1  -33 5 5  42
T 1  81 10 5  43
T 2  -13 21 5  44
T 2  -13 7 7  13
T 2  44 15 5  45
T 2  -81 35 5  46
T 3  2 21 5  47
T 3  2 7 7  16
T 3  -4 15 5  48
T 3  6 35 5  49
ROW 3 -2 11
T 0  27 8 30  30
T 1  33 10 5  31
T 1  -81 20 30  32
T 2  -13 21 105  33
T 2  13 42 2  34
T 2  -22 15 5  35
T 2  81 70 30  36
T 3  2 21 105  37
T 3  -1 21 2  38
T 3  2 15 5  39
T 3  -3 35 30  40
ROW 3 -1 7
T 1  -33 4 2  23
T 2  -13 21 42  24
T 2  -13 42 14  25
T 2  11 3 2  26
T 3  2 21 42  27
T 3  1 21 14  28
T 3  -1 3 2  29
ROW 3 0 5
T 1  -33 2 1  50
T 2  -26 21 7  51
T 2  22 3 1  52
T 3  4 21 7  53
T 3  -2 3 1  54
ROW 3 1 7
T 1  33 4 2  11
T 2  13 42 14  12
T 2  -13 21 42  13
T 2  -11 3 2  14
T 3  -1 21 14  15
T 3  2 21 42  16
T 3  1 3 2  17
ROW 3 2 11
T 0  -27 8 30  0
T 1  -33 10 5  1
T 1  81 20 30  2
T 2  -13 42 2  3
T 2  -13 21 105  4
T 2  22 15 5  5
T 2  -81 70 30  6
T 3  1 21 2  7
T 3  2 21 105  8
T 3  -2 15 5  9
T 3  3 35 30  10
