FORMAT 1
KERNEL T
SOURCE (s|S|s)
SHELLS 5 1

# E <id> <alpha> <beta> <mu> <p>
E 0 0 4 1 -5
E 1 0 4 2 -5
E 2 0 4 3 -5

# G <id> <2k> <L> <M>
G 0 0 4 4
G 1 0 6 4
G 2 0 6 6
G 3 2 4 4
G 4 2 6 4
G 5 2 6 6
G 6 4 4 4
G 7 0 6 -5
G 8 2 6 -5
G 9 0 4 -4
G 10 0 6 -6
G 11 0 6 -4
G 12 2 4 -4
G 13 2 6 -6
G 14 2 6 -4
G 15 4 4 -4
G 16 0 4 3
G 17 0 6 3
G 18 0 6 5
G 19 2 4 3
G 20 2 6 3
G 21 2 6 5
G 22 4 4 3
G 23 0 4 -3
G 24 0 6 -3
G 25 2 4 -3
G 26 2 6 -3
G 27 4 4 -3
G 28 0 4 2
G 29 0 6 2
G 30 2 4 2
G 31 2 6 2
G 32 4 4 2
G 33 0 4 -2
G 34 0 6 -2
G 35 2 4 -2
G 36 2 6 -2
G 37 4 4 -2
G 38 0 4 1
G 39 0 6 1
G 40 2 4 1
G 41 2 6 1
G 42 4 4 1
G 43 0 4 -1
G 44 0 6 -1
G 45 2 4 -1
G 46 2 6 -1
G 47 4 4 -1
G 48 0 4 0
G 49 0 6 0
G 50 2 4 0
G 51 2 6 0
G 52 4 4 0

# TABLE <l> <l'> <rows> [SYMMETRIC]
# ROW <m> <m'> <terms>
# T <prefactor> <num> <den> <radicand> <geometry>

TABLE 5 1 33
ROW -5 -1 7
T 0  39 4 10  0
T 1  15 22 2  1
T 1  15 11 33  2
T 1  -39 11 10  3
T 2  -1 11 2  4
T 2  -2 11 33  5
T 2  3 11 10  6
ROW -5 0 2
T 1  -15 11 11  7
T 2  2 11 11  8
ROW -5 1 7
T 0  39 4 10  9
T 1  -15 11 33  10
T 1  15 22 2  11
T 1  -39 11 10  12
T 2  2 11 33  13
T 2  -1 11 2  14
T 2  3 11 10  15
ROW -4 -1 7
T 0  39 2 2  16
T 1  15 22 6  17
T 1  15 22 110  18
T 1  -78 11 2  19
T 2  -1 11 6  20
T 2  -1 11 110  21
T 2  6 11 2  22
ROW -4 0 5
T 0  39 2 1  9
T 1  -30 11 5  11
T 1  -78 11 1  12
T 2  4 11 5  14
T 2  6 11 1  15
ROW -4 1 7
T 0  39 2 2  23
T 1  -15 22 110  7
T 1  15 22 6  24
T 1  -78 11 2  25
T 2  1 11 110  8
T 2  -1 11 6  26
T 2  6 11 2  27
ROW -3 -1 10
T 0  13 2 14  28
T 0  13 4 2  0
T 1  15 11 3  29
T 1  45 22 10  1
T 1  -26 11 14  30
T 1  -13 11 2  3
T 2  -2 11 3  31
T 2  -3 11 10  4
T 2  2 11 14  32
T 2  1 11 2  6
ROW -3 0 5
T 0  26 1 1  23
T 1  -45 11 3  24
T 1  -104 11 1  25
T 2  6 11 3  26
T 2  8 11 1  27
ROW -3 1 10
T 0  -13 4 2  9
T 0  13 2 14  33
T 1  -45 22 10  11
T 1  15 11 3  34
T 1  13 11 2  12
T 1  -26 11 14  35
T 2  3 11 10  14
T 2  -2 11 3  36
T 2  -1 11 2  15
T 2  2 11 14  37
ROW -2 -1 10
T 0  13 4 42  38
T 0  13 4 6  16
T 1  15 11 5  39
T 1  45 11 2  17
T 1  -13 11 42  40
T 1  -13 11 6  19
T 2  -2 11 5  41
T 2  -6 11 2  20
T 2  1 11 42  42
T 2  1 11 6  22
ROW -2 0 5
T 0  13 2 21  33
T 1  -60 11 2  34
T 1  -26 11 21  35
T 2  8 11 2  36
T 2  2 11 21  37
ROW -2 1 10
T 0  -13 4 6  23
T 0  13 4 42  43
T 1  -45 11 2  24
T 1  15 11 5  44
T 1  13 11 6  25
T 1  -13 11 42  45
T 2  6 11 2  26
T 2  -2 11 5  46
T 2  -1 11 6  27
T 2  1 11 42  47
ROW -1 -1 10
T 0  13 2 15  48
T 0  13 2 3  28
T 1  15 11 15  49
T 1  15 11 14  29
T 1  -26 11 15  50
T 1  -26 11 3  30
T 2  -2 11 15  51
T 2  -2 11 14  31
T 2  2 11 15  52
T 2  2 11 3  32
ROW -1 0 5
T 0  13 1 6  43
T 1  -15 11 35  44
T 1  -52 11 6  45
T 2  2 11 35  46
T 2  4 11 6  47
ROW -1 1 5
T 0  -13 2 3  33
T 1  -15 11 14  34
T 1  26 11 3  35
T 2  2 11 14  36
T 2  -2 11 3  37
ROW 0 -1 5
T 0  -13 2 10  43
T 1  -15 11 21  44
T 1  26 11 10  45
T 2  2 11 21  46
T 2  -2 11 10  47
ROW 0 0 5
T 0  65 2 1  48
T 1  -90 11 1  49
T 1  -130 11 1  50
T 2  12 11 1  51
T 2  10 11 1  52
ROW 0 1 5
T 0  -13 2 10  38
T 1  -15 11 21  39
T 1  26 11 10  40
T 2  2 11 21  41
T 2  -2 11 10  42
ROW 1 -1 5
T 0  -13 2 3  33
T 1  -15 11 14  34
T 1  26 11 3  35
T 2  2 11 14  36
T 2  -2 11 3  37
ROW 1 0 5
T 0  13 1 6  38
T 1  -15 11 35  39
T 1  -52 11 6  40
T 2  2 11 35  41
T 2  4 11 6  42
ROW 1 1 10
T 0  13 2 15  48
T 0  -13 2 3  28
T 1  15 11 15  49
T 1  -15 11 14  29
T 1  -26 11 15  50
T 1  26 11 3  30
T 2  -2 11 15  51
T 2  2 11 14  31
T 2  2 11 15  52
T 2  -2 11 3  32
ROW 2 -1 10
T 0  -13 4 6  23
T 0  -13 4 42  43
T 1  -45 11 2  24
T 1  -15 11 5  44
T 1  13 11 6  25
T 1  13 11 42  45
T 2  6 11 2  26
T 2  2 11 5  46
T 2  -1 11 6  27
T 2  -1 11 42  47
ROW 2 0 5
T 0  13 2 21  28
T 1  -60 11 2  29
T 1  -26 11 21  30
T 2  8 11 2  31
T 2  2 11 21  32
ROW 2 1 10
T 0  13 4 42  38
T 0  -13 4 6  16
T 1  15 11 5  39
T 1  -45 11 2  17
T 1  -13 11 42  40
T 1  13 11 6  19
T 2  -2 11 5  41
T 2  6 11 2  20
T 2  1 11 42  42
T 2  -1 11 6  22
ROW 3 -1 10
T 0  -13 4 2  9
T 0  -13 2 14  33
T 1  -45 22 10  11
T 1  -15 11 3  34
T 1  13 11 2  12
T 1  26 11 14  35
T 2  3 11 10  14
T 2  2 11 3  36
T 2  -1 11 2  15
T 2  -2 11 14  37
ROW 3 0 5
T 0  26 1 1  16
T 1  -45 11 3  17
T 1  -104 11 1  19
T 2  6 11 3  20
T 2  8 11 1  22
ROW 3 1 10
T 0  13 2 14  28
T 0  -13 4 2  0
T 1  15 11 3  29
T 1  -45 22 10  1
T 1  -26 11 14  30
T 1  13 11 2  3
T 2  -2 11 3  31
T 2  3 11 10  4
T 2  2 11 14  32
T 2  -1 11 2  6
ROW 4 -1 7
T 0  -39 2 2  23
T 1  -15 22 110  7
T 1  -15 22 6  24
T 1  78 11 2  25
T 2  1 11 110  8
T 2  1 11 6  26
T 2  -6 11 2  27
ROW 4 0 5
T 0  39 2 1  0
T 1  -30 11 5  1
T 1  -78 11 1  3
T 2  4 11 5  4
T 2  6 11 1  6
ROW 4 1 7
T 0  39 2 2  16
T 1  15 22 6  17
T 1  -15 22 110  18
T 1  -78 11 2  19
T 2  -1 11 6  20
T 2  1 11 110  21
T 2  6 11 2  22
ROW 5 -1 7
T 0  -39 4 10  9
T 1  -15 11 33  10
T 1  -15 22 2  11
T 1  39 11 10  12
T 2  2 11 33  13
T 2  1 11 2  14
T 2  -3 11 10  15
ROW 5 0 2
T 1  -15 11 11  18
T 2  2 11 11  21
ROW 5 1 7
T 0  39 4 10  0
T 1  15 22 2  1
T 1  -15 11 33  2
T 1  -39 11 10  3
T 2  -1 11 2  4
T 2  2 11 33  5
T 2  3 11 10  6
