FORMAT 1
KERNEL T
SOURCE (s|S|s)
SHELLS 1 3

# E <id> <alpha> <beta> <mu> <p>
E 0 2 0 1 -3
E 1 2 0 2 -3
E 2 2 0 3 -3

# G <id> <2k> <L> <M>
G 0 0 2 2
G 1 0 4 2
G 2 0 4 4
G 3 2 2 2
G 4 2 4 2
G 5 2 4 4
G 6 4 2 2
G 7 0 2 1
G 8 0 4 1
G 9 0 4 3
G 10 2 2 1
G 11 2 4 1
G 12 2 4 3
G 13 4 2 1
G 14 0 2 0
G 15 0 4 0
G 16 2 2 0
G 17 2 4 0
G 18 4 2 0
G 19 0 2 -1
G 20 0 4 -1
G 21 2 2 -1
G 22 2 4 -1
G 23 4 2 -1
G 24 0 2 -2
G 25 0 4 -2
G 26 2 2 -2
G 27 2 4 -2
G 28 4 2 -2
G 29 0 4 -3
G 30 2 4 -3
G 31 0 4 -4
G 32 2 4 -4

# TABLE <l> <l'> <rows> [SYMMETRIC]
# ROW <m> <m'> <terms>
# T <prefactor> <num> <den> <radicand> <geometry>

TABLE 1 3 21
ROW -1 -3 7
T 0  9 4 30  0
T 1  11 14 2  1
T 1  11 7 14  2
T 1  -9 7 30  3
T 2  -1 7 2  4
T 2  -2 7 14  5
T 2  1 7 30  6
ROW -1 -2 7
T 0  9 2 5  7
T 1  11 14 6  8
T 1  11 14 42  9
T 1  -18 7 5  10
T 2  -1 7 6  11
T 2  -1 7 42  12
T 2  2 7 5  13
ROW -1 -1 10
T 0  9 2 6  14
T 0  9 4 2  0
T 1  11 7 6  15
T 1  11 14 30  1
T 1  -18 7 6  16
T 1  -9 7 2  3
T 2  -2 7 6  17
T 2  -1 7 30  4
T 2  2 7 6  18
T 2  1 7 2  6
ROW -1 0 5
T 0  -9 2 3  19
T 1  -11 7 10  20
T 1  18 7 3  21
T 2  2 7 10  22
T 2  -2 7 3  23
ROW -1 1 5
T 0  -9 4 2  24
T 1  -11 14 30  25
T 1  9 7 2  26
T 2  1 7 30  27
T 2  -1 7 2  28
ROW -1 2 7
T 0  -9 2 5  19
T 1  -11 14 42  29
T 1  -11 14 6  20
T 1  18 7 5  21
T 2  1 7 42  30
T 2  1 7 6  22
T 2  -2 7 5  23
ROW -1 3 7
T 0  -9 4 30  24
T 1  -11 7 14  31
T 1  -11 14 2  25
T 1  9 7 30  26
T 2  2 7 14  32
T 2  1 7 2  27
T 2  -1 7 30  28
ROW 0 -3 2
T 1  -11 7 7  29
T 2  2 7 7  30
ROW 0 -2 5
T 0  9 2 5  24
T 1  -22 7 3  25
T 1  -18 7 5  26
T 2  4 7 3  27
T 2  2 7 5  28
ROW 0 -1 5
T 0  9 1 2  19
T 1  -11 7 15  20
T 1  -36 7 2  21
T 2  2 7 15  22
T 2  4 7 2  23
ROW 0 0 5
T 0  27 2 1  14
T 1  -44 7 1  15
T 1  -54 7 1  16
T 2  8 7 1  17
T 2  6 7 1  18
ROW 0 1 5
T 0  9 1 2  7
T 1  -11 7 15  8
T 1  -36 7 2  10
T 2  2 7 15  11
T 2  4 7 2  13
ROW 0 2 5
T 0  9 2 5  0
T 1  -22 7 3  1
T 1  -18 7 5  3
T 2  4 7 3  4
T 2  2 7 5  6
ROW 0 3 2
T 1  -11 7 7  9
T 2  2 7 7  12
ROW 1 -3 7
T 0  9 4 30  24
T 1  -11 7 14  31
T 1  11 14 2  25
T 1  -9 7 30  26
T 2  2 7 14  32
T 2  -1 7 2  27
T 2  1 7 30  28
ROW 1 -2 7
T 0  9 2 5  19
T 1  -11 14 42  29
T 1  11 14 6  20
T 1  -18 7 5  21
T 2  1 7 42  30
T 2  -1 7 6  22
T 2  2 7 5  23
ROW 1 -1 5
T 0  -9 4 2  24
T 1  -11 14 30  25
T 1  9 7 2  26
T 2  1 7 30  27
T 2  -1 7 2  28
ROW 1 0 5
T 0  -9 2 3  7
T 1  -11 7 10  8
T 1  18 7 3  10
T 2  2 7 10  11
T 2  -2 7 3  13
ROW 1 1 10
T 0  9 2 6  14
T 0  -9 4 2  0
T 1  11 7 6  15
T 1  -11 14 30  1
T 1  -18 7 6  16
T 1  9 7 2  3
T 2  -2 7 6  17
T 2  1 7 30  4
T 2  2 7 6  18
T 2  -1 7 2  6
ROW 1 2 7
T 0  9 2 5  7
T 1  11 14 6  8
T 1  -11 14 42  9
T 1  -18 7 5  10
T 2  -1 7 6  11
T 2  1 7 42  12
T 2  2 7 5  13
ROW 1 3 7
T 0  9 4 30  0
T 1  11 14 2  1
T 1  -11 7 14  2
T 1  -9 7 30  3
T 2  -1 7 2  4
T 2  2 7 14  5
T 2  1 7 30  6
