FORMAT 1
KERNEL T
SOURCE (s|S|s)
SHELLS 2 5

# E <id> <alpha> <beta> <mu> <p>
E 0 3 0 1 -5
E 1 3 0 2 -5
E 2 3 0 3 -5
E 3 3 0 4 -5

# G <id> <2k> <L> <M>
G 0 0 3 3
G 1 0 5 3
G 2 2 3 3
G 3 0 7 3
G 4 0 7 7
G 5 2 5 3
G 6 4 3 3
G 7 2 7 3
G 8 2 7 7
G 9 4 5 3
G 10 6 3 3
G 11 0 3 2
G 12 0 5 2
G 13 2 3 2
G 14 0 7 2
G 15 0 7 6
G 16 2 5 2
G 17 4 3 2
G 18 2 7 2
G 19 2 7 6
G 20 4 5 2
G 21 6 3 2
G 22 0 3 1
G 23 0 5 1
G 24 0 5 5
G 25 2 3 1
G 26 0 7 1
G 27 0 7 5
G 28 2 5 1
G 29 2 5 5
G 30 4 3 1
G 31 2 7 1
G 32 2 7 5
G 33 4 5 1
G 34 4 5 5
G 35 6 3 1
G 36 0 3 0
G 37 0 5 0
G 38 0 5 4
G 39 2 3 0
G 40 0 7 0
G 41 0 7 4
G 42 2 5 0
G 43 2 5 4
G 44 4 3 0
G 45 2 7 0
G 46 2 7 4
G 47 4 5 0
G 48 4 5 4
G 49 6 3 0
G 50 0 3 -2
G 51 0 5 -2
G 52 2 3 -2
G 53 0 7 -2
G 54 2 5 -2
G 55 4 3 -2
G 56 2 7 -2
G 57 4 5 -2
G 58 6 3 -2
G 59 0 3 -3
G 60 0 3 -1
G 61 0 5 -3
G 62 0 5 -1
G 63 2 3 -3
G 64 2 3 -1
G 65 0 7 -3
G 66 0 7 -1
G 67 2 5 -3
G 68 2 5 -1
G 69 4 3 -3
G 70 4 3 -1
G 71 2 7 -3
G 72 2 7 -1
G 73 4 5 -3
G 74 4 5 -1
G 75 6 3 -3
G 76 6 3 -1
G 77 0 5 -4
G 78 0 7 -4
G 79 2 5 -4
G 80 2 7 -4
G 81 4 5 -4
G 82 0 5 -5
G 83 0 7 -5
G 84 2 5 -5
G 85 2 7 -5
G 86 4 5 -5
G 87 0 7 -6
G 88 2 7 -6
G 89 0 7 -7
G 90 2 7 -7

# TABLE <l> <l'> <rows> [SYMMETRIC]
# ROW <m> <m'> <terms>
# T <prefactor> <num> <den> <radicand> <geometry>

TABLE 2 5 55
ROW -2 -5 11
T 0  39 4 105  0
T 1  5 2 15  1
T 1  -13 2 105  2
T 2  51 286 2  3
T 2  -51 286 2002  4
T 2  -10 13 15  5
T 2  13 11 105  6
T 3  -3 143 2  7
T 3  3 143 2002  8
T 3  2 39 15  9
T 3  -2 33 105  10
ROW -2 -4 11
T 0  117 4 7  11
T 1  15 1 1  12
T 1  -39 2 7  13
T 2  51 286 10  14
T 2  -51 286 1430  15
T 2  -60 13 1  16
T 2  39 11 7  17
T 3  -3 143 10  18
T 3  3 143 1430  19
T 3  4 13 1  20
T 3  -2 11 7  21
ROW -2 -3 14
T 0  39 4 35  22
T 1  5 1 14  23
T 1  -5 2 15  24
T 1  -13 2 35  25
T 2  51 286 30  26
T 2  -153 286 110  27
T 2  -20 13 14  28
T 2  10 13 15  29
T 2  13 11 35  30
T 3  -3 143 30  31
T 3  9 143 110  32
T 3  4 39 14  33
T 3  -2 39 15  34
T 3  -2 33 35  35
ROW -2 -2 14
T 0  39 4 35  36
T 1  5 1 35  37
T 1  -15 1 1  38
T 1  -13 2 35  39
T 2  51 143 35  40
T 2  -51 143 165  41
T 2  -20 13 35  42
T 2  60 13 1  43
T 2  13 11 35  44
T 3  -6 143 35  45
T 3  6 143 165  46
T 3  4 39 35  47
T 3  -4 13 1  48
T 3  -2 33 35  49
ROW -2 -1 18
T 0  -39 8 30  22
T 0  -39 8 2  0
T 1  -25 2 3  23
T 1  -5 1 14  1
T 1  13 4 30  25
T 1  13 4 2  2
T 2  -51 143 35  26
T 2  -51 143 105  3
T 2  50 13 3  28
T 2  20 13 14  5
T 2  -13 22 30  30
T 2  -13 22 2  6
T 3  6 143 35  31
T 3  6 143 105  7
T 3  -10 39 3  33
T 3  -4 39 14  9
T 3  1 33 30  35
T 3  1 33 2  10
ROW -2 0 9
T 0  39 4 5  50
T 1  5 1 35  51
T 1  -13 2 5  52
T 2  153 143 14  53
T 2  -20 13 35  54
T 2  13 11 5  55
T 3  -18 143 14  56
T 3  4 39 35  57
T 3  -2 33 5  58
ROW -2 1 18
T 0  39 8 2  59
T 0  -39 8 30  60
T 1  5 1 14  61
T 1  -25 2 3  62
T 1  -13 4 2  63
T 1  13 4 30  64
T 2  51 143 105  65
T 2  -51 143 35  66
T 2  -20 13 14  67
T 2  50 13 3  68
T 2  13 22 2  69
T 2  -13 22 30  70
T 3  -6 143 105  71
T 3  6 143 35  72
T 3  4 39 14  73
T 3  -10 39 3  74
T 3  -1 33 2  75
T 3  1 33 30  76
ROW -2 2 5
T 1  15 1 1  77
T 2  51 143 165  78
T 2  -60 13 1  79
T 3  -6 143 165  80
T 3  4 13 1  81
ROW -2 3 14
T 0  -39 4 35  60
T 1  5 2 15  82
T 1  -5 1 14  62
T 1  13 2 35  64
T 2  153 286 110  83
T 2  -51 286 30  66
T 2  -10 13 15  84
T 2  20 13 14  68
T 2  -13 11 35  70
T 3  -9 143 110  85
T 3  3 143 30  72
T 3  2 39 15  86
T 3  -4 39 14  74
T 3  2 33 35  76
ROW -2 4 11
T 0  -117 4 7  50
T 1  -15 1 1  51
T 1  39 2 7  52
T 2  51 286 1430  87
T 2  -51 286 10  53
T 2  60 13 1  54
T 2  -39 11 7  55
T 3  -3 143 1430  88
T 3  3 143 10  56
T 3  -4 13 1  57
T 3  2 11 7  58
ROW -2 5 11
T 0  -39 4 105  59
T 1  -5 2 15  61
T 1  13 2 105  63
T 2  51 286 2002  89
T 2  -51 286 2  65
T 2  10 13 15  67
T 2  -13 11 105  69
T 3  -3 143 2002  90
T 3  3 143 2  71
T 3  -2 39 15  73
T 3  2 33 105  75
ROW -1 -5 7
T 1  -15 4 30  38
T 2  -51 286 22  41
T 2  -51 143 143  15
T 2  15 13 30  43
T 3  3 143 22  46
T 3  6 143 143  19
T 3  -1 13 30  48
ROW -1 -4 14
T 0  39 4 42  0
T 1  -35 4 6  1
T 1  15 4 30  24
T 1  -13 2 42  2
T 2  -102 143 5  3
T 2  -102 143 55  27
T 2  35 13 6  5
T 2  -15 13 30  29
T 2  13 11 42  6
T 3  12 143 5  7
T 3  12 143 55  32
T 3  -7 39 6  9
T 3  1 13 30  34
T 3  -2 33 42  10
ROW -1 -3 14
T 0  39 2 14  11
T 1  -25 2 2  12
T 1  35 4 6  38
T 1  -13 1 14  13
T 2  -153 143 5  14
T 2  -153 286 110  41
T 2  50 13 2  16
T 2  -35 13 6  43
T 2  26 11 14  17
T 3  18 143 5  18
T 3  9 143 110  46
T 3  -10 39 2  20
T 3  7 39 6  48
T 3  -4 33 14  21
ROW -1 -2 18
T 0  39 8 210  22
T 0  39 8 14  0
T 1  -5 2 21  23
T 1  25 2 2  1
T 1  -13 4 210  25
T 1  -13 4 14  2
T 2  -204 143 5  26
T 2  -204 143 15  3
T 2  10 13 21  28
T 2  -50 13 2  5
T 2  13 22 210  30
T 2  13 22 14  6
T 3  24 143 5  31
T 3  24 143 15  7
T 3  -2 39 21  33
T 3  10 39 2  9
T 3  -1 33 210  35
T 3  -1 33 14  10
ROW -1 -1 18
T 0  39 1 5  36
T 0  39 2 3  11
T 1  -5 2 5  37
T 1  5 2 21  12
T 1  -26 1 5  39
T 1  -13 1 3  13
T 2  -357 143 5  40
T 2  -51 143 210  14
T 2  10 13 5  42
T 2  -10 13 21  16
T 2  52 11 5  44
T 2  26 11 3  17
T 3  42 143 5  45
T 3  6 143 210  18
T 3  -2 39 5  47
T 3  2 39 21  20
T 3  -8 33 5  49
T 3  -4 33 3  21
ROW -1 0 9
T 0  -195 4 2  60
T 1  -5 2 5  62
T 1  65 2 2  64
T 2  204 143 21  66
T 2  10 13 5  68
T 2  -65 11 2  70
T 3  -24 143 21  72
T 3  -2 39 5  74
T 3  10 33 2  76
ROW -1 1 9
T 0  -39 2 3  50
T 1  -5 2 21  51
T 1  13 1 3  52
T 2  51 143 210  53
T 2  10 13 21  54
T 2  -26 11 3  55
T 3  -6 143 210  56
T 3  -2 39 21  57
T 3  4 33 3  58
ROW -1 2 18
T 0  -39 8 14  59
T 0  -39 8 210  60
T 1  -25 2 2  61
T 1  5 2 21  62
T 1  13 4 14  63
T 1  13 4 210  64
T 2  204 143 15  65
T 2  204 143 5  66
T 2  50 13 2  67
T 2  -10 13 21  68
T 2  -13 22 14  69
T 2  -13 22 210  70
T 3  -24 143 15  71
T 3  -24 143 5  72
T 3  -10 39 2  73
T 3  2 39 21  74
T 3  1 33 14  75
T 3  1 33 210  76
ROW -1 3 14
T 0  -39 2 14  50
T 1  -35 4 6  77
T 1  25 2 2  51
T 1  13 1 14  52
T 2  153 286 110  78
T 2  153 143 5  53
T 2  35 13 6  79
T 2  -50 13 2  54
T 2  -26 11 14  55
T 3  -9 143 110  80
T 3  -18 143 5  56
T 3  -7 39 6  81
T 3  10 39 2  57
T 3  4 33 14  58
ROW -1 4 14
T 0  -39 4 42  59
T 1  -15 4 30  82
T 1  35 4 6  61
T 1  13 2 42  63
T 2  102 143 55  83
T 2  102 143 5  65
T 2  15 13 30  84
T 2  -35 13 6  67
T 2  -13 11 42  69
T 3  -12 143 55  85
T 3  -12 143 5  71
T 3  -1 13 30  86
T 3  7 39 6  73
T 3  2 33 42  75
ROW -1 5 7
T 1  15 4 30  77
T 2  51 143 143  87
T 2  51 286 22  78
T 2  -15 13 30  79
T 3  -6 143 143  88
T 3  -3 143 22  80
T 3  1 13 30  81
ROW 0 -5 5
T 1  75 2 1  82
T 2  51 143 66  83
T 2  -150 13 1  84
T 3  -6 143 66  85
T 3  10 13 1  86
ROW 0 -4 5
T 1  15 1 1  77
T 2  51 143 165  78
T 2  -60 13 1  79
T 3  -6 143 165  80
T 3  4 13 1  81
ROW 0 -3 9
T 0  39 2 7  59
T 1  -5 2 1  61
T 1  -13 1 7  63
T 2  153 143 30  65
T 2  10 13 1  67
T 2  26 11 7  69
T 3  -18 143 30  71
T 3  -2 39 1  73
T 3  -4 33 7  75
ROW 0 -2 9
T 0  117 4 7  50
T 1  -15 1 1  51
T 1  -39 2 7  52
T 2  306 143 10  53
T 2  60 13 1  54
T 2  39 11 7  55
T 3  -36 143 10  56
T 3  -4 13 1  57
T 3  -2 11 7  58
ROW 0 -1 9
T 0  117 4 10  60
T 1  -45 2 1  62
T 1  -39 2 10  64
T 2  102 143 105  66
T 2  90 13 1  68
T 2  39 11 10  70
T 3  -12 143 105  72
T 3  -6 13 1  74
T 3  -2 11 10  76
ROW 0 0 9
T 0  195 2 1  36
T 1  -25 1 1  37
T 1  -65 1 1  39
T 2  1071 143 1  40
T 2  100 13 1  42
T 2  130 11 1  44
T 3  -126 143 1  45
T 3  -20 39 1  47
T 3  -20 33 1  49
ROW 0 1 9
T 0  117 4 10  22
T 1  -45 2 1  23
T 1  -39 2 10  25
T 2  102 143 105  26
T 2  90 13 1  28
T 2  39 11 10  30
T 3  -12 143 105  31
T 3  -6 13 1  33
T 3  -2 11 10  35
ROW 0 2 9
T 0  117 4 7  11
T 1  -15 1 1  12
T 1  -39 2 7  13
T 2  306 143 10  14
T 2  60 13 1  16
T 2  39 11 7  17
T 3  -36 143 10  18
T 3  -4 13 1  20
T 3  -2 11 7  21
ROW 0 3 9
T 0  39 2 7  0
T 1  -5 2 1  1
T 1  -13 1 7  2
T 2  153 143 30  3
T 2  10 13 1  5
T 2  26 11 7  6
T 3  -18 143 30  7
T 3  -2 39 1  9
T 3  -4 33 7  10
ROW 0 4 5
T 1  15 1 1  38
T 2  51 143 165  41
T 2  -60 13 1  43
T 3  -6 143 165  46
T 3  4 13 1  48
ROW 0 5 5
T 1  75 2 1  24
T 2  51 143 66  27
T 2  -150 13 1  29
T 3  -6 143 66  32
T 3  10 13 1  34
ROW 1 -5 7
T 1  -15 4 30  77
T 2  51 143 143  87
T 2  -51 286 22  78
T 2  15 13 30  79
T 3  -6 143 143  88
T 3  3 143 22  80
T 3  -1 13 30  81
ROW 1 -4 14
T 0  39 4 42  59
T 1  -15 4 30  82
T 1  -35 4 6  61
T 1  -13 2 42  63
T 2  102 143 55  83
T 2  -102 143 5  65
T 2  15 13 30  84
T 2  35 13 6  67
T 2  13 11 42  69
T 3  -12 143 55  85
T 3  12 143 5  71
T 3  -1 13 30  86
T 3  -7 39 6  73
T 3  -2 33 42  75
ROW 1 -3 14
T 0  39 2 14  50
T 1  -35 4 6  77
T 1  -25 2 2  51
T 1  -13 1 14  52
T 2  153 286 110  78
T 2  -153 143 5  53
T 2  35 13 6  79
T 2  50 13 2  54
T 2  26 11 14  55
T 3  -9 143 110  80
T 3  18 143 5  56
T 3  -7 39 6  81
T 3  -10 39 2  57
T 3  -4 33 14  58
ROW 1 -2 18
T 0  -39 8 14  59
T 0  39 8 210  60
T 1  -25 2 2  61
T 1  -5 2 21  62
T 1  13 4 14  63
T 1  -13 4 210  64
T 2  204 143 15  65
T 2  -204 143 5  66
T 2  50 13 2  67
T 2  10 13 21  68
T 2  -13 22 14  69
T 2  13 22 210  70
T 3  -24 143 15  71
T 3  24 143 5  72
T 3  -10 39 2  73
T 3  -2 39 21  74
T 3  1 33 14  75
T 3  -1 33 210  76
ROW 1 -1 9
T 0  -39 2 3  50
T 1  -5 2 21  51
T 1  13 1 3  52
T 2  51 143 210  53
T 2  10 13 21  54
T 2  -26 11 3  55
T 3  -6 143 210  56
T 3  -2 39 21  57
T 3  4 33 3  58
ROW 1 0 9
T 0  -195 4 2  22
T 1  -5 2 5  23
T 1  65 2 2  25
T 2  204 143 21  26
T 2  10 13 5  28
T 2  -65 11 2  30
T 3  -24 143 21  31
T 3  -2 39 5  33
T 3  10 33 2  35
ROW 1 1 18
T 0  39 1 5  36
T 0  -39 2 3  11
T 1  -5 2 5  37
T 1  -5 2 21  12
T 1  -26 1 5  39
T 1  13 1 3  13
T 2  -357 143 5  40
T 2  51 143 210  14
T 2  10 13 5  42
T 2  10 13 21  16
T 2  52 11 5  44
T 2  -26 11 3  17
T 3  42 143 5  45
T 3  -6 143 210  18
T 3  -2 39 5  47
T 3  -2 39 21  20
T 3  -8 33 5  49
T 3  4 33 3  21
ROW 1 2 18
T 0  39 8 210  22
T 0  -39 8 14  0
T 1  -5 2 21  23
T 1  -25 2 2  1
T 1  -13 4 210  25
T 1  13 4 14  2
T 2  -204 143 5  26
T 2  204 143 15  3
T 2  10 13 21  28
T 2  50 13 2  5
T 2  13 22 210  30
T 2  -13 22 14  6
T 3  24 143 5  31
T 3  -24 143 15  7
T 3  -2 39 21  33
T 3  -10 39 2  9
T 3  -1 33 210  35
T 3  1 33 14  10
ROW 1 3 14
T 0  39 2 14  11
T 1  -25 2 2  12
T 1  -35 4 6  38
T 1  -13 1 14  13
T 2  -153 143 5  14
T 2  153 286 110  41
T 2  50 13 2  16
T 2  35 13 6  43
T 2  26 11 14  17
T 3  18 143 5  18
T 3  -9 143 110  46
T 3  -10 39 2  20
T 3  -7 39 6  48
T 3  -4 33 14  21
ROW 1 4 14
T 0  39 4 42  0
T 1  -35 4 6  1
T 1  -15 4 30  24
T 1  -13 2 42  2
T 2  -102 143 5  3
T 2  102 143 55  27
T 2  35 13 6  5
T 2  15 13 30  29
T 2  13 11 42  6
T 3  12 143 5  7
T 3  -12 143 55  32
T 3  -7 39 6  9
T 3  -1 13 30  34
T 3  -2 33 42  10
ROW 1 5 7
T 1  -15 4 30  38
T 2  -51 286 22  41
T 2  51 143 143  15
T 2  15 13 30  43
T 3  3 143 22  46
T 3  -6 143 143  19
T 3  -1 13 30  48
ROW 2 -5 11
T 0  39 4 105  59
T 1  5 2 15  61
T 1  -13 2 105  63
T 2  51 286 2002  89
T 2  51 286 2  65
T 2  -10 13 15  67
T 2  13 11 105  69
T 3  -3 143 2002  90
T 3  -3 143 2  71
T 3  2 39 15  73
T 3  -2 33 105  75
ROW 2 -4 11
T 0  117 4 7  50
T 1  15 1 1  51
T 1  -39 2 7  52
T 2  51 286 1430  87
T 2  51 286 10  53
T 2  -60 13 1  54
T 2  39 11 7  55
T 3  -3 143 1430  88
T 3  -3 143 10  56
T 3  4 13 1  57
T 3  -2 11 7  58
ROW 2 -3 14
T 0  39 4 35  60
T 1  5 2 15  82
T 1  5 1 14  62
T 1  -13 2 35  64
T 2  153 286 110  83
T 2  51 286 30  66
T 2  -10 13 15  84
T 2  -20 13 14  68
T 2  13 11 35  70
T 3  -9 143 110  85
T 3  -3 143 30  72
T 3  2 39 15  86
T 3  4 39 14  74
T 3  -2 33 35  76
ROW 2 -2 5
T 1  15 1 1  77
T 2  51 143 165  78
T 2  -60 13 1  79
T 3  -6 143 165  80
T 3  4 13 1  81
ROW 2 -1 18
T 0  39 8 2  59
T 0  39 8 30  60
T 1  5 1 14  61
T 1  25 2 3  62
T 1  -13 4 2  63
T 1  -13 4 30  64
T 2  51 143 105  65
T 2  51 143 35  66
T 2  -20 13 14  67
T 2  -50 13 3  68
T 2  13 22 2  69
T 2  13 22 30  70
T 3  -6 143 105  71
T 3  -6 143 35  72
T 3  4 39 14  73
T 3  10 39 3  74
T 3  -1 33 2  75
T 3  -1 33 30  76
ROW 2 0 9
T 0  39 4 5  11
T 1  5 1 35  12
T 1  -13 2 5  13
T 2  153 143 14  14
T 2  -20 13 35  16
T 2  13 11 5  17
T 3  -18 143 14  18
T 3  4 39 35  20
T 3  -2 33 5  21
ROW 2 1 18
T 0  -39 8 30  22
T 0  39 8 2  0
T 1  -25 2 3  23
T 1  5 1 14  1
T 1  13 4 30  25
T 1  -13 4 2  2
T 2  -51 143 35  26
T 2  51 143 105  3
T 2  50 13 3  28
T 2  -20 13 14  5
T 2  -13 22 30  30
T 2  13 22 2  6
T 3  6 143 35  31
T 3  -6 143 105  7
T 3  -10 39 3  33
T 3  4 39 14  9
T 3  1 33 30  35
T 3  -1 33 2  10
ROW 2 2 14
T 0  39 4 35  36
T 1  5 1 35  37
T 1  15 1 1  38
T 1  -13 2 35  39
T 2  51 143 35  40
T 2  51 143 165  41
T 2  -20 13 35  42
T 2  -60 13 1  43
T 2  13 11 35  44
T 3  -6 143 35  45
T 3  -6 143 165  46
T 3  4 39 35  47
T 3  4 13 1  48
T 3  -2 33 35  49
ROW 2 3 14
T 0  39 4 35  22
T 1  5 1 14  23
T 1  5 2 15  24
T 1  -13 2 35  25
T 2  51 286 30  26
T 2  153 286 110  27
T 2  -20 13 14  28
T 2  -10 13 15  29
T 2  13 11 35  30
T 3  -3 143 30  31
T 3  -9 143 110  32
T 3  4 39 14  33
T 3  2 39 15  34
T 3  -2 33 35  35
ROW 2 4 11
T 0  117 4 7  11
T 1  15 1 1  12
T 1  -39 2 7  13
T 2  51 286 10  14
T 2  51 286 1430  15
T 2  -60 13 1  16
T 2  39 11 7  17
T 3  -3 143 10  18
T 3  -3 143 1430  19
T 3  4 13 1  20
T 3  -2 11 7  21
ROW 2 5 11
T 0  39 4 105  0
T 1  5 2 15  1
T 1  -13 2 105  2
T 2  51 286 2  3
T 2  51 286 2002  4
T 2  -10 13 15  5
T 2  13 11 105  6
T 3  -3 143 2  7
T 3  -3 143 2002  8
T 3  2 39 15  9
T 3  -2 33 105  10
