FORMAT 1
KERNEL T
SOURCE (s|S|s)
SHELLS 5 6

# E <id> <alpha> <beta> <mu> <p>
E 0 1 0 1 -6
E 1 1 0 2 -6
E 2 1 0 3 -6
E 3 1 0 4 -6
E 4 1 0 5 -6
E 5 1 0 6 -6
E 6 1 0 7 -6

# G <id> <2k> <L> <M>
G 0 0 1 1
G 1 0 3 1
G 2 2 1 1
G 3 0 5 1
G 4 2 3 1
G 5 4 1 1
G 6 0 7 1
G 7 2 5 1
G 8 4 3 1
G 9 6 1 1
G 10 0 9 1
G 11 2 7 1
G 12 4 5 1
G 13 6 3 1
G 14 8 1 1
G 15 0 11 1
G 16 0 11 11
G 17 2 9 1
G 18 4 7 1
G 19 6 5 1
G 20 8 3 1
G 21 10 1 1
G 22 2 11 1
G 23 2 11 11
G 24 4 9 1
G 25 6 7 1
G 26 8 5 1
G 27 10 3 1
G 28 12 1 1
G 29 0 1 0
G 30 0 3 0
G 31 2 1 0
G 32 0 5 0
G 33 2 3 0
G 34 4 1 0
G 35 0 7 0
G 36 2 5 0
G 37 4 3 0
G 38 6 1 0
G 39 0 9 0
G 40 2 7 0
G 41 4 5 0
G 42 6 3 0
G 43 8 1 0
G 44 0 11 0
G 45 0 11 10
G 46 2 9 0
G 47 4 7 0
G 48 6 5 0
G 49 8 3 0
G 50 10 1 0
G 51 2 11 0
G 52 2 11 10
G 53 4 9 0
G 54 6 7 0
G 55 8 5 0
G 56 10 3 0
G 57 12 1 0
G 58 0 9 9
G 59 0 11 9
G 60 2 9 9
G 61 2 11 9
G 62 4 9 9
G 63 0 3 2
G 64 0 5 2
G 65 2 3 2
G 66 0 7 2
G 67 2 5 2
G 68 4 3 2
G 69 0 9 2
G 70 0 9 8
G 71 2 7 2
G 72 4 5 2
G 73 6 3 2
G 74 0 11 2
G 75 0 11 8
G 76 2 9 2
G 77 2 9 8
G 78 4 7 2
G 79 6 5 2
G 80 8 3 2
G 81 2 11 2
G 82 2 11 8
G 83 4 9 2
G 84 4 9 8
G 85 6 7 2
G 86 8 5 2
G 87 10 3 2
G 88 0 3 3
G 89 0 5 3
G 90 2 3 3
G 91 0 7 3
G 92 0 7 7
G 93 2 5 3
G 94 4 3 3
G 95 0 9 3
G 96 0 9 7
G 97 2 7 3
G 98 2 7 7
G 99 4 5 3
G 100 6 3 3
G 101 0 11 3
G 102 0 11 7
G 103 2 9 3
G 104 2 9 7
G 105 4 7 3
G 106 4 7 7
G 107 6 5 3
G 108 8 3 3
G 109 2 11 3
G 110 2 11 7
G 111 4 9 3
G 112 4 9 7
G 113 6 7 3
G 114 6 7 7
G 115 8 5 3
G 116 10 3 3
G 117 0 5 4
G 118 0 7 4
G 119 0 7 6
G 120 2 5 4
G 121 0 9 4
G 122 0 9 6
G 123 2 7 4
G 124 2 7 6
G 125 4 5 4
G 126 0 11 4
G 127 0 11 6
G 128 2 9 4
G 129 2 9 6
G 130 4 7 4
G 131 4 7 6
G 132 6 5 4
G 133 2 11 4
G 134 2 11 6
G 135 4 9 4
G 136 4 9 6
G 137 6 7 4
G 138 6 7 6
G 139 8 5 4
G 140 0 5 -5
G 141 0 7 -5
G 142 2 5 -5
G 143 0 9 -5
G 144 2 7 -5
G 145 4 5 -5
G 146 0 11 -5
G 147 2 9 -5
G 148 4 7 -5
G 149 6 5 -5
G 150 2 11 -5
G 151 4 9 -5
G 152 6 7 -5
G 153 8 5 -5
G 154 0 5 -4
G 155 0 7 -6
G 156 0 7 -4
G 157 2 5 -4
G 158 0 9 -6
G 159 0 9 -4
G 160 2 7 -6
G 161 2 7 -4
G 162 4 5 -4
G 163 0 11 -6
G 164 0 11 -4
G 165 2 9 -6
G 166 2 9 -4
G 167 4 7 -6
G 168 4 7 -4
G 169 6 5 -4
G 170 2 11 -6
G 171 2 11 -4
G 172 4 9 -6
G 173 4 9 -4
G 174 6 7 -6
G 175 6 7 -4
G 176 8 5 -4
G 177 0 3 -3
G 178 0 5 -3
G 179 2 3 -3
G 180 0 7 -7
G 181 0 7 -3
G 182 2 5 -3
G 183 4 3 -3
G 184 0 9 -7
G 185 0 9 -3
G 186 2 7 -7
G 187 2 7 -3
G 188 4 5 -3
G 189 6 3 -3
G 190 0 11 -7
G 191 0 11 -3
G 192 2 9 -7
G 193 2 9 -3
G 194 4 7 -7
G 195 4 7 -3
G 196 6 5 -3
G 197 8 3 -3
G 198 2 11 -7
G 199 2 11 -3
G 200 4 9 -7
G 201 4 9 -3
G 202 6 7 -7
G 203 6 7 -3
G 204 8 5 -3
G 205 10 3 -3
G 206 0 3 -2
G 207 0 5 -2
G 208 2 3 -2
G 209 0 7 -2
G 210 2 5 -2
G 211 4 3 -2
G 212 0 9 -8
G 213 0 9 -2
G 214 2 7 -2
G 215 4 5 -2
G 216 6 3 -2
G 217 0 11 -8
G 218 0 11 -2
G 219 2 9 -8
G 220 2 9 -2
G 221 4 7 -2
G 222 6 5 -2
G 223 8 3 -2
G 224 2 11 -8
G 225 2 11 -2
G 226 4 9 -8
G 227 4 9 -2
G 228 6 7 -2
G 229 8 5 -2
G 230 10 3 -2
G 231 0 1 -1
G 232 0 3 -1
G 233 2 1 -1
G 234 0 5 -1
G 235 2 3 -1
G 236 4 1 -1
G 237 0 7 -1
G 238 2 5 -1
G 239 4 3 -1
G 240 6 1 -1
G 241 0 9 -9
G 242 0 9 -1
G 243 2 7 -1
G 244 4 5 -1
G 245 6 3 -1
G 246 8 1 -1
G 247 0 11 -9
G 248 0 11 -1
G 249 2 9 -9
G 250 2 9 -1
G 251 4 7 -1
G 252 6 5 -1
G 253 8 3 -1
G 254 10 1 -1
G 255 2 11 -9
G 256 2 11 -1
G 257 4 9 -9
G 258 4 9 -1
G 259 6 7 -1
G 260 8 5 -1
G 261 10 3 -1
G 262 12 1 -1
G 263 0 11 -10
G 264 2 11 -10
G 265 0 11 -11
G 266 2 11 -11
G 267 0 5 5
G 268 0 7 5
G 269 2 5 5
G 270 0 9 5
G 271 2 7 5
G 272 4 5 5
G 273 0 11 5
G 274 2 9 5
G 275 4 7 5
G 276 6 5 5
G 277 2 11 5
G 278 4 9 5
G 279 6 7 5
G 280 8 5 5

# TABLE <l> <l'> <rows> [SYMMETRIC]
# ROW <m> <m'> <terms>
# T <prefactor> <num> <den> <radicand> <geometry>

TABLE 5 6 143
ROW -5 -6 29
T 0  14175 32 33  0
T 1  16065 32 22  1
T 1  -8505 8 33  2
T 2  285 4 55  3
T 2  -8925 16 22  4
T 2  6075 8 33  5
T 3  1575 572 231  6
T 3  -570 13 55  7
T 3  8925 44 22  8
T 3  -225 1 33  9
T 4  483 4862 165  10
T 4  -4725 4862 231  11
T 4  114 13 55  12
T 4  -8925 286 22  13
T 4  675 22 33  14
T 5  75 8398 2  15
T 5  75 4199 323323  16
T 5  -46 2431 165  17
T 5  4725 46189 231  18
T 5  -152 221 55  19
T 5  595 286 22  20
T 5  -270 143 33  21
T 6  -3 4199 2  22
T 6  -6 4199 323323  23
T 6  2 2431 165  24
T 6  -150 46189 231  25
T 6  4 221 55  26
T 6  -7 143 22  27
T 6  6 143 33  28
ROW -5 -5 29
T 0  14175 32 11  29
T 1  16065 16 11  30
T 1  -8505 8 11  31
T 2  1425 4 11  32
T 2  -8925 8 11  33
T 2  6075 8 11  34
T 3  11025 286 11  35
T 3  -2850 13 11  36
T 3  8925 22 11  37
T 3  -225 1 11  38
T 4  7245 4862 11  39
T 4  -33075 2431 11  40
T 4  570 13 11  41
T 4  -8925 143 11  42
T 4  675 22 11  43
T 5  75 4199 11  44
T 5  75 4199 176358  45
T 5  -690 2431 11  46
T 5  66150 46189 11  47
T 5  -760 221 11  48
T 5  595 143 11  49
T 5  -270 143 11  50
T 6  -6 4199 11  51
T 6  -6 4199 176358  52
T 6  30 2431 11  53
T 6  -2100 46189 11  54
T 6  20 221 11  55
T 6  -14 143 11  56
T 6  6 143 11  57
ROW -5 -4 32
T 0  -14175 64 2  0
T 1  -16065 16 3  1
T 1  8505 16 2  2
T 2  -1425 8 30  3
T 2  8925 8 3  4
T 2  -6075 16 2  5
T 3  -11025 286 14  6
T 3  1425 13 30  7
T 3  -8925 22 3  8
T 3  225 2 2  9
T 4  -21735 9724 10  10
T 4  1449 4862 12155  58
T 4  33075 2431 14  11
T 4  -285 13 30  12
T 4  8925 143 3  13
T 4  -675 44 2  14
T 5  -75 4199 33  15
T 5  75 4199 92378  59
T 5  1035 2431 10  17
T 5  -138 2431 12155  60
T 5  -66150 46189 14  18
T 5  380 221 30  19
T 5  -595 143 3  20
T 5  135 143 2  21
T 6  6 4199 33  22
T 6  -6 4199 92378  61
T 6  -45 2431 10  24
T 6  6 2431 12155  62
T 6  2100 46189 14  25
T 6  -10 221 30  26
T 6  14 143 3  27
T 6  -3 143 2  28
ROW -5 -3 25
T 1  16065 16 1  63
T 2  1425 4 7  64
T 2  -8925 8 1  65
T 3  6615 286 70  66
T 3  -2850 13 7  67
T 3  8925 22 1  68
T 4  7245 4862 66  69
T 4  2415 4862 7293  70
T 4  -19845 2431 70  71
T 4  570 13 7  72
T 4  -8925 143 1  73
T 5  75 4199 143  74
T 5  75 4199 46189  75
T 5  -690 2431 66  76
T 5  -230 2431 7293  77
T 5  39690 46189 70  78
T 5  -760 221 7  79
T 5  595 143 1  80
T 6  -6 4199 143  81
T 6  -6 4199 46189  82
T 6  30 2431 66  83
T 6  10 2431 7293  84
T 6  -1260 46189 70  85
T 6  20 221 7  86
T 6  -14 143 1  87
ROW -5 -2 29
T 1  -5355 32 6  88
T 2  -475 4 42  89
T 2  2975 16 6  90
T 3  -11025 286 35  91
T 3  2205 572 715  92
T 3  950 13 42  93
T 3  -2975 44 6  94
T 4  -7245 4862 154  95
T 4  7245 4862 858  96
T 4  33075 2431 35  97
T 4  -6615 4862 715  98
T 4  -190 13 42  99
T 4  2975 286 6  100
T 5  -75 8398 2002  101
T 5  225 4199 2431  102
T 5  690 2431 154  103
T 5  -690 2431 858  104
T 5  -66150 46189 35  105
T 5  6615 46189 715  106
T 5  760 663 42  107
T 5  -595 858 6  108
T 6  3 4199 2002  109
T 6  -18 4199 2431  110
T 6  -30 2431 154  111
T 6  30 2431 858  112
T 6  2100 46189 35  113
T 6  -210 46189 715  114
T 6  -20 663 42  115
T 6  7 429 6  116
ROW -5 -1 23
T 2  285 8 210  117
T 3  11025 572 154  118
T 3  1575 286 1001  119
T 3  -285 13 210  120
T 4  1449 9724 30030  121
T 4  7245 4862 715  122
T 4  -33075 4862 154  123
T 4  -4725 2431 1001  124
T 4  57 13 210  125
T 5  75 8398 6006  126
T 5  150 4199 2431  127
T 5  -69 2431 30030  128
T 5  -690 2431 715  129
T 5  33075 46189 154  130
T 5  9450 46189 1001  131
T 5  -76 221 210  132
T 6  -3 4199 6006  133
T 6  -12 4199 2431  134
T 6  3 2431 30030  135
T 6  30 2431 715  136
T 6  -1050 46189 154  137
T 6  -300 46189 1001  138
T 6  2 221 210  139
ROW -5 0 14
T 2  -1425 4 1  140
T 3  -11025 286 66  141
T 3  2850 13 1  142
T 4  -7245 4862 1001  143
T 4  33075 2431 66  144
T 4  -570 13 1  145
T 5  -150 4199 2002  146
T 5  690 2431 1001  147
T 5  -66150 46189 66  148
T 5  760 221 1  149
T 6  12 4199 2002  150
T 6  -30 2431 1001  151
T 6  2100 46189 66  152
T 6  -20 221 1  153
ROW -5 1 23
T 2  285 8 210  154
T 3  -1575 286 1001  155
T 3  11025 572 154  156
T 3  -285 13 210  157
T 4  -7245 4862 715  158
T 4  1449 9724 30030  159
T 4  4725 2431 1001  160
T 4  -33075 4862 154  161
T 4  57 13 210  162
T 5  -150 4199 2431  163
T 5  75 8398 6006  164
T 5  690 2431 715  165
T 5  -69 2431 30030  166
T 5  -9450 46189 1001  167
T 5  33075 46189 154  168
T 5  -76 221 210  169
T 6  12 4199 2431  170
T 6  -3 4199 6006  171
T 6  -30 2431 715  172
T 6  3 2431 30030  173
T 6  300 46189 1001  174
T 6  -1050 46189 154  175
T 6  2 221 210  176
ROW -5 2 29
T 1  -5355 32 6  177
T 2  -475 4 42  178
T 2  2975 16 6  179
T 3  -2205 572 715  180
T 3  -11025 286 35  181
T 3  950 13 42  182
T 3  -2975 44 6  183
T 4  -7245 4862 858  184
T 4  -7245 4862 154  185
T 4  6615 4862 715  186
T 4  33075 2431 35  187
T 4  -190 13 42  188
T 4  2975 286 6  189
T 5  -225 4199 2431  190
T 5  -75 8398 2002  191
T 5  690 2431 858  192
T 5  690 2431 154  193
T 5  -6615 46189 715  194
T 5  -66150 46189 35  195
T 5  760 663 42  196
T 5  -595 858 6  197
T 6  18 4199 2431  198
T 6  3 4199 2002  199
T 6  -30 2431 858  200
T 6  -30 2431 154  201
T 6  210 46189 715  202
T 6  2100 46189 35  203
T 6  -20 663 42  204
T 6  7 429 6  205
ROW -5 3 25
T 1  16065 16 1  206
T 2  1425 4 7  207
T 2  -8925 8 1  208
T 3  6615 286 70  209
T 3  -2850 13 7  210
T 3  8925 22 1  211
T 4  -2415 4862 7293  212
T 4  7245 4862 66  213
T 4  -19845 2431 70  214
T 4  570 13 7  215
T 4  -8925 143 1  216
T 5  -75 4199 46189  217
T 5  75 4199 143  218
T 5  230 2431 7293  219
T 5  -690 2431 66  220
T 5  39690 46189 70  221
T 5  -760 221 7  222
T 5  595 143 1  223
T 6  6 4199 46189  224
T 6  -6 4199 143  225
T 6  -10 2431 7293  226
T 6  30 2431 66  227
T 6  -1260 46189 70  228
T 6  20 221 7  229
T 6  -14 143 1  230
ROW -5 4 32
T 0  -14175 64 2  231
T 1  -16065 16 3  232
T 1  8505 16 2  233
T 2  -1425 8 30  234
T 2  8925 8 3  235
T 2  -6075 16 2  236
T 3  -11025 286 14  237
T 3  1425 13 30  238
T 3  -8925 22 3  239
T 3  225 2 2  240
T 4  -1449 4862 12155  241
T 4  -21735 9724 10  242
T 4  33075 2431 14  243
T 4  -285 13 30  244
T 4  8925 143 3  245
T 4  -675 44 2  246
T 5  -75 4199 92378  247
T 5  -75 4199 33  248
T 5  138 2431 12155  249
T 5  1035 2431 10  250
T 5  -66150 46189 14  251
T 5  380 221 30  252
T 5  -595 143 3  253
T 5  135 143 2  254
T 6  6 4199 92378  255
T 6  6 4199 33  256
T 6  -6 2431 12155  257
T 6  -45 2431 10  258
T 6  2100 46189 14  259
T 6  -10 221 30  260
T 6  14 143 3  261
T 6  -3 143 2  262
ROW -5 5 2
T 5  -75 4199 176358  263
T 6  6 4199 176358  264
ROW -5 6 29
T 0  -14175 32 33  231
T 1  -16065 32 22  232
T 1  8505 8 33  233
T 2  -285 4 55  234
T 2  8925 16 22  235
T 2  -6075 8 33  236
T 3  -1575 572 231  237
T 3  570 13 55  238
T 3  -8925 44 22  239
T 3  225 1 33  240
T 4  -483 4862 165  242
T 4  4725 4862 231  243
T 4  -114 13 55  244
T 4  8925 286 22  245
T 4  -675 22 33  246
T 5  -75 4199 323323  265
T 5  -75 8398 2  248
T 5  46 2431 165  250
T 5  -4725 46189 231  251
T 5  152 221 55  252
T 5  -595 286 22  253
T 5  270 143 33  254
T 6  6 4199 323323  266
T 6  3 4199 2  256
T 6  -2 2431 165  258
T 6  150 46189 231  259
T 6  -4 221 55  260
T 6  7 143 22  261
T 6  -6 143 33  262
ROW -4 -6 22
T 1  -16065 32 22  63
T 2  -285 4 154  64
T 2  8925 16 22  65
T 3  -2835 572 385  66
T 3  570 13 154  67
T 3  -8925 44 22  68
T 4  -483 221 3  69
T 4  8505 4862 385  71
T 4  -114 13 154  72
T 4  8925 286 22  73
T 5  -75 8398 26  74
T 5  75 4199 146965  45
T 5  92 221 3  76
T 5  -8505 46189 385  78
T 5  152 221 154  79
T 5  -595 286 22  80
T 6  3 4199 26  81
T 6  -6 4199 146965  52
T 6  -4 221 3  83
T 6  270 46189 385  85
T 6  -4 221 154  86
T 6  7 143 22  87
ROW -4 -5 26
T 0  14175 64 110  0
T 1  -8505 16 110  2
T 2  -855 8 66  3
T 2  6075 16 110  5
T 3  -315 52 770  6
T 3  855 13 66  7
T 3  -225 2 110  9
T 4  -1449 748 22  10
T 4  -1449 442 221  58
T 4  945 442 770  11
T 4  -171 13 66  12
T 4  675 44 110  14
T 5  -150 4199 15  15
T 5  150 4199 41990  59
T 5  69 187 22  17
T 5  138 221 221  60
T 5  -945 4199 770  18
T 5  228 221 66  19
T 5  -135 143 110  21
T 6  12 4199 15  22
T 6  -12 4199 41990  61
T 6  -3 187 22  24
T 6  -6 221 221  62
T 6  30 4199 770  25
T 6  -6 221 66  26
T 6  3 143 110  28
ROW -4 -4 32
T 0  14175 16 5  29
T 1  16065 16 5  30
T 1  -8505 4 5  31
T 2  -285 1 5  32
T 2  -8925 8 5  33
T 2  6075 4 5  34
T 3  -37485 286 5  35
T 3  2280 13 5  36
T 3  8925 22 5  37
T 3  -450 1 5  38
T 4  -1449 143 5  39
T 4  -1449 2431 2431  70
T 4  6615 143 5  40
T 4  -456 13 5  41
T 4  -8925 143 5  42
T 4  675 11 5  43
T 5  -825 4199 5  44
T 5  75 4199 138567  75
T 5  276 143 5  46
T 5  276 2431 2431  77
T 5  -13230 2717 5  47
T 5  608 221 5  48
T 5  595 143 5  49
T 5  -540 143 5  50
T 6  66 4199 5  51
T 6  -6 4199 138567  82
T 6  -12 143 5  53
T 6  -12 2431 2431  84
T 6  420 2717 5  54
T 6  -16 221 5  55
T 6  -14 143 5  56
T 6  12 143 5  57
ROW -4 -3 36
T 0  -14175 64 6  0
T 1  -16065 8 1  1
T 1  8505 16 6  2
T 2  -285 8 10  3
T 2  8925 4 1  4
T 2  -6075 16 6  5
T 3  4410 143 42  6
T 3  -6615 572 286  92
T 3  285 13 10  7
T 3  -8925 11 1  8
T 3  225 2 6  9
T 4  42021 9724 30  10
T 4  -483 4862 2145  96
T 4  -26460 2431 42  11
T 4  19845 4862 286  98
T 4  -57 13 10  12
T 4  17850 143 1  13
T 4  -675 44 6  14
T 5  750 4199 11  15
T 5  150 4199 24310  102
T 5  -2001 2431 30  17
T 5  46 2431 2145  104
T 5  52920 46189 42  18
T 5  -19845 46189 286  106
T 5  76 221 10  19
T 5  -1190 143 1  20
T 5  135 143 6  21
T 6  -60 4199 11  22
T 6  -12 4199 24310  110
T 6  87 2431 30  24
T 6  -2 2431 2145  112
T 6  -1680 46189 42  25
T 6  630 46189 286  114
T 6  -2 221 10  26
T 6  28 143 1  27
T 6  -3 143 6  28
ROW -4 -2 29
T 1  16065 32 10  63
T 2  285 4 70  64
T 2  -8925 16 10  65
T 3  -15435 286 7  66
T 3  -315 44 1001  119
T 3  -570 13 70  67
T 3  8925 44 10  68
T 4  -5796 2431 165  69
T 4  1449 2431 715  122
T 4  46305 2431 7  71
T 4  945 374 1001  124
T 4  114 13 70  72
T 4  -8925 286 10  73
T 5  -225 8398 1430  74
T 5  375 4199 2431  127
T 5  1104 2431 165  76
T 5  -276 2431 715  129
T 5  -92610 46189 7  78
T 5  -945 3553 1001  131
T 5  -152 221 70  79
T 5  595 286 10  80
T 6  9 4199 1430  81
T 6  -30 4199 2431  134
T 6  -48 2431 165  83
T 6  12 2431 715  136
T 6  2940 46189 7  85
T 6  30 3553 1001  138
T 6  4 221 70  86
T 6  -7 143 10  87
ROW -4 -1 34
T 1  -5355 16 6  88
T 2  -1045 8 42  89
T 2  -285 8 210  267
T 2  2975 8 6  90
T 3  2205 286 35  91
T 3  -1260 143 385  268
T 3  1045 13 42  93
T 3  285 13 210  269
T 3  -2975 22 6  94
T 4  27531 9724 154  95
T 4  4347 9724 4290  270
T 4  -6615 2431 35  97
T 4  7560 2431 385  271
T 4  -209 13 42  99
T 4  -57 13 210  272
T 4  2975 143 6  100
T 5  150 4199 2002  101
T 5  300 4199 2145  273
T 5  -1311 2431 154  103
T 5  -207 2431 4290  274
T 5  13230 46189 35  105
T 5  -15120 46189 385  275
T 5  836 663 42  107
T 5  76 221 210  276
T 5  -595 429 6  108
T 6  -12 4199 2002  109
T 6  -24 4199 2145  277
T 6  57 2431 154  111
T 6  9 2431 4290  278
T 6  -420 46189 35  113
T 6  480 46189 385  279
T 6  -22 663 42  115
T 6  -2 221 210  280
T 6  14 429 6  116
ROW -4 0 14
T 2  1140 1 1  154
T 3  2205 286 165  156
T 3  -9120 13 1  157
T 4  -10143 2431 143  159
T 4  -6615 2431 165  161
T 4  1824 13 1  162
T 5  -525 4199 715  164
T 5  1932 2431 143  166
T 5  13230 46189 165  168
T 5  -2432 221 1  169
T 6  42 4199 715  171
T 6  -84 2431 143  173
T 6  -420 46189 165  175
T 6  64 221 1  176
ROW -4 1 34
T 1  -5355 16 6  177
T 2  285 8 210  140
T 2  -1045 8 42  178
T 2  2975 8 6  179
T 3  1260 143 385  141
T 3  2205 286 35  181
T 3  -285 13 210  142
T 3  1045 13 42  182
T 3  -2975 22 6  183
T 4  -4347 9724 4290  143
T 4  27531 9724 154  185
T 4  -7560 2431 385  144
T 4  -6615 2431 35  187
T 4  57 13 210  145
T 4  -209 13 42  188
T 4  2975 143 6  189
T 5  -300 4199 2145  146
T 5  150 4199 2002  191
T 5  207 2431 4290  147
T 5  -1311 2431 154  193
T 5  15120 46189 385  148
T 5  13230 46189 35  195
T 5  -76 221 210  149
T 5  836 663 42  196
T 5  -595 429 6  197
T 6  24 4199 2145  150
T 6  -12 4199 2002  199
T 6  -9 2431 4290  151
T 6  57 2431 154  201
T 6  -480 46189 385  152
T 6  -420 46189 35  203
T 6  2 221 210  153
T 6  -22 663 42  204
T 6  14 429 6  205
ROW -4 2 29
T 1  16065 32 10  206
T 2  285 4 70  207
T 2  -8925 16 10  208
T 3  315 44 1001  155
T 3  -15435 286 7  209
T 3  -570 13 70  210
T 3  8925 44 10  211
T 4  -1449 2431 715  158
T 4  -5796 2431 165  213
T 4  -945 374 1001  160
T 4  46305 2431 7  214
T 4  114 13 70  215
T 4  -8925 286 10  216
T 5  -375 4199 2431  163
T 5  -225 8398 1430  218
T 5  276 2431 715  165
T 5  1104 2431 165  220
T 5  945 3553 1001  167
T 5  -92610 46189 7  221
T 5  -152 221 70  222
T 5  595 286 10  223
T 6  30 4199 2431  170
T 6  9 4199 1430  225
T 6  -12 2431 715  172
T 6  -48 2431 165  227
T 6  -30 3553 1001  174
T 6  2940 46189 7  228
T 6  4 221 70  229
T 6  -7 143 10  230
ROW -4 3 36
T 0  -14175 64 6  231
T 1  -16065 8 1  232
T 1  8505 16 6  233
T 2  -285 8 10  234
T 2  8925 4 1  235
T 2  -6075 16 6  236
T 3  6615 572 286  180
T 3  4410 143 42  237
T 3  285 13 10  238
T 3  -8925 11 1  239
T 3  225 2 6  240
T 4  483 4862 2145  184
T 4  42021 9724 30  242
T 4  -19845 4862 286  186
T 4  -26460 2431 42  243
T 4  -57 13 10  244
T 4  17850 143 1  245
T 4  -675 44 6  246
T 5  -150 4199 24310  190
T 5  750 4199 11  248
T 5  -46 2431 2145  192
T 5  -2001 2431 30  250
T 5  19845 46189 286  194
T 5  52920 46189 42  251
T 5  76 221 10  252
T 5  -1190 143 1  253
T 5  135 143 6  254
T 6  12 4199 24310  198
T 6  -60 4199 11  256
T 6  2 2431 2145  200
T 6  87 2431 30  258
T 6  -630 46189 286  202
T 6  -1680 46189 42  259
T 6  -2 221 10  260
T 6  28 143 1  261
T 6  -3 143 6  262
ROW -4 4 5
T 4  1449 2431 2431  212
T 5  -75 4199 138567  217
T 5  -276 2431 2431  219
T 6  6 4199 138567  224
T 6  12 2431 2431  226
ROW -4 5 26
T 0  -14175 64 110  231
T 1  8505 16 110  233
T 2  855 8 66  234
T 2  -6075 16 110  236
T 3  315 52 770  237
T 3  -855 13 66  238
T 3  225 2 110  240
T 4  1449 442 221  241
T 4  1449 748 22  242
T 4  -945 442 770  243
T 4  171 13 66  244
T 4  -675 44 110  246
T 5  -150 4199 41990  247
T 5  150 4199 15  248
T 5  -138 221 221  249
T 5  -69 187 22  250
T 5  945 4199 770  251
T 5  -228 221 66  252
T 5  135 143 110  254
T 6  12 4199 41990  255
T 6  -12 4199 15  256
T 6  6 221 221  257
T 6  3 187 22  258
T 6  -30 4199 770  259
T 6  6 221 66  260
T 6  -3 143 110  262
ROW -4 6 22
T 1  16065 32 22  206
T 2  285 4 154  207
T 2  -8925 16 22  208
T 3  2835 572 385  209
T 3  -570 13 154  210
T 3  8925 44 22  211
T 4  483 221 3  213
T 4  -8505 4862 385  214
T 4  114 13 154  215
T 4  -8925 286 22  216
T 5  -75 4199 146965  263
T 5  75 8398 26  218
T 5  -92 221 3  220
T 5  8505 46189 385  221
T 5  -152 221 154  222
T 5  595 286 22  223
T 6  6 4199 146965  264
T 6  -3 4199 26  225
T 6  4 221 3  227
T 6  -270 46189 385  228
T 6  4 221 154  229
T 6  -7 143 22  230
ROW -3 -6 25
T 1  5355 32 66  88
T 2  95 2 462  89
T 2  -2975 16 66  90
T 3  4725 572 385  91
T 3  -380 13 462  93
T 3  2975 44 66  94
T 4  483 221 14  95
T 4  483 442 1326  58
T 4  -14175 4862 385  97
T 4  76 13 462  99
T 4  -2975 286 66  100
T 5  75 8398 182  101
T 5  75 4199 62985  59
T 5  -92 221 14  103
T 5  -46 221 1326  60
T 5  14175 46189 385  105
T 5  -304 663 462  107
T 5  595 858 66  108
T 6  -3 4199 182  109
T 6  -6 4199 62985  61
T 6  4 221 14  111
T 6  2 221 1326  62
T 6  -450 46189 385  113
T 6  8 663 462  115
T 6  -7 429 66  116
ROW -3 -5 25
T 1  -5355 16 33  63
T 2  95 4 231  64
T 2  2975 8 33  65
T 3  630 143 2310  66
T 3  -190 13 231  67
T 3  -2975 22 33  68
T 4  5313 442 2  69
T 4  -483 442 221  70
T 4  -3780 2431 2310  71
T 4  38 13 231  72
T 4  2975 143 33  73
T 5  225 4199 39  74
T 5  225 4199 12597  75
T 5  -506 221 2  76
T 5  46 221 221  77
T 5  7560 46189 2310  78
T 5  -152 663 231  79
T 5  -595 429 33  80
T 6  -18 4199 39  81
T 6  -18 4199 12597  82
T 6  22 221 2  83
T 6  -2 221 221  84
T 6  -240 46189 2310  85
T 6  4 663 231  86
T 6  14 429 33  87
ROW -3 -4 36
T 0  42525 64 10  0
T 1  -5355 16 15  1
T 1  -25515 16 10  2
T 2  -1235 8 6  3
T 2  2975 8 15  4
T 2  18225 16 10  5
T 3  945 44 70  6
T 3  2205 572 4290  92
T 3  95 1 6  7
T 3  -2975 22 15  8
T 3  -675 2 10  9
T 4  177261 9724 2  10
T 4  -14007 4862 143  96
T 4  -2835 374 70  11
T 4  -6615 4862 4290  98
T 4  -19 1 6  12
T 4  2975 143 15  13
T 4  2025 44 10  14
T 5  225 4199 165  15
T 5  225 4199 14586  102
T 5  -8441 2431 2  17
T 5  1334 2431 143  104
T 5  2835 3553 70  18
T 5  6615 46189 4290  106
T 5  76 51 6  19
T 5  -595 429 15  20
T 5  -405 143 10  21
T 6  -18 4199 165  22
T 6  -18 4199 14586  110
T 6  367 2431 2  24
T 6  -58 2431 143  112
T 6  -90 3553 70  25
T 6  -210 46189 4290  114
T 6  -2 51 6  26
T 6  14 429 15  27
T 6  9 143 10  28
ROW -3 -3 36
T 0  42525 32 3  29
T 1  5355 16 3  30
T 1  -25515 8 3  31
T 2  -2375 4 3  32
T 2  -2975 8 3  33
T 2  18225 8 3  34
T 3  19845 286 3  35
T 3  945 286 2002  119
T 3  4750 13 3  36
T 3  2975 22 3  37
T 3  -675 1 3  38
T 4  127995 4862 3  39
T 4  -1932 2431 1430  122
T 4  -59535 2431 3  40
T 4  -2835 2431 2002  124
T 4  -950 13 3  41
T 4  -2975 143 3  42
T 4  2025 22 3  43
T 5  4125 4199 3  44
T 5  375 4199 4862  127
T 5  -12190 2431 3  46
T 5  368 2431 1430  129
T 5  119070 46189 3  47
T 5  5670 46189 2002  131
T 5  3800 663 3  48
T 5  595 429 3  49
T 5  -810 143 3  50
T 6  -330 4199 3  51
T 6  -30 4199 4862  134
T 6  530 2431 3  53
T 6  -16 2431 1430  136
T 6  -3780 46189 3  54
T 6  -180 46189 2002  138
T 6  -100 663 3  55
T 6  -14 429 3  56
T 6  18 143 3  57
ROW -3 -2 41
T 0  -14175 32 3  0
T 1  -37485 32 2  1
T 1  8505 8 3  2
T 2  1045 4 5  3
T 2  475 4 42  267
T 2  20825 16 2  4
T 2  -6075 8 3  5
T 3  2205 286 21  6
T 3  -945 572 77  268
T 3  -2090 13 5  7
T 3  -950 13 42  269
T 3  -20825 44 2  8
T 3  225 1 3  9
T 4  -42987 4862 15  10
T 4  -2415 4862 858  270
T 4  -6615 2431 21  11
T 4  2835 4862 77  271
T 4  418 13 5  12
T 4  190 13 42  272
T 4  20825 286 2  13
T 4  -675 22 3  14
T 5  -3375 8398 22  15
T 5  1125 4199 429  273
T 5  4094 2431 15  17
T 5  230 2431 858  274
T 5  13230 46189 21  18
T 5  -2835 46189 77  275
T 5  -1672 663 5  19
T 5  -760 663 42  276
T 5  -4165 858 2  20
T 5  270 143 3  21
T 6  135 4199 22  22
T 6  -90 4199 429  277
T 6  -178 2431 15  24
T 6  -10 2431 858  278
T 6  -420 46189 21  25
T 6  90 46189 77  279
T 6  44 663 5  26
T 6  20 663 42  280
T 6  49 429 2  27
T 6  -6 143 3  28
ROW -3 -1 34
T 1  5355 4 2  63
T 2  -95 4 14  64
T 2  1045 8 42  117
T 2  -2975 2 2  65
T 3  -6615 286 35  66
T 3  -2835 572 770  118
T 3  190 13 14  67
T 3  -1045 13 42  120
T 3  5950 11 2  68
T 4  25599 4862 33  69
T 4  483 9724 6006  121
T 4  19845 2431 35  71
T 4  8505 4862 770  123
T 4  -38 13 14  72
T 4  209 13 42  125
T 4  -11900 143 2  73
T 5  675 4199 286  74
T 5  225 8398 30030  126
T 5  -2438 2431 33  76
T 5  -23 2431 6006  128
T 5  -39690 46189 35  78
T 5  -8505 46189 770  130
T 5  152 663 14  79
T 5  -836 663 42  132
T 5  2380 429 2  80
T 6  -54 4199 286  81
T 6  -9 4199 30030  133
T 6  106 2431 33  83
T 6  1 2431 6006  135
T 6  1260 46189 35  85
T 6  270 46189 770  137
T 6  -4 663 14  86
T 6  22 663 42  139
T 6  -56 429 2  87
ROW -3 0 20
T 1  -5355 8 7  177
T 2  -2755 4 1  178
T 2  2975 4 7  179
T 3  6615 143 30  181
T 3  5510 13 1  182
T 3  -2975 11 7  183
T 4  -23667 4862 33  185
T 4  -39690 2431 30  187
T 4  -1102 13 1  188
T 4  5950 143 7  189
T 5  -1050 4199 429  191
T 5  2254 2431 33  193
T 5  79380 46189 30  195
T 5  4408 663 1  196
T 5  -1190 429 7  197
T 6  84 4199 429  199
T 6  -98 2431 33  201
T 6  -2520 46189 30  203
T 6  -116 663 1  204
T 6  28 429 7  205
ROW -3 1 34
T 1  5355 4 2  206
T 2  -1045 8 42  154
T 2  -95 4 14  207
T 2  -2975 2 2  208
T 3  2835 572 770  156
T 3  -6615 286 35  209
T 3  1045 13 42  157
T 3  190 13 14  210
T 3  5950 11 2  211
T 4  -483 9724 6006  159
T 4  25599 4862 33  213
T 4  -8505 4862 770  161
T 4  19845 2431 35  214
T 4  -209 13 42  162
T 4  -38 13 14  215
T 4  -11900 143 2  216
T 5  -225 8398 30030  164
T 5  675 4199 286  218
T 5  23 2431 6006  166
T 5  -2438 2431 33  220
T 5  8505 46189 770  168
T 5  -39690 46189 35  221
T 5  836 663 42  169
T 5  152 663 14  222
T 5  2380 429 2  223
T 6  9 4199 30030  171
T 6  -54 4199 286  225
T 6  -1 2431 6006  173
T 6  106 2431 33  227
T 6  -270 46189 770  175
T 6  1260 46189 35  228
T 6  -22 663 42  176
T 6  -4 663 14  229
T 6  -56 429 2  230
ROW -3 2 41
T 0  -14175 32 3  231
T 1  -37485 32 2  232
T 1  8505 8 3  233
T 2  -475 4 42  140
T 2  1045 4 5  234
T 2  20825 16 2  235
T 2  -6075 8 3  236
T 3  945 572 77  141
T 3  2205 286 21  237
T 3  950 13 42  142
T 3  -2090 13 5  238
T 3  -20825 44 2  239
T 3  225 1 3  240
T 4  2415 4862 858  143
T 4  -42987 4862 15  242
T 4  -2835 4862 77  144
T 4  -6615 2431 21  243
T 4  -190 13 42  145
T 4  418 13 5  244
T 4  20825 286 2  245
T 4  -675 22 3  246
T 5  -1125 4199 429  146
T 5  -3375 8398 22  248
T 5  -230 2431 858  147
T 5  4094 2431 15  250
T 5  2835 46189 77  148
T 5  13230 46189 21  251
T 5  760 663 42  149
T 5  -1672 663 5  252
T 5  -4165 858 2  253
T 5  270 143 3  254
T 6  90 4199 429  150
T 6  135 4199 22  256
T 6  10 2431 858  151
T 6  -178 2431 15  258
T 6  -90 46189 77  152
T 6  -420 46189 21  259
T 6  -20 663 42  153
T 6  44 663 5  260
T 6  49 429 2  261
T 6  -6 143 3  262
ROW -3 3 9
T 3  -945 286 2002  155
T 4  1932 2431 1430  158
T 4  2835 2431 2002  160
T 5  -375 4199 4862  163
T 5  -368 2431 1430  165
T 5  -5670 46189 2002  167
T 6  30 4199 4862  170
T 6  16 2431 1430  172
T 6  180 46189 2002  174
ROW -3 4 36
T 0  -42525 64 10  231
T 1  5355 16 15  232
T 1  25515 16 10  233
T 2  1235 8 6  234
T 2  -2975 8 15  235
T 2  -18225 16 10  236
T 3  -2205 572 4290  180
T 3  -945 44 70  237
T 3  -95 1 6  238
T 3  2975 22 15  239
T 3  675 2 10  240
T 4  14007 4862 143  184
T 4  -177261 9724 2  242
T 4  6615 4862 4290  186
T 4  2835 374 70  243
T 4  19 1 6  244
T 4  -2975 143 15  245
T 4  -2025 44 10  246
T 5  -225 4199 14586  190
T 5  -225 4199 165  248
T 5  -1334 2431 143  192
T 5  8441 2431 2  250
T 5  -6615 46189 4290  194
T 5  -2835 3553 70  251
T 5  -76 51 6  252
T 5  595 429 15  253
T 5  405 143 10  254
T 6  18 4199 14586  198
T 6  18 4199 165  256
T 6  58 2431 143  200
T 6  -367 2431 2  258
T 6  210 46189 4290  202
T 6  90 3553 70  259
T 6  2 51 6  260
T 6  -14 429 15  261
T 6  -9 143 10  262
ROW -3 5 25
T 1  5355 16 33  206
T 2  -95 4 231  207
T 2  -2975 8 33  208
T 3  -630 143 2310  209
T 3  190 13 231  210
T 3  2975 22 33  211
T 4  483 442 221  212
T 4  -5313 442 2  213
T 4  3780 2431 2310  214
T 4  -38 13 231  215
T 4  -2975 143 33  216
T 5  -225 4199 12597  217
T 5  -225 4199 39  218
T 5  -46 221 221  219
T 5  506 221 2  220
T 5  -7560 46189 2310  221
T 5  152 663 231  222
T 5  595 429 33  223
T 6  18 4199 12597  224
T 6  18 4199 39  225
T 6  2 221 221  226
T 6  -22 221 2  227
T 6  240 46189 2310  228
T 6  -4 663 231  229
T 6  -14 429 33  230
ROW -3 6 25
T 1  -5355 32 66  177
T 2  -95 2 462  178
T 2  2975 16 66  179
T 3  -4725 572 385  181
T 3  380 13 462  182
T 3  -2975 44 66  183
T 4  -483 442 1326  241
T 4  -483 221 14  185
T 4  14175 4862 385  187
T 4  -76 13 462  188
T 4  2975 286 66  189
T 5  -75 4199 62985  247
T 5  -75 8398 182  191
T 5  46 221 1326  249
T 5  92 221 14  193
T 5  -14175 46189 385  195
T 5  304 663 462  196
T 5  -595 858 66  197
T 6  6 4199 62985  255
T 6  3 4199 182  199
T 6  -2 221 1326  257
T 6  -4 221 14  201
T 6  450 46189 385  203
T 6  -8 663 462  204
T 6  7 429 66  205
ROW -2 -6 19
T 2  -285 4 154  117
T 3  -1575 104 210  118
T 3  570 13 154  120
T 4  -483 442 182  121
T 4  483 221 442  70
T 4  4725 884 210  123
T 4  -114 13 154  125
T 5  -75 8398 910  126
T 5  75 4199 25194  75
T 5  46 221 182  128
T 5  -92 221 442  77
T 5  -4725 8398 210  130
T 5  152 221 154  132
T 6  3 4199 910  133
T 6  -6 4199 25194  82
T 6  -2 221 182  135
T 6  4 221 442  84
T 6  75 4199 210  137
T 6  -4 221 154  139
ROW -2 -5 29
T 1  5355 16 33  88
T 2  95 4 231  89
T 2  -2975 8 33  90
T 3  -7875 1144 770  91
T 3  -2205 104 130  92
T 3  -190 13 231  93
T 3  2975 22 33  94
T 4  -4347 442 7  95
T 4  483 221 39  96
T 4  23625 9724 770  97
T 4  6615 884 130  98
T 4  38 13 231  99
T 4  -2975 143 33  100
T 5  -300 4199 91  101
T 5  900 4199 442  102
T 5  414 221 7  103
T 5  -92 221 39  104
T 5  -23625 92378 770  105
T 5  -6615 8398 130  106
T 5  -152 663 231  107
T 5  595 429 33  108
T 6  24 4199 91  109
T 6  -72 4199 442  110
T 6  -18 221 7  111
T 6  4 221 39  112
T 6  375 46189 770  113
T 6  105 4199 130  114
T 6  4 663 231  115
T 6  -14 429 33  116
ROW -2 -4 29
T 1  -16065 16 1  63
T 2  285 1 7  64
T 2  8925 8 1  65
T 3  -9135 1144 70  66
T 3  315 1144 10010  119
T 3  -2280 13 7  67
T 3  -8925 22 1  68
T 4  -19803 4862 66  69
T 4  -4347 4862 286  122
T 4  27405 9724 70  71
T 4  -945 9724 10010  124
T 4  456 13 7  72
T 4  8925 143 1  73
T 5  -450 4199 143  74
T 5  150 4199 24310  127
T 5  1886 2431 66  76
T 5  414 2431 286  129
T 5  -27405 92378 70  78
T 5  945 92378 10010  131
T 5  -608 221 7  79
T 5  -595 143 1  80
T 6  36 4199 143  81
T 6  -12 4199 24310  134
T 6  -82 2431 66  83
T 6  -18 2431 286  136
T 6  435 46189 70  85
T 6  -15 46189 10010  138
T 6  16 221 7  86
T 6  14 143 1  87
ROW -2 -3 41
T 0  42525 32 2  0
T 1  -16065 16 3  1
T 1  -25515 8 2  2
T 2  285 4 30  3
T 2  -1425 4 7  267
T 2  8925 8 3  4
T 2  18225 8 2  5
T 3  21735 1144 14  6
T 3  9135 1144 462  268
T 3  -570 13 30  7
T 3  2850 13 7  269
T 3  -8925 22 3  8
T 3  -675 1 2  9
T 4  -51681 4862 10  10
T 4  -12075 4862 143  270
T 4  -65205 9724 14  11
T 4  -27405 9724 462  271
T 4  114 13 30  12
T 4  -570 13 7  272
T 4  8925 143 3  13
T 4  2025 22 2  14
T 5  -1500 4199 33  15
T 5  1500 4199 286  273
T 5  4922 2431 10  17
T 5  1150 2431 143  274
T 5  65205 92378 14  18
T 5  27405 92378 462  275
T 5  -152 221 30  19
T 5  760 221 7  276
T 5  -595 143 3  20
T 5  -810 143 2  21
T 6  120 4199 33  22
T 6  -120 4199 286  277
T 6  -214 2431 10  24
T 6  -50 2431 143  278
T 6  -1035 46189 14  25
T 6  -435 46189 462  279
T 6  4 221 30  26
T 6  -20 221 7  280
T 6  14 143 3  27
T 6  18 143 2  28
ROW -2 -2 41
T 0  14175 8 2  29
T 1  -5355 8 2  30
T 1  -8505 2 2  31
T 2  -475 2 2  32
T 2  -285 4 70  117
T 2  2975 4 2  33
T 2  6075 2 2  34
T 3  90405 572 2  35
T 3  8505 1144 462  118
T 3  1900 13 2  36
T 3  570 13 70  120
T 3  -2975 11 2  37
T 3  -900 1 2  38
T 4  -65205 2431 2  39
T 4  -1449 4862 10010  121
T 4  -271215 4862 2  40
T 4  -25515 9724 462  123
T 4  -380 13 2  41
T 4  -114 13 70  125
T 4  5950 143 2  42
T 4  1350 11 2  43
T 5  -12375 4199 2  44
T 5  1125 8398 2002  126
T 5  12420 2431 2  46
T 5  138 2431 10010  128
T 5  271215 46189 2  47
T 5  25515 92378 462  130
T 5  1520 663 2  48
T 5  152 221 70  132
T 5  -1190 429 2  49
T 5  -1080 143 2  50
T 6  990 4199 2  51
T 6  -45 4199 2002  133
T 6  -540 2431 2  53
T 6  -6 2431 10010  135
T 6  -8610 46189 2  54
T 6  -405 46189 462  137
T 6  -40 663 2  55
T 6  -4 221 70  139
T 6  28 429 2  56
T 6  24 143 2  57
ROW -2 -1 47
T 0  -14175 32 5  0
T 1  -5355 32 30  1
T 1  -37485 32 2  88
T 1  8505 8 5  2
T 2  380 1 3  3
T 2  95 4 14  89
T 2  2975 16 30  4
T 2  20825 16 2  90
T 2  -6075 8 5  5
T 3  -15435 572 35  6
T 3  2835 572 105  91
T 3  -3040 13 3  7
T 3  -190 13 14  93
T 3  -2975 44 30  8
T 3  -20825 44 2  94
T 3  225 1 5  9
T 4  33327 2431 1  10
T 4  -4347 4862 462  95
T 4  46305 4862 35  11
T 4  -8505 4862 105  97
T 4  608 13 3  12
T 4  38 13 14  99
T 4  2975 286 30  13
T 4  20825 286 2  100
T 4  -675 22 5  14
T 5  900 4199 330  15
T 5  300 4199 6006  101
T 5  -6348 2431 1  17
T 5  414 2431 462  103
T 5  -46305 46189 35  18
T 5  8505 46189 105  105
T 5  -2432 663 3  19
T 5  -152 663 14  107
T 5  -595 858 30  20
T 5  -4165 858 2  108
T 5  270 143 5  21
T 6  -72 4199 330  22
T 6  -24 4199 6006  109
T 6  276 2431 1  24
T 6  -18 2431 462  111
T 6  1470 46189 35  25
T 6  -270 46189 105  113
T 6  64 663 3  26
T 6  4 663 14  115
T 6  7 429 30  27
T 6  49 429 2  116
T 6  -6 143 5  28
ROW -2 0 20
T 1  16065 16 7  206
T 2  -855 1 1  207
T 2  -8925 8 7  208
T 3  19845 572 10  209
T 3  6840 13 1  210
T 3  8925 22 7  211
T 4  483 2431 462  213
T 4  -59535 4862 10  214
T 4  -1368 13 1  215
T 4  -8925 143 7  216
T 5  -900 4199 1001  218
T 5  -92 2431 462  220
T 5  59535 46189 10  221
T 5  1824 221 1  222
T 5  595 143 7  223
T 6  72 4199 1001  225
T 6  4 2431 462  227
T 6  -1890 46189 10  228
T 6  -48 221 1  229
T 6  -14 143 7  230
ROW -2 1 47
T 0  -14175 32 5  231
T 1  37485 32 2  177
T 1  -5355 32 30  232
T 1  8505 8 5  233
T 2  -95 4 14  178
T 2  380 1 3  234
T 2  -20825 16 2  179
T 2  2975 16 30  235
T 2  -6075 8 5  236
T 3  -2835 572 105  181
T 3  -15435 572 35  237
T 3  190 13 14  182
T 3  -3040 13 3  238
T 3  20825 44 2  183
T 3  -2975 44 30  239
T 3  225 1 5  240
T 4  4347 4862 462  185
T 4  33327 2431 1  242
T 4  8505 4862 105  187
T 4  46305 4862 35  243
T 4  -38 13 14  188
T 4  608 13 3  244
T 4  -20825 286 2  189
T 4  2975 286 30  245
T 4  -675 22 5  246
T 5  -300 4199 6006  191
T 5  900 4199 330  248
T 5  -414 2431 462  193
T 5  -6348 2431 1  250
T 5  -8505 46189 105  195
T 5  -46305 46189 35  251
T 5  152 663 14  196
T 5  -2432 663 3  252
T 5  4165 858 2  197
T 5  -595 858 30  253
T 5  270 143 5  254
T 6  24 4199 6006  199
T 6  -72 4199 330  256
T 6  18 2431 462  201
T 6  276 2431 1  258
T 6  270 46189 105  203
T 6  1470 46189 35  259
T 6  -4 663 14  204
T 6  64 663 3  260
T 6  -49 429 2  205
T 6  7 429 30  261
T 6  -6 143 5  262
ROW -2 2 14
T 2  285 4 70  154
T 3  -8505 1144 462  156
T 3  -570 13 70  157
T 4  1449 4862 10010  159
T 4  25515 9724 462  161
T 4  114 13 70  162
T 5  -1125 8398 2002  164
T 5  -138 2431 10010  166
T 5  -25515 92378 462  168
T 5  -152 221 70  169
T 6  45 4199 2002  171
T 6  6 2431 10010  173
T 6  405 46189 462  175
T 6  4 221 70  176
ROW -2 3 41
T 0  -42525 32 2  231
T 1  16065 16 3  232
T 1  25515 8 2  233
T 2  1425 4 7  140
T 2  -285 4 30  234
T 2  -8925 8 3  235
T 2  -18225 8 2  236
T 3  -9135 1144 462  141
T 3  -21735 1144 14  237
T 3  -2850 13 7  142
T 3  570 13 30  238
T 3  8925 22 3  239
T 3  675 1 2  240
T 4  12075 4862 143  143
T 4  51681 4862 10  242
T 4  27405 9724 462  144
T 4  65205 9724 14  243
T 4  570 13 7  145
T 4  -114 13 30  244
T 4  -8925 143 3  245
T 4  -2025 22 2  246
T 5  -1500 4199 286  146
T 5  1500 4199 33  248
T 5  -1150 2431 143  147
T 5  -4922 2431 10  250
T 5  -27405 92378 462  148
T 5  -65205 92378 14  251
T 5  -760 221 7  149
T 5  152 221 30  252
T 5  595 143 3  253
T 5  810 143 2  254
T 6  120 4199 286  150
T 6  -120 4199 33  256
T 6  50 2431 143  151
T 6  214 2431 10  258
T 6  435 46189 462  152
T 6  1035 46189 14  259
T 6  20 221 7  153
T 6  -4 221 30  260
T 6  -14 143 3  261
T 6  -18 143 2  262
ROW -2 4 29
T 1  16065 16 1  206
T 2  -285 1 7  207
T 2  -8925 8 1  208
T 3  -315 1144 10010  155
T 3  9135 1144 70  209
T 3  2280 13 7  210
T 3  8925 22 1  211
T 4  4347 4862 286  158
T 4  19803 4862 66  213
T 4  945 9724 10010  160
T 4  -27405 9724 70  214
T 4  -456 13 7  215
T 4  -8925 143 1  216
T 5  -150 4199 24310  163
T 5  450 4199 143  218
T 5  -414 2431 286  165
T 5  -1886 2431 66  220
T 5  -945 92378 10010  167
T 5  27405 92378 70  221
T 5  608 221 7  222
T 5  595 143 1  223
T 6  12 4199 24310  170
T 6  -36 4199 143  225
T 6  18 2431 286  172
T 6  82 2431 66  227
T 6  15 46189 10010  174
T 6  -435 46189 70  228
T 6  -16 221 7  229
T 6  -14 143 1  230
ROW -2 5 29
T 1  -5355 16 33  177
T 2  -95 4 231  178
T 2  2975 8 33  179
T 3  2205 104 130  180
T 3  7875 1144 770  181
T 3  190 13 231  182
T 3  -2975 22 33  183
T 4  -483 221 39  184
T 4  4347 442 7  185
T 4  -6615 884 130  186
T 4  -23625 9724 770  187
T 4  -38 13 231  188
T 4  2975 143 33  189
T 5  -900 4199 442  190
T 5  300 4199 91  191
T 5  92 221 39  192
T 5  -414 221 7  193
T 5  6615 8398 130  194
T 5  23625 92378 770  195
T 5  152 663 231  196
T 5  -595 429 33  197
T 6  72 4199 442  198
T 6  -24 4199 91  199
T 6  -4 221 39  200
T 6  18 221 7  201
T 6  -105 4199 130  202
T 6  -375 46189 770  203
T 6  -4 663 231  204
T 6  14 429 33  205
ROW -2 6 19
T 2  285 4 154  154
T 3  1575 104 210  156
T 3  -570 13 154  157
T 4  -483 221 442  212
T 4  483 442 182  159
T 4  -4725 884 210  161
T 4  114 13 154  162
T 5  -75 4199 25194  217
T 5  75 8398 910  164
T 5  92 221 442  219
T 5  -46 221 182  166
T 5  4725 8398 210  168
T 5  -152 221 154  169
T 6  6 4199 25194  224
T 6  -3 4199 910  171
T 6  -4 221 442  226
T 6  2 221 182  173
T 6  -75 4199 210  175
T 6  4 221 154  176
ROW -1 -6 23
T 2  285 4 55  267
T 3  4725 104 30  268
T 3  315 104 2730  92
T 3  -570 13 55  269
T 4  483 442 455  270
T 4  966 221 91  96
T 4  -14175 884 30  271
T 4  -945 884 2730  98
T 4  114 13 55  272
T 5  75 4199 910  273
T 5  75 4199 9282  102
T 5  -46 221 455  274
T 5  -184 221 91  104
T 5  14175 8398 30  275
T 5  945 8398 2730  106
T 5  -152 221 55  276
T 6  -6 4199 910  277
T 6  -6 4199 9282  110
T 6  2 221 455  278
T 6  8 221 91  112
T 6  -225 4199 30  279
T 6  -15 4199 2730  114
T 6  4 221 55  280
ROW -1 -5 23
T 2  -855 8 66  117
T 3  1575 52 10  118
T 3  -315 13 65  119
T 3  855 13 66  120
T 4  3381 884 78  121
T 4  1449 442 91  122
T 4  -4725 442 10  123
T 4  1890 221 65  124
T 4  -171 13 66  125
T 5  525 8398 390  126
T 5  150 4199 7735  127
T 5  -161 221 78  128
T 5  -138 221 91  129
T 5  4725 4199 10  130
T 5  -3780 4199 65  131
T 5  228 221 66  132
T 6  -21 4199 390  133
T 6  -12 4199 7735  134
T 6  7 221 78  135
T 6  6 221 91  136
T 6  -150 4199 10  137
T 6  120 4199 65  138
T 6  -6 221 66  139
ROW -1 -4 34
T 1  5355 16 42  88
T 2  -1235 8 6  89
T 2  1425 8 30  267
T 2  -2975 8 42  90
T 3  -1575 44 5  91
T 3  -11655 572 55  268
T 3  95 1 6  93
T 3  -1425 13 30  269
T 3  2975 22 42  94
T 4  71001 9724 22  95
T 4  483 9724 30030  270
T 4  4725 374 5  97
T 4  34965 4862 55  271
T 4  -19 1 6  99
T 4  285 13 30  272
T 4  -2975 143 42  100
T 5  525 4199 286  101
T 5  150 4199 15015  273
T 5  -3381 2431 22  103
T 5  -23 2431 30030  274
T 5  -4725 3553 5  105
T 5  -34965 46189 55  275
T 5  76 51 6  107
T 5  -380 221 30  276
T 5  595 429 42  108
T 6  -42 4199 286  109
T 6  -12 4199 15015  277
T 6  147 2431 22  111
T 6  1 2431 30030  278
T 6  150 3553 5  113
T 6  1110 46189 55  279
T 6  -2 51 6  115
T 6  10 221 30  280
T 6  -14 429 42  116
ROW -1 -3 28
T 2  285 4 30  64
T 2  285 8 10  117
T 3  -1260 13 3  66
T 3  945 572 66  118
T 3  -570 13 30  67
T 3  -285 13 10  120
T 4  483 374 385  69
T 4  -3381 9724 1430  121
T 4  7560 221 3  71
T 4  -2835 4862 66  123
T 4  114 13 30  72
T 4  57 13 10  125
T 5  75 4199 30030  74
T 5  2625 8398 286  126
T 5  -46 187 385  76
T 5  161 2431 1430  128
T 5  -15120 4199 3  78
T 5  2835 46189 66  130
T 5  -152 221 30  79
T 5  -76 221 10  132
T 6  -6 4199 30030  81
T 6  -105 4199 286  133
T 6  2 187 385  83
T 6  -7 2431 1430  135
T 6  480 4199 3  85
T 6  -90 46189 66  137
T 6  4 221 30  86
T 6  2 221 10  139
ROW -1 -2 47
T 0  14175 32 14  0
T 1  -5355 16 21  1
T 1  5355 16 35  88
T 1  -8505 8 14  2
T 2  95 2 210  3
T 2  -1045 4 5  89
T 2  2975 8 21  4
T 2  -2975 8 35  90
T 2  6075 8 14  5
T 3  -115605 1144 2  6
T 3  65205 1144 6  91
T 3  -380 13 210  7
T 3  2090 13 5  93
T 3  -2975 22 21  8
T 3  2975 22 35  94
T 3  -225 1 14  9
T 4  2898 2431 70  10
T 4  -10143 4862 165  95
T 4  346815 9724 2  11
T 4  -195615 9724 6  97
T 4  76 13 210  12
T 4  -418 13 5  99
T 4  2975 143 21  13
T 4  -2975 143 35  100
T 4  675 22 14  14
T 5  1125 4199 231  15
T 5  525 4199 2145  101
T 5  -552 2431 70  17
T 5  966 2431 165  103
T 5  -346815 92378 2  18
T 5  195615 92378 6  105
T 5  -304 663 210  19
T 5  1672 663 5  107
T 5  -595 429 21  20
T 5  595 429 35  108
T 5  -270 143 14  21
T 6  -90 4199 231  22
T 6  -42 4199 2145  109
T 6  24 2431 70  24
T 6  -42 2431 165  111
T 6  5505 46189 2  25
T 6  -3105 46189 6  113
T 6  8 663 210  26
T 6  -44 663 5  115
T 6  14 429 21  27
T 6  -14 429 35  116
T 6  6 143 14  28
ROW -1 -1 47
T 0  14175 32 35  29
T 1  -5355 16 35  30
T 1  5355 16 21  63
T 1  -8505 8 35  31
T 2  95 1 35  32
T 2  -380 1 3  64
T 2  2975 8 35  33
T 2  -2975 8 21  65
T 2  6075 8 35  34
T 3  -1260 143 35  35
T 3  8505 286 30  66
T 3  -760 13 35  36
T 3  3040 13 3  67
T 3  -2975 22 35  37
T 3  2975 22 21  68
T 3  -225 1 35  38
T 4  -4347 2431 35  39
T 4  -5796 2431 154  69
T 4  7560 2431 35  40
T 4  -25515 2431 30  71
T 4  152 13 35  41
T 4  -608 13 3  72
T 4  2975 143 35  42
T 4  -2975 143 21  73
T 4  675 22 35  43
T 5  4950 4199 35  44
T 5  450 4199 3003  74
T 5  828 2431 35  46
T 5  1104 2431 154  76
T 5  -15120 46189 35  47
T 5  51030 46189 30  78
T 5  -608 663 35  48
T 5  2432 663 3  79
T 5  -595 429 35  49
T 5  595 429 21  80
T 5  -270 143 35  50
T 6  -396 4199 35  51
T 6  -36 4199 3003  81
T 6  -36 2431 35  53
T 6  -48 2431 154  83
T 6  480 46189 35  54
T 6  -1620 46189 30  85
T 6  16 663 35  55
T 6  -64 663 3  86
T 6  14 429 35  56
T 6  -14 429 21  87
T 6  6 143 35  57
ROW -1 0 21
T 0  -14175 32 15  231
T 1  8505 8 15  233
T 2  285 1 1  234
T 2  -6075 8 15  236
T 3  -315 26 105  237
T 3  -2280 13 1  238
T 3  225 1 15  240
T 4  3381 187 3  242
T 4  945 221 105  243
T 4  456 13 1  244
T 4  -675 22 15  246
T 5  -3150 4199 110  248
T 5  -644 187 3  250
T 5  -1890 4199 105  251
T 5  -608 221 1  252
T 5  270 143 15  254
T 6  252 4199 110  256
T 6  28 187 3  258
T 6  60 4199 105  259
T 6  16 221 1  260
T 6  -6 143 15  262
ROW -1 1 20
T 1  -5355 16 21  206
T 2  380 1 3  207
T 2  2975 8 21  208
T 3  -8505 286 30  209
T 3  -3040 13 3  210
T 3  -2975 22 21  211
T 4  5796 2431 154  213
T 4  25515 2431 30  214
T 4  608 13 3  215
T 4  2975 143 21  216
T 5  -450 4199 3003  218
T 5  -1104 2431 154  220
T 5  -51030 46189 30  221
T 5  -2432 663 3  222
T 5  -595 429 21  223
T 6  36 4199 3003  225
T 6  48 2431 154  227
T 6  1620 46189 30  228
T 6  64 663 3  229
T 6  14 429 21  230
ROW -1 2 47
T 0  -14175 32 14  231
T 1  -5355 16 35  177
T 1  5355 16 21  232
T 1  8505 8 14  233
T 2  1045 4 5  178
T 2  -95 2 210  234
T 2  2975 8 35  179
T 2  -2975 8 21  235
T 2  -6075 8 14  236
T 3  -65205 1144 6  181
T 3  115605 1144 2  237
T 3  -2090 13 5  182
T 3  380 13 210  238
T 3  -2975 22 35  183
T 3  2975 22 21  239
T 3  225 1 14  240
T 4  10143 4862 165  185
T 4  -2898 2431 70  242
T 4  195615 9724 6  187
T 4  -346815 9724 2  243
T 4  418 13 5  188
T 4  -76 13 210  244
T 4  2975 143 35  189
T 4  -2975 143 21  245
T 4  -675 22 14  246
T 5  -525 4199 2145  191
T 5  -1125 4199 231  248
T 5  -966 2431 165  193
T 5  552 2431 70  250
T 5  -195615 92378 6  195
T 5  346815 92378 2  251
T 5  -1672 663 5  196
T 5  304 663 210  252
T 5  -595 429 35  197
T 5  595 429 21  253
T 5  270 143 14  254
T 6  42 4199 2145  199
T 6  90 4199 231  256
T 6  42 2431 165  201
T 6  -24 2431 70  258
T 6  3105 46189 6  203
T 6  -5505 46189 2  259
T 6  44 663 5  204
T 6  -8 663 210  260
T 6  14 429 35  205
T 6  -14 429 21  261
T 6  -6 143 14  262
ROW -1 3 28
T 2  -285 8 10  154
T 2  -285 4 30  207
T 3  -945 572 66  156
T 3  1260 13 3  209
T 3  285 13 10  157
T 3  570 13 30  210
T 4  3381 9724 1430  159
T 4  -483 374 385  213
T 4  2835 4862 66  161
T 4  -7560 221 3  214
T 4  -57 13 10  162
T 4  -114 13 30  215
T 5  -2625 8398 286  164
T 5  -75 4199 30030  218
T 5  -161 2431 1430  166
T 5  46 187 385  220
T 5  -2835 46189 66  168
T 5  15120 4199 3  221
T 5  76 221 10  169
T 5  152 221 30  222
T 6  105 4199 286  171
T 6  6 4199 30030  225
T 6  7 2431 1430  173
T 6  -2 187 385  227
T 6  90 46189 66  175
T 6  -480 4199 3  228
T 6  -2 221 10  176
T 6  -4 221 30  229
ROW -1 4 34
T 1  -5355 16 42  177
T 2  -1425 8 30  140
T 2  1235 8 6  178
T 2  2975 8 42  179
T 3  11655 572 55  141
T 3  1575 44 5  181
T 3  1425 13 30  142
T 3  -95 1 6  182
T 3  -2975 22 42  183
T 4  -483 9724 30030  143
T 4  -71001 9724 22  185
T 4  -34965 4862 55  144
T 4  -4725 374 5  187
T 4  -285 13 30  145
T 4  19 1 6  188
T 4  2975 143 42  189
T 5  -150 4199 15015  146
T 5  -525 4199 286  191
T 5  23 2431 30030  147
T 5  3381 2431 22  193
T 5  34965 46189 55  148
T 5  4725 3553 5  195
T 5  380 221 30  149
T 5  -76 51 6  196
T 5  -595 429 42  197
T 6  12 4199 15015  150
T 6  42 4199 286  199
T 6  -1 2431 30030  151
T 6  -147 2431 22  201
T 6  -1110 46189 55  152
T 6  -150 3553 5  203
T 6  -10 221 30  153
T 6  2 51 6  204
T 6  14 429 42  205
ROW -1 5 23
T 2  855 8 66  154
T 3  315 13 65  155
T 3  -1575 52 10  156
T 3  -855 13 66  157
T 4  -1449 442 91  158
T 4  -3381 884 78  159
T 4  -1890 221 65  160
T 4  4725 442 10  161
T 4  171 13 66  162
T 5  -150 4199 7735  163
T 5  -525 8398 390  164
T 5  138 221 91  165
T 5  161 221 78  166
T 5  3780 4199 65  167
T 5  -4725 4199 10  168
T 5  -228 221 66  169
T 6  12 4199 7735  170
T 6  21 4199 390  171
T 6  -6 221 91  172
T 6  -7 221 78  173
T 6  -120 4199 65  174
T 6  150 4199 10  175
T 6  6 221 66  176
ROW -1 6 23
T 2  -285 4 55  140
T 3  -315 104 2730  180
T 3  -4725 104 30  141
T 3  570 13 55  142
T 4  -966 221 91  184
T 4  -483 442 455  143
T 4  945 884 2730  186
T 4  14175 884 30  144
T 4  -114 13 55  145
T 5  -75 4199 9282  190
T 5  -75 4199 910  146
T 5  184 221 91  192
T 5  46 221 455  147
T 5  -945 8398 2730  194
T 5  -14175 8398 30  148
T 5  152 221 55  149
T 6  6 4199 9282  198
T 6  6 4199 910  150
T 6  -8 221 91  200
T 6  -2 221 455  151
T 6  15 4199 2730  202
T 6  225 4199 30  152
T 6  -4 221 55  153
ROW 0 -6 9
T 3  -4725 52 13  155
T 4  -483 221 455  158
T 4  14175 442 13  160
T 5  -150 4199 1547  163
T 5  92 221 455  165
T 5  -14175 4199 13  167
T 6  12 4199 1547  170
T 6  -4 221 455  172
T 6  450 4199 13  174
ROW 0 -5 14
T 2  1425 4 11  140
T 3  1575 52 6  141
T 3  -2850 13 11  142
T 4  -2415 442 91  143
T 4  -4725 442 6  144
T 4  570 13 11  145
T 5  -900 4199 182  146
T 5  230 221 91  147
T 5  4725 4199 6  148
T 5  -760 221 11  149
T 6  72 4199 182  150
T 6  -10 221 91  151
T 6  -150 4199 6  152
T 6  20 221 11  153
ROW 0 -4 14
T 2  -285 1 5  154
T 3  6300 143 33  156
T 3  2280 13 5  157
T 4  -3381 2431 715  159
T 4  -37800 2431 33  161
T 4  -456 13 5  162
T 5  -1575 4199 143  164
T 5  644 2431 715  166
T 5  75600 46189 33  168
T 5  608 221 5  169
T 6  126 4199 143  171
T 6  -28 2431 715  173
T 6  -2400 46189 33  175
T 6  -16 221 5  176
ROW 0 -3 20
T 1  5355 8 21  177
T 2  -2375 4 3  178
T 2  -2975 4 21  179
T 3  34965 572 10  181
T 3  4750 13 3  182
T 3  2975 11 21  183
T 4  -16905 4862 11  185
T 4  -104895 4862 10  187
T 4  -950 13 3  188
T 4  -5950 143 21  189
T 5  -2100 4199 143  191
T 5  1610 2431 11  193
T 5  104895 46189 10  195
T 5  3800 663 3  196
T 5  1190 429 21  197
T 6  168 4199 143  199
T 6  -70 2431 11  201
T 6  -3330 46189 10  203
T 6  -100 663 3  204
T 6  -28 429 21  205
ROW 0 -2 20
T 1  5355 16 14  206
T 2  -475 2 2  207
T 2  -2975 8 14  208
T 3  2835 572 5  209
T 3  1900 13 2  210
T 3  2975 22 14  211
T 4  2415 2431 231  213
T 4  -8505 4862 5  214
T 4  -380 13 2  215
T 4  -2975 143 14  216
T 5  -675 4199 2002  218
T 5  -460 2431 231  220
T 5  8505 46189 5  221
T 5  1520 663 2  222
T 5  595 429 14  223
T 6  54 4199 2002  225
T 6  20 2431 231  227
T 6  -270 46189 5  228
T 6  -40 663 2  229
T 6  -14 429 14  230
ROW 0 -1 27
T 0  14175 32 21  231
T 1  -5355 16 14  232
T 1  -8505 8 21  233
T 2  95 1 35  234
T 2  2975 8 14  235
T 2  6075 8 21  236
T 3  -26775 286 3  237
T 3  -760 13 35  238
T 3  -2975 22 14  239
T 3  -225 1 21  240
T 4  483 143 105  242
T 4  4725 143 3  243
T 4  152 13 35  244
T 4  2975 143 14  245
T 4  675 22 21  246
T 5  -2700 4199 154  248
T 5  -92 143 105  250
T 5  -9450 2717 3  251
T 5  -608 663 35  252
T 5  -595 429 14  253
T 5  -270 143 21  254
T 6  216 4199 154  256
T 6  4 143 105  258
T 6  300 2717 3  259
T 6  16 663 35  260
T 6  14 429 14  261
T 6  6 143 21  262
ROW 0 0 27
T 0  42525 16 1  29
T 1  -37485 16 1  30
T 1  -25515 4 1  31
T 2  950 1 1  32
T 2  20825 8 1  33
T 2  18225 4 1  34
T 3  -33075 143 1  35
T 3  -7600 13 1  36
T 3  -20825 22 1  37
T 3  -1350 1 1  38
T 4  101430 2431 1  39
T 4  198450 2431 1  40
T 4  1520 13 1  41
T 4  20825 143 1  42
T 4  2025 11 1  43
T 5  -34650 4199 1  44
T 5  -19320 2431 1  46
T 5  -396900 46189 1  47
T 5  -6080 663 1  48
T 5  -4165 429 1  49
T 5  -1620 143 1  50
T 6  2772 4199 1  51
T 6  840 2431 1  53
T 6  12600 46189 1  54
T 6  160 663 1  55
T 6  98 429 1  56
T 6  36 143 1  57
ROW 0 1 27
T 0  14175 32 21  0
T 1  -5355 16 14  1
T 1  -8505 8 21  2
T 2  95 1 35  3
T 2  2975 8 14  4
T 2  6075 8 21  5
T 3  -26775 286 3  6
T 3  -760 13 35  7
T 3  -2975 22 14  8
T 3  -225 1 21  9
T 4  483 143 105  10
T 4  4725 143 3  11
T 4  152 13 35  12
T 4  2975 143 14  13
T 4  675 22 21  14
T 5  -2700 4199 154  15
T 5  -92 143 105  17
T 5  -9450 2717 3  18
T 5  -608 663 35  19
T 5  -595 429 14  20
T 5  -270 143 21  21
T 6  216 4199 154  22
T 6  4 143 105  24
T 6  300 2717 3  25
T 6  16 663 35  26
T 6  14 429 14  27
T 6  6 143 21  28
ROW 0 2 20
T 1  5355 16 14  63
T 2  -475 2 2  64
T 2  -2975 8 14  65
T 3  2835 572 5  66
T 3  1900 13 2  67
T 3  2975 22 14  68
T 4  2415 2431 231  69
T 4  -8505 4862 5  71
T 4  -380 13 2  72
T 4  -2975 143 14  73
T 5  -675 4199 2002  74
T 5  -460 2431 231  76
T 5  8505 46189 5  78
T 5  1520 663 2  79
T 5  595 429 14  80
T 6  54 4199 2002  81
T 6  20 2431 231  83
T 6  -270 46189 5  85
T 6  -40 663 2  86
T 6  -14 429 14  87
ROW 0 3 20
T 1  5355 8 21  88
T 2  -2375 4 3  89
T 2  -2975 4 21  90
T 3  34965 572 10  91
T 3  4750 13 3  93
T 3  2975 11 21  94
T 4  -16905 4862 11  95
T 4  -104895 4862 10  97
T 4  -950 13 3  99
T 4  -5950 143 21  100
T 5  -2100 4199 143  101
T 5  1610 2431 11  103
T 5  104895 46189 10  105
T 5  3800 663 3  107
T 5  1190 429 21  108
T 6  168 4199 143  109
T 6  -70 2431 11  111
T 6  -3330 46189 10  113
T 6  -100 663 3  115
T 6  -28 429 21  116
ROW 0 4 14
T 2  -285 1 5  117
T 3  6300 143 33  118
T 3  2280 13 5  120
T 4  -3381 2431 715  121
T 4  -37800 2431 33  123
T 4  -456 13 5  125
T 5  -1575 4199 143  126
T 5  644 2431 715  128
T 5  75600 46189 33  130
T 5  608 221 5  132
T 6  126 4199 143  133
T 6  -28 2431 715  135
T 6  -2400 46189 33  137
T 6  -16 221 5  139
ROW 0 5 14
T 2  1425 4 11  267
T 3  1575 52 6  268
T 3  -2850 13 11  269
T 4  -2415 442 91  270
T 4  -4725 442 6  271
T 4  570 13 11  272
T 5  -900 4199 182  273
T 5  230 221 91  274
T 5  4725 4199 6  275
T 5  -760 221 11  276
T 6  72 4199 182  277
T 6  -10 221 91  278
T 6  -150 4199 6  279
T 6  20 221 11  280
ROW 0 6 9
T 3  -4725 52 13  119
T 4  -483 221 455  122
T 4  14175 442 13  124
T 5  -150 4199 1547  127
T 5  92 221 455  129
T 5  -14175 4199 13  131
T 6  12 4199 1547  134
T 6  -4 221 455  136
T 6  450 4199 13  138
ROW 1 -6 23
T 2  285 4 55  140
T 3  -315 104 2730  180
T 3  4725 104 30  141
T 3  -570 13 55  142
T 4  -966 221 91  184
T 4  483 442 455  143
T 4  945 884 2730  186
T 4  -14175 884 30  144
T 4  114 13 55  145
T 5  -75 4199 9282  190
T 5  75 4199 910  146
T 5  184 221 91  192
T 5  -46 221 455  147
T 5  -945 8398 2730  194
T 5  14175 8398 30  148
T 5  -152 221 55  149
T 6  6 4199 9282  198
T 6  -6 4199 910  150
T 6  -8 221 91  200
T 6  2 221 455  151
T 6  15 4199 2730  202
T 6  -225 4199 30  152
T 6  4 221 55  153
ROW 1 -5 23
T 2  -855 8 66  154
T 3  315 13 65  155
T 3  1575 52 10  156
T 3  855 13 66  157
T 4  -1449 442 91  158
T 4  3381 884 78  159
T 4  -1890 221 65  160
T 4  -4725 442 10  161
T 4  -171 13 66  162
T 5  -150 4199 7735  163
T 5  525 8398 390  164
T 5  138 221 91  165
T 5  -161 221 78  166
T 5  3780 4199 65  167
T 5  4725 4199 10  168
T 5  228 221 66  169
T 6  12 4199 7735  170
T 6  -21 4199 390  171
T 6  -6 221 91  172
T 6  7 221 78  173
T 6  -120 4199 65  174
T 6  -150 4199 10  175
T 6  -6 221 66  176
ROW 1 -4 34
T 1  5355 16 42  177
T 2  -1425 8 30  140
T 2  -1235 8 6  178
T 2  -2975 8 42  179
T 3  11655 572 55  141
T 3  -1575 44 5  181
T 3  1425 13 30  142
T 3  95 1 6  182
T 3  2975 22 42  183
T 4  -483 9724 30030  143
T 4  71001 9724 22  185
T 4  -34965 4862 55  144
T 4  4725 374 5  187
T 4  -285 13 30  145
T 4  -19 1 6  188
T 4  -2975 143 42  189
T 5  -150 4199 15015  146
T 5  525 4199 286  191
T 5  23 2431 30030  147
T 5  -3381 2431 22  193
T 5  34965 46189 55  148
T 5  -4725 3553 5  195
T 5  380 221 30  149
T 5  76 51 6  196
T 5  595 429 42  197
T 6  12 4199 15015  150
T 6  -42 4199 286  199
T 6  -1 2431 30030  151
T 6  147 2431 22  201
T 6  -1110 46189 55  152
T 6  150 3553 5  203
T 6  -10 221 30  153
T 6  -2 51 6  204
T 6  -14 429 42  205
ROW 1 -3 28
T 2  -285 8 10  154
T 2  285 4 30  207
T 3  -945 572 66  156
T 3  -1260 13 3  209
T 3  285 13 10  157
T 3  -570 13 30  210
T 4  3381 9724 1430  159
T 4  483 374 385  213
T 4  2835 4862 66  161
T 4  7560 221 3  214
T 4  -57 13 10  162
T 4  114 13 30  215
T 5  -2625 8398 286  164
T 5  75 4199 30030  218
T 5  -161 2431 1430  166
T 5  -46 187 385  220
T 5  -2835 46189 66  168
T 5  -15120 4199 3  221
T 5  76 221 10  169
T 5  -152 221 30  222
T 6  105 4199 286  171
T 6  -6 4199 30030  225
T 6  7 2431 1430  173
T 6  2 187 385  227
T 6  90 46189 66  175
T 6  480 4199 3  228
T 6  -2 221 10  176
T 6  4 221 30  229
ROW 1 -2 47
T 0  14175 32 14  231
T 1  -5355 16 35  177
T 1  -5355 16 21  232
T 1  -8505 8 14  233
T 2  1045 4 5  178
T 2  95 2 210  234
T 2  2975 8 35  179
T 2  2975 8 21  235
T 2  6075 8 14  236
T 3  -65205 1144 6  181
T 3  -115605 1144 2  237
T 3  -2090 13 5  182
T 3  -380 13 210  238
T 3  -2975 22 35  183
T 3  -2975 22 21  239
T 3  -225 1 14  240
T 4  10143 4862 165  185
T 4  2898 2431 70  242
T 4  195615 9724 6  187
T 4  346815 9724 2  243
T 4  418 13 5  188
T 4  76 13 210  244
T 4  2975 143 35  189
T 4  2975 143 21  245
T 4  675 22 14  246
T 5  -525 4199 2145  191
T 5  1125 4199 231  248
T 5  -966 2431 165  193
T 5  -552 2431 70  250
T 5  -195615 92378 6  195
T 5  -346815 92378 2  251
T 5  -1672 663 5  196
T 5  -304 663 210  252
T 5  -595 429 35  197
T 5  -595 429 21  253
T 5  -270 143 14  254
T 6  42 4199 2145  199
T 6  -90 4199 231  256
T 6  42 2431 165  201
T 6  24 2431 70  258
T 6  3105 46189 6  203
T 6  5505 46189 2  259
T 6  44 663 5  204
T 6  8 663 210  260
T 6  14 429 35  205
T 6  14 429 21  261
T 6  6 143 14  262
ROW 1 -1 20
T 1  -5355 16 21  206
T 2  380 1 3  207
T 2  2975 8 21  208
T 3  -8505 286 30  209
T 3  -3040 13 3  210
T 3  -2975 22 21  211
T 4  5796 2431 154  213
T 4  25515 2431 30  214
T 4  608 13 3  215
T 4  2975 143 21  216
T 5  -450 4199 3003  218
T 5  -1104 2431 154  220
T 5  -51030 46189 30  221
T 5  -2432 663 3  222
T 5  -595 429 21  223
T 6  36 4199 3003  225
T 6  48 2431 154  227
T 6  1620 46189 30  228
T 6  64 663 3  229
T 6  14 429 21  230
ROW 1 0 21
T 0  -14175 32 15  0
T 1  8505 8 15  2
T 2  285 1 1  3
T 2  -6075 8 15  5
T 3  -315 26 105  6
T 3  -2280 13 1  7
T 3  225 1 15  9
T 4  3381 187 3  10
T 4  945 221 105  11
T 4  456 13 1  12
T 4  -675 22 15  14
T 5  -3150 4199 110  15
T 5  -644 187 3  17
T 5  -1890 4199 105  18
T 5  -608 221 1  19
T 5  270 143 15  21
T 6  252 4199 110  22
T 6  28 187 3  24
T 6  60 4199 105  25
T 6  16 221 1  26
T 6  -6 143 15  28
ROW 1 1 47
T 0  14175 32 35  29
T 1  -5355 16 35  30
T 1  -5355 16 21  63
T 1  -8505 8 35  31
T 2  95 1 35  32
T 2  380 1 3  64
T 2  2975 8 35  33
T 2  2975 8 21  65
T 2  6075 8 35  34
T 3  -1260 143 35  35
T 3  -8505 286 30  66
T 3  -760 13 35  36
T 3  -3040 13 3  67
T 3  -2975 22 35  37
T 3  -2975 22 21  68
T 3  -225 1 35  38
T 4  -4347 2431 35  39
T 4  5796 2431 154  69
T 4  7560 2431 35  40
T 4  25515 2431 30  71
T 4  152 13 35  41
T 4  608 13 3  72
T 4  2975 143 35  42
T 4  2975 143 21  73
T 4  675 22 35  43
T 5  4950 4199 35  44
T 5  -450 4199 3003  74
T 5  828 2431 35  46
T 5  -1104 2431 154  76
T 5  -15120 46189 35  47
T 5  -51030 46189 30  78
T 5  -608 663 35  48
T 5  -2432 663 3  79
T 5  -595 429 35  49
T 5  -595 429 21  80
T 5  -270 143 35  50
T 6  -396 4199 35  51
T 6  36 4199 3003  81
T 6  -36 2431 35  53
T 6  48 2431 154  83
T 6  480 46189 35  54
T 6  1620 46189 30  85
T 6  16 663 35  55
T 6  64 663 3  86
T 6  14 429 35  56
T 6  14 429 21  87
T 6  6 143 35  57
ROW 1 2 47
T 0  14175 32 14  0
T 1  -5355 16 21  1
T 1  -5355 16 35  88
T 1  -8505 8 14  2
T 2  95 2 210  3
T 2  1045 4 5  89
T 2  2975 8 21  4
T 2  2975 8 35  90
T 2  6075 8 14  5
T 3  -115605 1144 2  6
T 3  -65205 1144 6  91
T 3  -380 13 210  7
T 3  -2090 13 5  93
T 3  -2975 22 21  8
T 3  -2975 22 35  94
T 3  -225 1 14  9
T 4  2898 2431 70  10
T 4  10143 4862 165  95
T 4  346815 9724 2  11
T 4  195615 9724 6  97
T 4  76 13 210  12
T 4  418 13 5  99
T 4  2975 143 21  13
T 4  2975 143 35  100
T 4  675 22 14  14
T 5  1125 4199 231  15
T 5  -525 4199 2145  101
T 5  -552 2431 70  17
T 5  -966 2431 165  103
T 5  -346815 92378 2  18
T 5  -195615 92378 6  105
T 5  -304 663 210  19
T 5  -1672 663 5  107
T 5  -595 429 21  20
T 5  -595 429 35  108
T 5  -270 143 14  21
T 6  -90 4199 231  22
T 6  42 4199 2145  109
T 6  24 2431 70  24
T 6  42 2431 165  111
T 6  5505 46189 2  25
T 6  3105 46189 6  113
T 6  8 663 210  26
T 6  44 663 5  115
T 6  14 429 21  27
T 6  14 429 35  116
T 6  6 143 14  28
ROW 1 3 28
T 2  285 4 30  64
T 2  -285 8 10  117
T 3  -1260 13 3  66
T 3  -945 572 66  118
T 3  -570 13 30  67
T 3  285 13 10  120
T 4  483 374 385  69
T 4  3381 9724 1430  121
T 4  7560 221 3  71
T 4  2835 4862 66  123
T 4  114 13 30  72
T 4  -57 13 10  125
T 5  75 4199 30030  74
T 5  -2625 8398 286  126
T 5  -46 187 385  76
T 5  -161 2431 1430  128
T 5  -15120 4199 3  78
T 5  -2835 46189 66  130
T 5  -152 221 30  79
T 5  76 221 10  132
T 6  -6 4199 30030  81
T 6  105 4199 286  133
T 6  2 187 385  83
T 6  7 2431 1430  135
T 6  480 4199 3  85
T 6  90 46189 66  137
T 6  4 221 30  86
T 6  -2 221 10  139
ROW 1 4 34
T 1  5355 16 42  88
T 2  -1235 8 6  89
T 2  -1425 8 30  267
T 2  -2975 8 42  90
T 3  -1575 44 5  91
T 3  11655 572 55  268
T 3  95 1 6  93
T 3  1425 13 30  269
T 3  2975 22 42  94
T 4  71001 9724 22  95
T 4  -483 9724 30030  270
T 4  4725 374 5  97
T 4  -34965 4862 55  271
T 4  -19 1 6  99
T 4  -285 13 30  272
T 4  -2975 143 42  100
T 5  525 4199 286  101
T 5  -150 4199 15015  273
T 5  -3381 2431 22  103
T 5  23 2431 30030  274
T 5  -4725 3553 5  105
T 5  34965 46189 55  275
T 5  76 51 6  107
T 5  380 221 30  276
T 5  595 429 42  108
T 6  -42 4199 286  109
T 6  12 4199 15015  277
T 6  147 2431 22  111
T 6  -1 2431 30030  278
T 6  150 3553 5  113
T 6  -1110 46189 55  279
T 6  -2 51 6  115
T 6  -10 221 30  280
T 6  -14 429 42  116
ROW 1 5 23
T 2  -855 8 66  117
T 3  1575 52 10  118
T 3  315 13 65  119
T 3  855 13 66  120
T 4  3381 884 78  121
T 4  -1449 442 91  122
T 4  -4725 442 10  123
T 4  -1890 221 65  124
T 4  -171 13 66  125
T 5  525 8398 390  126
T 5  -150 4199 7735  127
T 5  -161 221 78  128
T 5  138 221 91  129
T 5  4725 4199 10  130
T 5  3780 4199 65  131
T 5  228 221 66  132
T 6  -21 4199 390  133
T 6  12 4199 7735  134
T 6  7 221 78  135
T 6  -6 221 91  136
T 6  -150 4199 10  137
T 6  -120 4199 65  138
T 6  -6 221 66  139
ROW 1 6 23
T 2  285 4 55  267
T 3  4725 104 30  268
T 3  -315 104 2730  92
T 3  -570 13 55  269
T 4  483 442 455  270
T 4  -966 221 91  96
T 4  -14175 884 30  271
T 4  945 884 2730  98
T 4  114 13 55  272
T 5  75 4199 910  273
T 5  -75 4199 9282  102
T 5  -46 221 455  274
T 5  184 221 91  104
T 5  14175 8398 30  275
T 5  -945 8398 2730  106
T 5  -152 221 55  276
T 6  -6 4199 910  277
T 6  6 4199 9282  110
T 6  2 221 455  278
T 6  -8 221 91  112
T 6  -225 4199 30  279
T 6  15 4199 2730  114
T 6  4 221 55  280
ROW 2 -6 19
T 2  -285 4 154  154
T 3  -1575 104 210  156
T 3  570 13 154  157
T 4  -483 221 442  212
T 4  -483 442 182  159
T 4  4725 884 210  161
T 4  -114 13 154  162
T 5  -75 4199 25194  217
T 5  -75 8398 910  164
T 5  92 221 442  219
T 5  46 221 182  166
T 5  -4725 8398 210  168
T 5  152 221 154  169
T 6  6 4199 25194  224
T 6  3 4199 910  171
T 6  -4 221 442  226
T 6  -2 221 182  173
T 6  75 4199 210  175
T 6  -4 221 154  176
ROW 2 -5 29
T 1  5355 16 33  177
T 2  95 4 231  178
T 2  -2975 8 33  179
T 3  2205 104 130  180
T 3  -7875 1144 770  181
T 3  -190 13 231  182
T 3  2975 22 33  183
T 4  -483 221 39  184
T 4  -4347 442 7  185
T 4  -6615 884 130  186
T 4  23625 9724 770  187
T 4  38 13 231  188
T 4  -2975 143 33  189
T 5  -900 4199 442  190
T 5  -300 4199 91  191
T 5  92 221 39  192
T 5  414 221 7  193
T 5  6615 8398 130  194
T 5  -23625 92378 770  195
T 5  -152 663 231  196
T 5  595 429 33  197
T 6  72 4199 442  198
T 6  24 4199 91  199
T 6  -4 221 39  200
T 6  -18 221 7  201
T 6  -105 4199 130  202
T 6  375 46189 770  203
T 6  4 663 231  204
T 6  -14 429 33  205
ROW 2 -4 29
T 1  -16065 16 1  206
T 2  285 1 7  207
T 2  8925 8 1  208
T 3  -315 1144 10010  155
T 3  -9135 1144 70  209
T 3  -2280 13 7  210
T 3  -8925 22 1  211
T 4  4347 4862 286  158
T 4  -19803 4862 66  213
T 4  945 9724 10010  160
T 4  27405 9724 70  214
T 4  456 13 7  215
T 4  8925 143 1  216
T 5  -150 4199 24310  163
T 5  -450 4199 143  218
T 5  -414 2431 286  165
T 5  1886 2431 66  220
T 5  -945 92378 10010  167
T 5  -27405 92378 70  221
T 5  -608 221 7  222
T 5  -595 143 1  223
T 6  12 4199 24310  170
T 6  36 4199 143  225
T 6  18 2431 286  172
T 6  -82 2431 66  227
T 6  15 46189 10010  174
T 6  435 46189 70  228
T 6  16 221 7  229
T 6  14 143 1  230
ROW 2 -3 41
T 0  42525 32 2  231
T 1  -16065 16 3  232
T 1  -25515 8 2  233
T 2  1425 4 7  140
T 2  285 4 30  234
T 2  8925 8 3  235
T 2  18225 8 2  236
T 3  -9135 1144 462  141
T 3  21735 1144 14  237
T 3  -2850 13 7  142
T 3  -570 13 30  238
T 3  -8925 22 3  239
T 3  -675 1 2  240
T 4  12075 4862 143  143
T 4  -51681 4862 10  242
T 4  27405 9724 462  144
T 4  -65205 9724 14  243
T 4  570 13 7  145
T 4  114 13 30  244
T 4  8925 143 3  245
T 4  2025 22 2  246
T 5  -1500 4199 286  146
T 5  -1500 4199 33  248
T 5  -1150 2431 143  147
T 5  4922 2431 10  250
T 5  -27405 92378 462  148
T 5  65205 92378 14  251
T 5  -760 221 7  149
T 5  -152 221 30  252
T 5  -595 143 3  253
T 5  -810 143 2  254
T 6  120 4199 286  150
T 6  120 4199 33  256
T 6  50 2431 143  151
T 6  -214 2431 10  258
T 6  435 46189 462  152
T 6  -1035 46189 14  259
T 6  20 221 7  153
T 6  4 221 30  260
T 6  14 143 3  261
T 6  18 143 2  262
ROW 2 -2 14
T 2  285 4 70  154
T 3  -8505 1144 462  156
T 3  -570 13 70  157
T 4  1449 4862 10010  159
T 4  25515 9724 462  161
T 4  114 13 70  162
T 5  -1125 8398 2002  164
T 5  -138 2431 10010  166
T 5  -25515 92378 462  168
T 5  -152 221 70  169
T 6  45 4199 2002  171
T 6  6 2431 10010  173
T 6  405 46189 462  175
T 6  4 221 70  176
ROW 2 -1 47
T 0  14175 32 5  231
T 1  37485 32 2  177
T 1  5355 32 30  232
T 1  -8505 8 5  233
T 2  -95 4 14  178
T 2  -380 1 3  234
T 2  -20825 16 2  179
T 2  -2975 16 30  235
T 2  6075 8 5  236
T 3  -2835 572 105  181
T 3  15435 572 35  237
T 3  190 13 14  182
T 3  3040 13 3  238
T 3  20825 44 2  183
T 3  2975 44 30  239
T 3  -225 1 5  240
T 4  4347 4862 462  185
T 4  -33327 2431 1  242
T 4  8505 4862 105  187
T 4  -46305 4862 35  243
T 4  -38 13 14  188
T 4  -608 13 3  244
T 4  -20825 286 2  189
T 4  -2975 286 30  245
T 4  675 22 5  246
T 5  -300 4199 6006  191
T 5  -900 4199 330  248
T 5  -414 2431 462  193
T 5  6348 2431 1  250
T 5  -8505 46189 105  195
T 5  46305 46189 35  251
T 5  152 663 14  196
T 5  2432 663 3  252
T 5  4165 858 2  197
T 5  595 858 30  253
T 5  -270 143 5  254
T 6  24 4199 6006  199
T 6  72 4199 330  256
T 6  18 2431 462  201
T 6  -276 2431 1  258
T 6  270 46189 105  203
T 6  -1470 46189 35  259
T 6  -4 663 14  204
T 6  -64 663 3  260
T 6  -49 429 2  205
T 6  -7 429 30  261
T 6  6 143 5  262
ROW 2 0 20
T 1  16065 16 7  63
T 2  -855 1 1  64
T 2  -8925 8 7  65
T 3  19845 572 10  66
T 3  6840 13 1  67
T 3  8925 22 7  68
T 4  483 2431 462  69
T 4  -59535 4862 10  71
T 4  -1368 13 1  72
T 4  -8925 143 7  73
T 5  -900 4199 1001  74
T 5  -92 2431 462  76
T 5  59535 46189 10  78
T 5  1824 221 1  79
T 5  595 143 7  80
T 6  72 4199 1001  81
T 6  4 2431 462  83
T 6  -1890 46189 10  85
T 6  -48 221 1  86
T 6  -14 143 7  87
ROW 2 1 47
T 0  -14175 32 5  0
T 1  -5355 32 30  1
T 1  37485 32 2  88
T 1  8505 8 5  2
T 2  380 1 3  3
T 2  -95 4 14  89
T 2  2975 16 30  4
T 2  -20825 16 2  90
T 2  -6075 8 5  5
T 3  -15435 572 35  6
T 3  -2835 572 105  91
T 3  -3040 13 3  7
T 3  190 13 14  93
T 3  -2975 44 30  8
T 3  20825 44 2  94
T 3  225 1 5  9
T 4  33327 2431 1  10
T 4  4347 4862 462  95
T 4  46305 4862 35  11
T 4  8505 4862 105  97
T 4  608 13 3  12
T 4  -38 13 14  99
T 4  2975 286 30  13
T 4  -20825 286 2  100
T 4  -675 22 5  14
T 5  900 4199 330  15
T 5  -300 4199 6006  101
T 5  -6348 2431 1  17
T 5  -414 2431 462  103
T 5  -46305 46189 35  18
T 5  -8505 46189 105  105
T 5  -2432 663 3  19
T 5  152 663 14  107
T 5  -595 858 30  20
T 5  4165 858 2  108
T 5  270 143 5  21
T 6  -72 4199 330  22
T 6  24 4199 6006  109
T 6  276 2431 1  24
T 6  18 2431 462  111
T 6  1470 46189 35  25
T 6  270 46189 105  113
T 6  64 663 3  26
T 6  -4 663 14  115
T 6  7 429 30  27
T 6  -49 429 2  116
T 6  -6 143 5  28
ROW 2 2 41
T 0  14175 8 2  29
T 1  -5355 8 2  30
T 1  -8505 2 2  31
T 2  -475 2 2  32
T 2  285 4 70  117
T 2  2975 4 2  33
T 2  6075 2 2  34
T 3  90405 572 2  35
T 3  -8505 1144 462  118
T 3  1900 13 2  36
T 3  -570 13 70  120
T 3  -2975 11 2  37
T 3  -900 1 2  38
T 4  -65205 2431 2  39
T 4  1449 4862 10010  121
T 4  -271215 4862 2  40
T 4  25515 9724 462  123
T 4  -380 13 2  41
T 4  114 13 70  125
T 4  5950 143 2  42
T 4  1350 11 2  43
T 5  -12375 4199 2  44
T 5  -1125 8398 2002  126
T 5  12420 2431 2  46
T 5  -138 2431 10010  128
T 5  271215 46189 2  47
T 5  -25515 92378 462  130
T 5  1520 663 2  48
T 5  -152 221 70  132
T 5  -1190 429 2  49
T 5  -1080 143 2  50
T 6  990 4199 2  51
T 6  45 4199 2002  133
T 6  -540 2431 2  53
T 6  6 2431 10010  135
T 6  -8610 46189 2  54
T 6  405 46189 462  137
T 6  -40 663 2  55
T 6  4 221 70  139
T 6  28 429 2  56
T 6  24 143 2  57
ROW 2 3 41
T 0  42525 32 2  0
T 1  -16065 16 3  1
T 1  -25515 8 2  2
T 2  285 4 30  3
T 2  1425 4 7  267
T 2  8925 8 3  4
T 2  18225 8 2  5
T 3  21735 1144 14  6
T 3  -9135 1144 462  268
T 3  -570 13 30  7
T 3  -2850 13 7  269
T 3  -8925 22 3  8
T 3  -675 1 2  9
T 4  -51681 4862 10  10
T 4  12075 4862 143  270
T 4  -65205 9724 14  11
T 4  27405 9724 462  271
T 4  114 13 30  12
T 4  570 13 7  272
T 4  8925 143 3  13
T 4  2025 22 2  14
T 5  -1500 4199 33  15
T 5  -1500 4199 286  273
T 5  4922 2431 10  17
T 5  -1150 2431 143  274
T 5  65205 92378 14  18
T 5  -27405 92378 462  275
T 5  -152 221 30  19
T 5  -760 221 7  276
T 5  -595 143 3  20
T 5  -810 143 2  21
T 6  120 4199 33  22
T 6  120 4199 286  277
T 6  -214 2431 10  24
T 6  50 2431 143  278
T 6  -1035 46189 14  25
T 6  435 46189 462  279
T 6  4 221 30  26
T 6  20 221 7  280
T 6  14 143 3  27
T 6  18 143 2  28
ROW 2 4 29
T 1  -16065 16 1  63
T 2  285 1 7  64
T 2  8925 8 1  65
T 3  -9135 1144 70  66
T 3  -315 1144 10010  119
T 3  -2280 13 7  67
T 3  -8925 22 1  68
T 4  -19803 4862 66  69
T 4  4347 4862 286  122
T 4  27405 9724 70  71
T 4  945 9724 10010  124
T 4  456 13 7  72
T 4  8925 143 1  73
T 5  -450 4199 143  74
T 5  -150 4199 24310  127
T 5  1886 2431 66  76
T 5  -414 2431 286  129
T 5  -27405 92378 70  78
T 5  -945 92378 10010  131
T 5  -608 221 7  79
T 5  -595 143 1  80
T 6  36 4199 143  81
T 6  12 4199 24310  134
T 6  -82 2431 66  83
T 6  18 2431 286  136
T 6  435 46189 70  85
T 6  15 46189 10010  138
T 6  16 221 7  86
T 6  14 143 1  87
ROW 2 5 29
T 1  5355 16 33  88
T 2  95 4 231  89
T 2  -2975 8 33  90
T 3  -7875 1144 770  91
T 3  2205 104 130  92
T 3  -190 13 231  93
T 3  2975 22 33  94
T 4  -4347 442 7  95
T 4  -483 221 39  96
T 4  23625 9724 770  97
T 4  -6615 884 130  98
T 4  38 13 231  99
T 4  -2975 143 33  100
T 5  -300 4199 91  101
T 5  -900 4199 442  102
T 5  414 221 7  103
T 5  92 221 39  104
T 5  -23625 92378 770  105
T 5  6615 8398 130  106
T 5  -152 663 231  107
T 5  595 429 33  108
T 6  24 4199 91  109
T 6  72 4199 442  110
T 6  -18 221 7  111
T 6  -4 221 39  112
T 6  375 46189 770  113
T 6  -105 4199 130  114
T 6  4 663 231  115
T 6  -14 429 33  116
ROW 2 6 19
T 2  -285 4 154  117
T 3  -1575 104 210  118
T 3  570 13 154  120
T 4  -483 442 182  121
T 4  -483 221 442  70
T 4  4725 884 210  123
T 4  -114 13 154  125
T 5  -75 8398 910  126
T 5  -75 4199 25194  75
T 5  46 221 182  128
T 5  92 221 442  77
T 5  -4725 8398 210  130
T 5  152 221 154  132
T 6  3 4199 910  133
T 6  6 4199 25194  82
T 6  -2 221 182  135
T 6  -4 221 442  84
T 6  75 4199 210  137
T 6  -4 221 154  139
ROW 3 -6 25
T 1  5355 32 66  177
T 2  95 2 462  178
T 2  -2975 16 66  179
T 3  4725 572 385  181
T 3  -380 13 462  182
T 3  2975 44 66  183
T 4  -483 442 1326  241
T 4  483 221 14  185
T 4  -14175 4862 385  187
T 4  76 13 462  188
T 4  -2975 286 66  189
T 5  -75 4199 62985  247
T 5  75 8398 182  191
T 5  46 221 1326  249
T 5  -92 221 14  193
T 5  14175 46189 385  195
T 5  -304 663 462  196
T 5  595 858 66  197
T 6  6 4199 62985  255
T 6  -3 4199 182  199
T 6  -2 221 1326  257
T 6  4 221 14  201
T 6  -450 46189 385  203
T 6  8 663 462  204
T 6  -7 429 66  205
ROW 3 -5 25
T 1  -5355 16 33  206
T 2  95 4 231  207
T 2  2975 8 33  208
T 3  630 143 2310  209
T 3  -190 13 231  210
T 3  -2975 22 33  211
T 4  483 442 221  212
T 4  5313 442 2  213
T 4  -3780 2431 2310  214
T 4  38 13 231  215
T 4  2975 143 33  216
T 5  -225 4199 12597  217
T 5  225 4199 39  218
T 5  -46 221 221  219
T 5  -506 221 2  220
T 5  7560 46189 2310  221
T 5  -152 663 231  222
T 5  -595 429 33  223
T 6  18 4199 12597  224
T 6  -18 4199 39  225
T 6  2 221 221  226
T 6  22 221 2  227
T 6  -240 46189 2310  228
T 6  4 663 231  229
T 6  14 429 33  230
ROW 3 -4 36
T 0  42525 64 10  231
T 1  -5355 16 15  232
T 1  -25515 16 10  233
T 2  -1235 8 6  234
T 2  2975 8 15  235
T 2  18225 16 10  236
T 3  -2205 572 4290  180
T 3  945 44 70  237
T 3  95 1 6  238
T 3  -2975 22 15  239
T 3  -675 2 10  240
T 4  14007 4862 143  184
T 4  177261 9724 2  242
T 4  6615 4862 4290  186
T 4  -2835 374 70  243
T 4  -19 1 6  244
T 4  2975 143 15  245
T 4  2025 44 10  246
T 5  -225 4199 14586  190
T 5  225 4199 165  248
T 5  -1334 2431 143  192
T 5  -8441 2431 2  250
T 5  -6615 46189 4290  194
T 5  2835 3553 70  251
T 5  76 51 6  252
T 5  -595 429 15  253
T 5  -405 143 10  254
T 6  18 4199 14586  198
T 6  -18 4199 165  256
T 6  58 2431 143  200
T 6  367 2431 2  258
T 6  210 46189 4290  202
T 6  -90 3553 70  259
T 6  -2 51 6  260
T 6  14 429 15  261
T 6  9 143 10  262
ROW 3 -3 9
T 3  -945 286 2002  155
T 4  1932 2431 1430  158
T 4  2835 2431 2002  160
T 5  -375 4199 4862  163
T 5  -368 2431 1430  165
T 5  -5670 46189 2002  167
T 6  30 4199 4862  170
T 6  16 2431 1430  172
T 6  180 46189 2002  174
ROW 3 -2 41
T 0  14175 32 3  231
T 1  37485 32 2  232
T 1  -8505 8 3  233
T 2  -475 4 42  140
T 2  -1045 4 5  234
T 2  -20825 16 2  235
T 2  6075 8 3  236
T 3  945 572 77  141
T 3  -2205 286 21  237
T 3  950 13 42  142
T 3  2090 13 5  238
T 3  20825 44 2  239
T 3  -225 1 3  240
T 4  2415 4862 858  143
T 4  42987 4862 15  242
T 4  -2835 4862 77  144
T 4  6615 2431 21  243
T 4  -190 13 42  145
T 4  -418 13 5  244
T 4  -20825 286 2  245
T 4  675 22 3  246
T 5  -1125 4199 429  146
T 5  3375 8398 22  248
T 5  -230 2431 858  147
T 5  -4094 2431 15  250
T 5  2835 46189 77  148
T 5  -13230 46189 21  251
T 5  760 663 42  149
T 5  1672 663 5  252
T 5  4165 858 2  253
T 5  -270 143 3  254
T 6  90 4199 429  150
T 6  -135 4199 22  256
T 6  10 2431 858  151
T 6  178 2431 15  258
T 6  -90 46189 77  152
T 6  420 46189 21  259
T 6  -20 663 42  153
T 6  -44 663 5  260
T 6  -49 429 2  261
T 6  6 143 3  262
ROW 3 -1 34
T 1  -5355 4 2  206
T 2  -1045 8 42  154
T 2  95 4 14  207
T 2  2975 2 2  208
T 3  2835 572 770  156
T 3  6615 286 35  209
T 3  1045 13 42  157
T 3  -190 13 14  210
T 3  -5950 11 2  211
T 4  -483 9724 6006  159
T 4  -25599 4862 33  213
T 4  -8505 4862 770  161
T 4  -19845 2431 35  214
T 4  -209 13 42  162
T 4  38 13 14  215
T 4  11900 143 2  216
T 5  -225 8398 30030  164
T 5  -675 4199 286  218
T 5  23 2431 6006  166
T 5  2438 2431 33  220
T 5  8505 46189 770  168
T 5  39690 46189 35  221
T 5  836 663 42  169
T 5  -152 663 14  222
T 5  -2380 429 2  223
T 6  9 4199 30030  171
T 6  54 4199 286  225
T 6  -1 2431 6006  173
T 6  -106 2431 33  227
T 6  -270 46189 770  175
T 6  -1260 46189 35  228
T 6  -22 663 42  176
T 6  4 663 14  229
T 6  56 429 2  230
ROW 3 0 20
T 1  -5355 8 7  88
T 2  -2755 4 1  89
T 2  2975 4 7  90
T 3  6615 143 30  91
T 3  5510 13 1  93
T 3  -2975 11 7  94
T 4  -23667 4862 33  95
T 4  -39690 2431 30  97
T 4  -1102 13 1  99
T 4  5950 143 7  100
T 5  -1050 4199 429  101
T 5  2254 2431 33  103
T 5  79380 46189 30  105
T 5  4408 663 1  107
T 5  -1190 429 7  108
T 6  84 4199 429  109
T 6  -98 2431 33  111
T 6  -2520 46189 30  113
T 6  -116 663 1  115
T 6  28 429 7  116
ROW 3 1 34
T 1  5355 4 2  63
T 2  -95 4 14  64
T 2  -1045 8 42  117
T 2  -2975 2 2  65
T 3  -6615 286 35  66
T 3  2835 572 770  118
T 3  190 13 14  67
T 3  1045 13 42  120
T 3  5950 11 2  68
T 4  25599 4862 33  69
T 4  -483 9724 6006  121
T 4  19845 2431 35  71
T 4  -8505 4862 770  123
T 4  -38 13 14  72
T 4  -209 13 42  125
T 4  -11900 143 2  73
T 5  675 4199 286  74
T 5  -225 8398 30030  126
T 5  -2438 2431 33  76
T 5  23 2431 6006  128
T 5  -39690 46189 35  78
T 5  8505 46189 770  130
T 5  152 663 14  79
T 5  836 663 42  132
T 5  2380 429 2  80
T 6  -54 4199 286  81
T 6  9 4199 30030  133
T 6  106 2431 33  83
T 6  -1 2431 6006  135
T 6  1260 46189 35  85
T 6  -270 46189 770  137
T 6  -4 663 14  86
T 6  -22 663 42  139
T 6  -56 429 2  87
ROW 3 2 41
T 0  -14175 32 3  0
T 1  -37485 32 2  1
T 1  8505 8 3  2
T 2  1045 4 5  3
T 2  -475 4 42  267
T 2  20825 16 2  4
T 2  -6075 8 3  5
T 3  2205 286 21  6
T 3  945 572 77  268
T 3  -2090 13 5  7
T 3  950 13 42  269
T 3  -20825 44 2  8
T 3  225 1 3  9
T 4  -42987 4862 15  10
T 4  2415 4862 858  270
T 4  -6615 2431 21  11
T 4  -2835 4862 77  271
T 4  418 13 5  12
T 4  -190 13 42  272
T 4  20825 286 2  13
T 4  -675 22 3  14
T 5  -3375 8398 22  15
T 5  -1125 4199 429  273
T 5  4094 2431 15  17
T 5  -230 2431 858  274
T 5  13230 46189 21  18
T 5  2835 46189 77  275
T 5  -1672 663 5  19
T 5  760 663 42  276
T 5  -4165 858 2  20
T 5  270 143 3  21
T 6  135 4199 22  22
T 6  90 4199 429  277
T 6  -178 2431 15  24
T 6  10 2431 858  278
T 6  -420 46189 21  25
T 6  -90 46189 77  279
T 6  44 663 5  26
T 6  -20 663 42  280
T 6  49 429 2  27
T 6  -6 143 3  28
ROW 3 3 36
T 0  42525 32 3  29
T 1  5355 16 3  30
T 1  -25515 8 3  31
T 2  -2375 4 3  32
T 2  -2975 8 3  33
T 2  18225 8 3  34
T 3  19845 286 3  35
T 3  -945 286 2002  119
T 3  4750 13 3  36
T 3  2975 22 3  37
T 3  -675 1 3  38
T 4  127995 4862 3  39
T 4  1932 2431 1430  122
T 4  -59535 2431 3  40
T 4  2835 2431 2002  124
T 4  -950 13 3  41
T 4  -2975 143 3  42
T 4  2025 22 3  43
T 5  4125 4199 3  44
T 5  -375 4199 4862  127
T 5  -12190 2431 3  46
T 5  -368 2431 1430  129
T 5  119070 46189 3  47
T 5  -5670 46189 2002  131
T 5  3800 663 3  48
T 5  595 429 3  49
T 5  -810 143 3  50
T 6  -330 4199 3  51
T 6  30 4199 4862  134
T 6  530 2431 3  53
T 6  16 2431 1430  136
T 6  -3780 46189 3  54
T 6  180 46189 2002  138
T 6  -100 663 3  55
T 6  -14 429 3  56
T 6  18 143 3  57
ROW 3 4 36
T 0  42525 64 10  0
T 1  -5355 16 15  1
T 1  -25515 16 10  2
T 2  -1235 8 6  3
T 2  2975 8 15  4
T 2  18225 16 10  5
T 3  945 44 70  6
T 3  -2205 572 4290  92
T 3  95 1 6  7
T 3  -2975 22 15  8
T 3  -675 2 10  9
T 4  177261 9724 2  10
T 4  14007 4862 143  96
T 4  -2835 374 70  11
T 4  6615 4862 4290  98
T 4  -19 1 6  12
T 4  2975 143 15  13
T 4  2025 44 10  14
T 5  225 4199 165  15
T 5  -225 4199 14586  102
T 5  -8441 2431 2  17
T 5  -1334 2431 143  104
T 5  2835 3553 70  18
T 5  -6615 46189 4290  106
T 5  76 51 6  19
T 5  -595 429 15  20
T 5  -405 143 10  21
T 6  -18 4199 165  22
T 6  18 4199 14586  110
T 6  367 2431 2  24
T 6  58 2431 143  112
T 6  -90 3553 70  25
T 6  210 46189 4290  114
T 6  -2 51 6  26
T 6  14 429 15  27
T 6  9 143 10  28
ROW 3 5 25
T 1  -5355 16 33  63
T 2  95 4 231  64
T 2  2975 8 33  65
T 3  630 143 2310  66
T 3  -190 13 231  67
T 3  -2975 22 33  68
T 4  5313 442 2  69
T 4  483 442 221  70
T 4  -3780 2431 2310  71
T 4  38 13 231  72
T 4  2975 143 33  73
T 5  225 4199 39  74
T 5  -225 4199 12597  75
T 5  -506 221 2  76
T 5  -46 221 221  77
T 5  7560 46189 2310  78
T 5  -152 663 231  79
T 5  -595 429 33  80
T 6  -18 4199 39  81
T 6  18 4199 12597  82
T 6  22 221 2  83
T 6  2 221 221  84
T 6  -240 46189 2310  85
T 6  4 663 231  86
T 6  14 429 33  87
ROW 3 6 25
T 1  5355 32 66  88
T 2  95 2 462  89
T 2  -2975 16 66  90
T 3  4725 572 385  91
T 3  -380 13 462  93
T 3  2975 44 66  94
T 4  483 221 14  95
T 4  -483 442 1326  58
T 4  -14175 4862 385  97
T 4  76 13 462  99
T 4  -2975 286 66  100
T 5  75 8398 182  101
T 5  -75 4199 62985  59
T 5  -92 221 14  103
T 5  46 221 1326  60
T 5  14175 46189 385  105
T 5  -304 663 462  107
T 5  595 858 66  108
T 6  -3 4199 182  109
T 6  6 4199 62985  61
T 6  4 221 14  111
T 6  -2 221 1326  62
T 6  -450 46189 385  113
T 6  8 663 462  115
T 6  -7 429 66  116
ROW 4 -6 22
T 1  -16065 32 22  206
T 2  -285 4 154  207
T 2  8925 16 22  208
T 3  -2835 572 385  209
T 3  570 13 154  210
T 3  -8925 44 22  211
T 4  -483 221 3  213
T 4  8505 4862 385  214
T 4  -114 13 154  215
T 4  8925 286 22  216
T 5  -75 4199 146965  263
T 5  -75 8398 26  218
T 5  92 221 3  220
T 5  -8505 46189 385  221
T 5  152 221 154  222
T 5  -595 286 22  223
T 6  6 4199 146965  264
T 6  3 4199 26  225
T 6  -4 221 3  227
T 6  270 46189 385  228
T 6  -4 221 154  229
T 6  7 143 22  230
ROW 4 -5 26
T 0  14175 64 110  231
T 1  -8505 16 110  233
T 2  -855 8 66  234
T 2  6075 16 110  236
T 3  -315 52 770  237
T 3  855 13 66  238
T 3  -225 2 110  240
T 4  1449 442 221  241
T 4  -1449 748 22  242
T 4  945 442 770  243
T 4  -171 13 66  244
T 4  675 44 110  246
T 5  -150 4199 41990  247
T 5  -150 4199 15  248
T 5  -138 221 221  249
T 5  69 187 22  250
T 5  -945 4199 770  251
T 5  228 221 66  252
T 5  -135 143 110  254
T 6  12 4199 41990  255
T 6  12 4199 15  256
T 6  6 221 221  257
T 6  -3 187 22  258
T 6  30 4199 770  259
T 6  -6 221 66  260
T 6  3 143 110  262
ROW 4 -4 5
T 4  1449 2431 2431  212
T 5  -75 4199 138567  217
T 5  -276 2431 2431  219
T 6  6 4199 138567  224
T 6  12 2431 2431  226
ROW 4 -3 36
T 0  14175 64 6  231
T 1  16065 8 1  232
T 1  -8505 16 6  233
T 2  285 8 10  234
T 2  -8925 4 1  235
T 2  6075 16 6  236
T 3  6615 572 286  180
T 3  -4410 143 42  237
T 3  -285 13 10  238
T 3  8925 11 1  239
T 3  -225 2 6  240
T 4  483 4862 2145  184
T 4  -42021 9724 30  242
T 4  -19845 4862 286  186
T 4  26460 2431 42  243
T 4  57 13 10  244
T 4  -17850 143 1  245
T 4  675 44 6  246
T 5  -150 4199 24310  190
T 5  -750 4199 11  248
T 5  -46 2431 2145  192
T 5  2001 2431 30  250
T 5  19845 46189 286  194
T 5  -52920 46189 42  251
T 5  -76 221 10  252
T 5  1190 143 1  253
T 5  -135 143 6  254
T 6  12 4199 24310  198
T 6  60 4199 11  256
T 6  2 2431 2145  200
T 6  -87 2431 30  258
T 6  -630 46189 286  202
T 6  1680 46189 42  259
T 6  2 221 10  260
T 6  -28 143 1  261
T 6  3 143 6  262
ROW 4 -2 29
T 1  -16065 32 10  206
T 2  -285 4 70  207
T 2  8925 16 10  208
T 3  315 44 1001  155
T 3  15435 286 7  209
T 3  570 13 70  210
T 3  -8925 44 10  211
T 4  -1449 2431 715  158
T 4  5796 2431 165  213
T 4  -945 374 1001  160
T 4  -46305 2431 7  214
T 4  -114 13 70  215
T 4  8925 286 10  216
T 5  -375 4199 2431  163
T 5  225 8398 1430  218
T 5  276 2431 715  165
T 5  -1104 2431 165  220
T 5  945 3553 1001  167
T 5  92610 46189 7  221
T 5  152 221 70  222
T 5  -595 286 10  223
T 6  30 4199 2431  170
T 6  -9 4199 1430  225
T 6  -12 2431 715  172
T 6  48 2431 165  227
T 6  -30 3553 1001  174
T 6  -2940 46189 7  228
T 6  -4 221 70  229
T 6  7 143 10  230
ROW 4 -1 34
T 1  5355 16 6  177
T 2  285 8 210  140
T 2  1045 8 42  178
T 2  -2975 8 6  179
T 3  1260 143 385  141
T 3  -2205 286 35  181
T 3  -285 13 210  142
T 3  -1045 13 42  182
T 3  2975 22 6  183
T 4  -4347 9724 4290  143
T 4  -27531 9724 154  185
T 4  -7560 2431 385  144
T 4  6615 2431 35  187
T 4  57 13 210  145
T 4  209 13 42  188
T 4  -2975 143 6  189
T 5  -300 4199 2145  146
T 5  -150 4199 2002  191
T 5  207 2431 4290  147
T 5  1311 2431 154  193
T 5  15120 46189 385  148
T 5  -13230 46189 35  195
T 5  -76 221 210  149
T 5  -836 663 42  196
T 5  595 429 6  197
T 6  24 4199 2145  150
T 6  12 4199 2002  199
T 6  -9 2431 4290  151
T 6  -57 2431 154  201
T 6  -480 46189 385  152
T 6  420 46189 35  203
T 6  2 221 210  153
T 6  22 663 42  204
T 6  -14 429 6  205
ROW 4 0 14
T 2  1140 1 1  117
T 3  2205 286 165  118
T 3  -9120 13 1  120
T 4  -10143 2431 143  121
T 4  -6615 2431 165  123
T 4  1824 13 1  125
T 5  -525 4199 715  126
T 5  1932 2431 143  128
T 5  13230 46189 165  130
T 5  -2432 221 1  132
T 6  42 4199 715  133
T 6  -84 2431 143  135
T 6  -420 46189 165  137
T 6  64 221 1  139
ROW 4 1 34
T 1  -5355 16 6  88
T 2  -1045 8 42  89
T 2  285 8 210  267
T 2  2975 8 6  90
T 3  2205 286 35  91
T 3  1260 143 385  268
T 3  1045 13 42  93
T 3  -285 13 210  269
T 3  -2975 22 6  94
T 4  27531 9724 154  95
T 4  -4347 9724 4290  270
T 4  -6615 2431 35  97
T 4  -7560 2431 385  271
T 4  -209 13 42  99
T 4  57 13 210  272
T 4  2975 143 6  100
T 5  150 4199 2002  101
T 5  -300 4199 2145  273
T 5  -1311 2431 154  103
T 5  207 2431 4290  274
T 5  13230 46189 35  105
T 5  15120 46189 385  275
T 5  836 663 42  107
T 5  -76 221 210  276
T 5  -595 429 6  108
T 6  -12 4199 2002  109
T 6  24 4199 2145  277
T 6  57 2431 154  111
T 6  -9 2431 4290  278
T 6  -420 46189 35  113
T 6  -480 46189 385  279
T 6  -22 663 42  115
T 6  2 221 210  280
T 6  14 429 6  116
ROW 4 2 29
T 1  16065 32 10  63
T 2  285 4 70  64
T 2  -8925 16 10  65
T 3  -15435 286 7  66
T 3  315 44 1001  119
T 3  -570 13 70  67
T 3  8925 44 10  68
T 4  -5796 2431 165  69
T 4  -1449 2431 715  122
T 4  46305 2431 7  71
T 4  -945 374 1001  124
T 4  114 13 70  72
T 4  -8925 286 10  73
T 5  -225 8398 1430  74
T 5  -375 4199 2431  127
T 5  1104 2431 165  76
T 5  276 2431 715  129
T 5  -92610 46189 7  78
T 5  945 3553 1001  131
T 5  -152 221 70  79
T 5  595 286 10  80
T 6  9 4199 1430  81
T 6  30 4199 2431  134
T 6  -48 2431 165  83
T 6  -12 2431 715  136
T 6  2940 46189 7  85
T 6  -30 3553 1001  138
T 6  4 221 70  86
T 6  -7 143 10  87
ROW 4 3 36
T 0  -14175 64 6  0
T 1  -16065 8 1  1
T 1  8505 16 6  2
T 2  -285 8 10  3
T 2  8925 4 1  4
T 2  -6075 16 6  5
T 3  4410 143 42  6
T 3  6615 572 286  92
T 3  285 13 10  7
T 3  -8925 11 1  8
T 3  225 2 6  9
T 4  42021 9724 30  10
T 4  483 4862 2145  96
T 4  -26460 2431 42  11
T 4  -19845 4862 286  98
T 4  -57 13 10  12
T 4  17850 143 1  13
T 4  -675 44 6  14
T 5  750 4199 11  15
T 5  -150 4199 24310  102
T 5  -2001 2431 30  17
T 5  -46 2431 2145  104
T 5  52920 46189 42  18
T 5  19845 46189 286  106
T 5  76 221 10  19
T 5  -1190 143 1  20
T 5  135 143 6  21
T 6  -60 4199 11  22
T 6  12 4199 24310  110
T 6  87 2431 30  24
T 6  2 2431 2145  112
T 6  -1680 46189 42  25
T 6  -630 46189 286  114
T 6  -2 221 10  26
T 6  28 143 1  27
T 6  -3 143 6  28
ROW 4 4 32
T 0  14175 16 5  29
T 1  16065 16 5  30
T 1  -8505 4 5  31
T 2  -285 1 5  32
T 2  -8925 8 5  33
T 2  6075 4 5  34
T 3  -37485 286 5  35
T 3  2280 13 5  36
T 3  8925 22 5  37
T 3  -450 1 5  38
T 4  -1449 143 5  39
T 4  1449 2431 2431  70
T 4  6615 143 5  40
T 4  -456 13 5  41
T 4  -8925 143 5  42
T 4  675 11 5  43
T 5  -825 4199 5  44
T 5  -75 4199 138567  75
T 5  276 143 5  46
T 5  -276 2431 2431  77
T 5  -13230 2717 5  47
T 5  608 221 5  48
T 5  595 143 5  49
T 5  -540 143 5  50
T 6  66 4199 5  51
T 6  6 4199 138567  82
T 6  -12 143 5  53
T 6  12 2431 2431  84
T 6  420 2717 5  54
T 6  -16 221 5  55
T 6  -14 143 5  56
T 6  12 143 5  57
ROW 4 5 26
T 0  14175 64 110  0
T 1  -8505 16 110  2
T 2  -855 8 66  3
T 2  6075 16 110  5
T 3  -315 52 770  6
T 3  855 13 66  7
T 3  -225 2 110  9
T 4  -1449 748 22  10
T 4  1449 442 221  58
T 4  945 442 770  11
T 4  -171 13 66  12
T 4  675 44 110  14
T 5  -150 4199 15  15
T 5  -150 4199 41990  59
T 5  69 187 22  17
T 5  -138 221 221  60
T 5  -945 4199 770  18
T 5  228 221 66  19
T 5  -135 143 110  21
T 6  12 4199 15  22
T 6  12 4199 41990  61
T 6  -3 187 22  24
T 6  6 221 221  62
T 6  30 4199 770  25
T 6  -6 221 66  26
T 6  3 143 110  28
ROW 4 6 22
T 1  -16065 32 22  63
T 2  -285 4 154  64
T 2  8925 16 22  65
T 3  -2835 572 385  66
T 3  570 13 154  67
T 3  -8925 44 22  68
T 4  -483 221 3  69
T 4  8505 4862 385  71
T 4  -114 13 154  72
T 4  8925 286 22  73
T 5  -75 8398 26  74
T 5  -75 4199 146965  45
T 5  92 221 3  76
T 5  -8505 46189 385  78
T 5  152 221 154  79
T 5  -595 286 22  80
T 6  3 4199 26  81
T 6  6 4199 146965  52
T 6  -4 221 3  83
T 6  270 46189 385  85
T 6  -4 221 154  86
T 6  7 143 22  87
ROW 5 -6 29
T 0  14175 32 33  231
T 1  16065 32 22  232
T 1  -8505 8 33  233
T 2  285 4 55  234
T 2  -8925 16 22  235
T 2  6075 8 33  236
T 3  1575 572 231  237
T 3  -570 13 55  238
T 3  8925 44 22  239
T 3  -225 1 33  240
T 4  483 4862 165  242
T 4  -4725 4862 231  243
T 4  114 13 55  244
T 4  -8925 286 22  245
T 4  675 22 33  246
T 5  -75 4199 323323  265
T 5  75 8398 2  248
T 5  -46 2431 165  250
T 5  4725 46189 231  251
T 5  -152 221 55  252
T 5  595 286 22  253
T 5  -270 143 33  254
T 6  6 4199 323323  266
T 6  -3 4199 2  256
T 6  2 2431 165  258
T 6  -150 46189 231  259
T 6  4 221 55  260
T 6  -7 143 22  261
T 6  6 143 33  262
ROW 5 -5 2
T 5  -75 4199 176358  263
T 6  6 4199 176358  264
ROW 5 -4 32
T 0  14175 64 2  231
T 1  16065 16 3  232
T 1  -8505 16 2  233
T 2  1425 8 30  234
T 2  -8925 8 3  235
T 2  6075 16 2  236
T 3  11025 286 14  237
T 3  -1425 13 30  238
T 3  8925 22 3  239
T 3  -225 2 2  240
T 4  -1449 4862 12155  241
T 4  21735 9724 10  242
T 4  -33075 2431 14  243
T 4  285 13 30  244
T 4  -8925 143 3  245
T 4  675 44 2  246
T 5  -75 4199 92378  247
T 5  75 4199 33  248
T 5  138 2431 12155  249
T 5  -1035 2431 10  250
T 5  66150 46189 14  251
T 5  -380 221 30  252
T 5  595 143 3  253
T 5  -135 143 2  254
T 6  6 4199 92378  255
T 6  -6 4199 33  256
T 6  -6 2431 12155  257
T 6  45 2431 10  258
T 6  -2100 46189 14  259
T 6  10 221 30  260
T 6  -14 143 3  261
T 6  3 143 2  262
ROW 5 -3 25
T 1  -16065 16 1  206
T 2  -1425 4 7  207
T 2  8925 8 1  208
T 3  -6615 286 70  209
T 3  2850 13 7  210
T 3  -8925 22 1  211
T 4  -2415 4862 7293  212
T 4  -7245 4862 66  213
T 4  19845 2431 70  214
T 4  -570 13 7  215
T 4  8925 143 1  216
T 5  -75 4199 46189  217
T 5  -75 4199 143  218
T 5  230 2431 7293  219
T 5  690 2431 66  220
T 5  -39690 46189 70  221
T 5  760 221 7  222
T 5  -595 143 1  223
T 6  6 4199 46189  224
T 6  6 4199 143  225
T 6  -10 2431 7293  226
T 6  -30 2431 66  227
T 6  1260 46189 70  228
T 6  -20 221 7  229
T 6  14 143 1  230
ROW 5 -2 29
T 1  5355 32 6  177
T 2  475 4 42  178
T 2  -2975 16 6  179
T 3  -2205 572 715  180
T 3  11025 286 35  181
T 3  -950 13 42  182
T 3  2975 44 6  183
T 4  -7245 4862 858  184
T 4  7245 4862 154  185
T 4  6615 4862 715  186
T 4  -33075 2431 35  187
T 4  190 13 42  188
T 4  -2975 286 6  189
T 5  -225 4199 2431  190
T 5  75 8398 2002  191
T 5  690 2431 858  192
T 5  -690 2431 154  193
T 5  -6615 46189 715  194
T 5  66150 46189 35  195
T 5  -760 663 42  196
T 5  595 858 6  197
T 6  18 4199 2431  198
T 6  -3 4199 2002  199
T 6  -30 2431 858  200
T 6  30 2431 154  201
T 6  210 46189 715  202
T 6  -2100 46189 35  203
T 6  20 663 42  204
T 6  -7 429 6  205
ROW 5 -1 23
T 2  -285 8 210  154
T 3  -1575 286 1001  155
T 3  -11025 572 154  156
T 3  285 13 210  157
T 4  -7245 4862 715  158
T 4  -1449 9724 30030  159
T 4  4725 2431 1001  160
T 4  33075 4862 154  161
T 4  -57 13 210  162
T 5  -150 4199 2431  163
T 5  -75 8398 6006  164
T 5  690 2431 715  165
T 5  69 2431 30030  166
T 5  -9450 46189 1001  167
T 5  -33075 46189 154  168
T 5  76 221 210  169
T 6  12 4199 2431  170
T 6  3 4199 6006  171
T 6  -30 2431 715  172
T 6  -3 2431 30030  173
T 6  300 46189 1001  174
T 6  1050 46189 154  175
T 6  -2 221 210  176
ROW 5 0 14
T 2  -1425 4 1  267
T 3  -11025 286 66  268
T 3  2850 13 1  269
T 4  -7245 4862 1001  270
T 4  33075 2431 66  271
T 4  -570 13 1  272
T 5  -150 4199 2002  273
T 5  690 2431 1001  274
T 5  -66150 46189 66  275
T 5  760 221 1  276
T 6  12 4199 2002  277
T 6  -30 2431 1001  278
T 6  2100 46189 66  279
T 6  -20 221 1  280
ROW 5 1 23
T 2  285 8 210  117
T 3  11025 572 154  118
T 3  -1575 286 1001  119
T 3  -285 13 210  120
T 4  1449 9724 30030  121
T 4  -7245 4862 715  122
T 4  -33075 4862 154  123
T 4  4725 2431 1001  124
T 4  57 13 210  125
T 5  75 8398 6006  126
T 5  -150 4199 2431  127
T 5  -69 2431 30030  128
T 5  690 2431 715  129
T 5  33075 46189 154  130
T 5  -9450 46189 1001  131
T 5  -76 221 210  132
T 6  -3 4199 6006  133
T 6  12 4199 2431  134
T 6  3 2431 30030  135
T 6  -30 2431 715  136
T 6  -1050 46189 154  137
T 6  300 46189 1001  138
T 6  2 221 210  139
ROW 5 2 29
T 1  -5355 32 6  88
T 2  -475 4 42  89
T 2  2975 16 6  90
T 3  -11025 286 35  91
T 3  -2205 572 715  92
T 3  950 13 42  93
T 3  -2975 44 6  94
T 4  -7245 4862 154  95
T 4  -7245 4862 858  96
T 4  33075 2431 35  97
T 4  6615 4862 715  98
T 4  -190 13 42  99
T 4  2975 286 6  100
T 5  -75 8398 2002  101
T 5  -225 4199 2431  102
T 5  690 2431 154  103
T 5  690 2431 858  104
T 5  -66150 46189 35  105
T 5  -6615 46189 715  106
T 5  760 663 42  107
T 5  -595 858 6  108
T 6  3 4199 2002  109
T 6  18 4199 2431  110
T 6  -30 2431 154  111
T 6  -30 2431 858  112
T 6  2100 46189 35  113
T 6  210 46189 715  114
T 6  -20 663 42  115
T 6  7 429 6  116
ROW 5 3 25
T 1  16065 16 1  63
T 2  1425 4 7  64
T 2  -8925 8 1  65
T 3  6615 286 70  66
T 3  -2850 13 7  67
T 3  8925 22 1  68
T 4  7245 4862 66  69
T 4  -2415 4862 7293  70
T 4  -19845 2431 70  71
T 4  570 13 7  72
T 4  -8925 143 1  73
T 5  75 4199 143  74
T 5  -75 4199 46189  75
T 5  -690 2431 66  76
T 5  230 2431 7293  77
T 5  39690 46189 70  78
T 5  -760 221 7  79
T 5  595 143 1  80
T 6  -6 4199 143  81
T 6  6 4199 46189  82
T 6  30 2431 66  83
T 6  -10 2431 7293  84
T 6  -1260 46189 70  85
T 6  20 221 7  86
T 6  -14 143 1  87
ROW 5 4 32
T 0  -14175 64 2  0
T 1  -16065 16 3  1
T 1  8505 16 2  2
T 2  -1425 8 30  3
T 2  8925 8 3  4
T 2  -6075 16 2  5
T 3  -11025 286 14  6
T 3  1425 13 30  7
T 3  -8925 22 3  8
T 3  225 2 2  9
T 4  -21735 9724 10  10
T 4  -1449 4862 12155  58
T 4  33075 2431 14  11
T 4  -285 13 30  12
T 4  8925 143 3  13
T 4  -675 44 2  14
T 5  -75 4199 33  15
T 5  -75 4199 92378  59
T 5  1035 2431 10  17
T 5  138 2431 12155  60
T 5  -66150 46189 14  18
T 5  380 221 30  19
T 5  -595 143 3  20
T 5  135 143 2  21
T 6  6 4199 33  22
T 6  6 4199 92378  61
T 6  -45 2431 10  24
T 6  -6 2431 12155  62
T 6  2100 46189 14  25
T 6  -10 221 30  26
T 6  14 143 3  27
T 6  -3 143 2  28
ROW 5 5 29
T 0  14175 32 11  29
T 1  16065 16 11  30
T 1  -8505 8 11  31
T 2  1425 4 11  32
T 2  -8925 8 11  33
T 2  6075 8 11  34
T 3  11025 286 11  35
T 3  -2850 13 11  36
T 3  8925 22 11  37
T 3  -225 1 11  38
T 4  7245 4862 11  39
T 4  -33075 2431 11  40
T 4  570 13 11  41
T 4  -8925 143 11  42
T 4  675 22 11  43
T 5  75 4199 11  44
T 5  -75 4199 176358  45
T 5  -690 2431 11  46
T 5  66150 46189 11  47
T 5  -760 221 11  48
T 5  595 143 11  49
T 5  -270 143 11  50
T 6  -6 4199 11  51
T 6  6 4199 176358  52
T 6  30 2431 11  53
T 6  -2100 46189 11  54
T 6  20 221 11  55
T 6  -14 143 11  56
T 6  6 143 11  57
ROW 5 6 29
T 0  14175 32 33  0
T 1  16065 32 22  1
T 1  -8505 8 33  2
T 2  285 4 55  3
T 2  -8925 16 22  4
T 2  6075 8 33  5
T 3  1575 572 231  6
T 3  -570 13 55  7
T 3  8925 44 22  8
T 3  -225 1 33  9
T 4  483 4862 165  10
T 4  -4725 4862 231  11
T 4  114 13 55  12
T 4  -8925 286 22  13
T 4  675 22 33  14
T 5  75 8398 2  15
T 5  -75 4199 323323  16
T 5  -46 2431 165  17
T 5  4725 46189 231  18
T 5  -152 221 55  19
T 5  595 286 22  20
T 5  -270 143 33  21
T 6  -3 4199 2  22
T 6  6 4199 323323  23
T 6  2 2431 165  24
T 6  -150 46189 231  25
T 6  4 221 55  26
T 6  -7 143 22  27
T 6  6 143 33  28
