FORMAT 1
KERNEL T
SOURCE (s|S|s)
SHELLS 5 2

# E <id> <alpha> <beta> <mu> <p>
E 0 0 3 1 -5
E 1 0 3 2 -5
E 2 0 3 3 -5
E 3 0 3 4 -5

# G <id> <2k> <L> <M>
G 0 0 3 3
G 1 0 5 3
G 2 2 3 3
G 3 0 7 3
G 4 0 7 7
G 5 2 5 3
G 6 4 3 3
G 7 2 7 3
G 8 2 7 7
G 9 4 5 3
G 10 6 3 3
G 11 0 5 4
G 12 0 7 4
G 13 0 7 6
G 14 2 5 4
G 15 2 7 4
G 16 2 7 6
G 17 4 5 4
G 18 0 5 -5
G 19 0 7 -5
G 20 2 5 -5
G 21 2 7 -5
G 22 4 5 -5
G 23 0 5 -4
G 24 0 7 -6
G 25 0 7 -4
G 26 2 5 -4
G 27 2 7 -6
G 28 2 7 -4
G 29 4 5 -4
G 30 0 3 -3
G 31 0 5 -3
G 32 2 3 -3
G 33 0 7 -7
G 34 0 7 -3
G 35 2 5 -3
G 36 4 3 -3
G 37 2 7 -7
G 38 2 7 -3
G 39 4 5 -3
G 40 6 3 -3
G 41 0 3 2
G 42 0 5 2
G 43 2 3 2
G 44 0 7 2
G 45 2 5 2
G 46 4 3 2
G 47 2 7 2
G 48 4 5 2
G 49 6 3 2
G 50 0 5 5
G 51 0 7 5
G 52 2 5 5
G 53 2 7 5
G 54 4 5 5
G 55 0 3 -2
G 56 0 5 -2
G 57 2 3 -2
G 58 0 7 -2
G 59 2 5 -2
G 60 4 3 -2
G 61 2 7 -2
G 62 4 5 -2
G 63 6 3 -2
G 64 0 3 1
G 65 0 5 1
G 66 2 3 1
G 67 0 7 1
G 68 2 5 1
G 69 4 3 1
G 70 2 7 1
G 71 4 5 1
G 72 6 3 1
G 73 0 3 -1
G 74 0 5 -1
G 75 2 3 -1
G 76 0 7 -1
G 77 2 5 -1
G 78 4 3 -1
G 79 2 7 -1
G 80 4 5 -1
G 81 6 3 -1
G 82 0 3 0
G 83 0 5 0
G 84 2 3 0
G 85 0 7 0
G 86 2 5 0
G 87 4 3 0
G 88 2 7 0
G 89 4 5 0
G 90 6 3 0

# TABLE <l> <l'> <rows> [SYMMETRIC]
# ROW <m> <m'> <terms>
# T <prefactor> <num> <den> <radicand> <geometry>

TABLE 5 2 55
ROW -5 -2 11
T 0  -39 4 105  0
T 1  -5 2 15  1
T 1  13 2 105  2
T 2  -51 286 2  3
T 2  51 286 2002  4
T 2  10 13 15  5
T 2  -13 11 105  6
T 3  3 143 2  7
T 3  -3 143 2002  8
T 3  -2 39 15  9
T 3  2 33 105  10
ROW -5 -1 7
T 1  15 4 30  11
T 2  51 286 22  12
T 2  51 143 143  13
T 2  -15 13 30  14
T 3  -3 143 22  15
T 3  -6 143 143  16
T 3  1 13 30  17
ROW -5 0 5
T 1  -75 2 1  18
T 2  -51 143 66  19
T 2  150 13 1  20
T 3  6 143 66  21
T 3  -10 13 1  22
ROW -5 1 7
T 1  15 4 30  23
T 2  -51 143 143  24
T 2  51 286 22  25
T 2  -15 13 30  26
T 3  6 143 143  27
T 3  -3 143 22  28
T 3  1 13 30  29
ROW -5 2 11
T 0  -39 4 105  30
T 1  -5 2 15  31
T 1  13 2 105  32
T 2  -51 286 2002  33
T 2  -51 286 2  34
T 2  10 13 15  35
T 2  -13 11 105  36
T 3  3 143 2002  37
T 3  3 143 2  38
T 3  -2 39 15  39
T 3  2 33 105  40
ROW -4 -2 11
T 0  -117 4 7  41
T 1  -15 1 1  42
T 1  39 2 7  43
T 2  -51 286 10  44
T 2  51 286 1430  13
T 2  60 13 1  45
T 2  -39 11 7  46
T 3  3 143 10  47
T 3  -3 143 1430  16
T 3  -4 13 1  48
T 3  2 11 7  49
ROW -4 -1 14
T 0  -39 4 42  0
T 1  35 4 6  1
T 1  -15 4 30  50
T 1  13 2 42  2
T 2  102 143 5  3
T 2  102 143 55  51
T 2  -35 13 6  5
T 2  15 13 30  52
T 2  -13 11 42  6
T 3  -12 143 5  7
T 3  -12 143 55  53
T 3  7 39 6  9
T 3  -1 13 30  54
T 3  2 33 42  10
ROW -4 0 5
T 1  -15 1 1  23
T 2  -51 143 165  25
T 2  60 13 1  26
T 3  6 143 165  28
T 3  -4 13 1  29
ROW -4 1 14
T 0  -39 4 42  30
T 1  15 4 30  18
T 1  35 4 6  31
T 1  13 2 42  32
T 2  -102 143 55  19
T 2  102 143 5  34
T 2  -15 13 30  20
T 2  -35 13 6  35
T 2  -13 11 42  36
T 3  12 143 55  21
T 3  -12 143 5  38
T 3  1 13 30  22
T 3  7 39 6  39
T 3  2 33 42  40
ROW -4 2 11
T 0  -117 4 7  55
T 1  -15 1 1  56
T 1  39 2 7  57
T 2  -51 286 1430  24
T 2  -51 286 10  58
T 2  60 13 1  59
T 2  -39 11 7  60
T 3  3 143 1430  27
T 3  3 143 10  61
T 3  -4 13 1  62
T 3  2 11 7  63
ROW -3 -2 14
T 0  -39 4 35  64
T 1  -5 1 14  65
T 1  5 2 15  50
T 1  13 2 35  66
T 2  -51 286 30  67
T 2  153 286 110  51
T 2  20 13 14  68
T 2  -10 13 15  52
T 2  -13 11 35  69
T 3  3 143 30  70
T 3  -9 143 110  53
T 3  -4 39 14  71
T 3  2 39 15  54
T 3  2 33 35  72
ROW -3 -1 14
T 0  -39 2 14  41
T 1  25 2 2  42
T 1  -35 4 6  11
T 1  13 1 14  43
T 2  153 143 5  44
T 2  153 286 110  12
T 2  -50 13 2  45
T 2  35 13 6  14
T 2  -26 11 14  46
T 3  -18 143 5  47
T 3  -9 143 110  15
T 3  10 39 2  48
T 3  -7 39 6  17
T 3  4 33 14  49
ROW -3 0 9
T 0  -39 2 7  30
T 1  5 2 1  31
T 1  13 1 7  32
T 2  -153 143 30  34
T 2  -10 13 1  35
T 2  -26 11 7  36
T 3  18 143 30  38
T 3  2 39 1  39
T 3  4 33 7  40
ROW -3 1 14
T 0  -39 2 14  55
T 1  35 4 6  23
T 1  25 2 2  56
T 1  13 1 14  57
T 2  -153 286 110  25
T 2  153 143 5  58
T 2  -35 13 6  26
T 2  -50 13 2  59
T 2  -26 11 14  60
T 3  9 143 110  28
T 3  -18 143 5  61
T 3  7 39 6  29
T 3  10 39 2  62
T 3  4 33 14  63
ROW -3 2 14
T 0  -39 4 35  73
T 1  -5 2 15  18
T 1  -5 1 14  74
T 1  13 2 35  75
T 2  -153 286 110  19
T 2  -51 286 30  76
T 2  10 13 15  20
T 2  20 13 14  77
T 2  -13 11 35  78
T 3  9 143 110  21
T 3  3 143 30  79
T 3  -2 39 15  22
T 3  -4 39 14  80
T 3  2 33 35  81
ROW -2 -2 14
T 0  -39 4 35  82
T 1  -5 1 35  83
T 1  15 1 1  11
T 1  13 2 35  84
T 2  -51 143 35  85
T 2  51 143 165  12
T 2  20 13 35  86
T 2  -60 13 1  14
T 2  -13 11 35  87
T 3  6 143 35  88
T 3  -6 143 165  15
T 3  -4 39 35  89
T 3  4 13 1  17
T 3  2 33 35  90
ROW -2 -1 18
T 0  -39 8 210  64
T 0  -39 8 14  0
T 1  5 2 21  65
T 1  -25 2 2  1
T 1  13 4 210  66
T 1  13 4 14  2
T 2  204 143 5  67
T 2  204 143 15  3
T 2  -10 13 21  68
T 2  50 13 2  5
T 2  -13 22 210  69
T 2  -13 22 14  6
T 3  -24 143 5  70
T 3  -24 143 15  7
T 3  2 39 21  71
T 3  -10 39 2  9
T 3  1 33 210  72
T 3  1 33 14  10
ROW -2 0 9
T 0  -117 4 7  55
T 1  15 1 1  56
T 1  39 2 7  57
T 2  -306 143 10  58
T 2  -60 13 1  59
T 2  -39 11 7  60
T 3  36 143 10  61
T 3  4 13 1  62
T 3  2 11 7  63
ROW -2 1 18
T 0  39 8 14  30
T 0  -39 8 210  73
T 1  25 2 2  31
T 1  5 2 21  74
T 1  -13 4 14  32
T 1  13 4 210  75
T 2  -204 143 15  34
T 2  204 143 5  76
T 2  -50 13 2  35
T 2  -10 13 21  77
T 2  13 22 14  36
T 2  -13 22 210  78
T 3  24 143 15  38
T 3  -24 143 5  79
T 3  10 39 2  39
T 3  2 39 21  80
T 3  -1 33 14  40
T 3  1 33 210  81
ROW -2 2 5
T 1  -15 1 1  23
T 2  -51 143 165  25
T 2  60 13 1  26
T 3  6 143 165  28
T 3  -4 13 1  29
ROW -1 -2 18
T 0  39 8 30  64
T 0  39 8 2  0
T 1  25 2 3  65
T 1  5 1 14  1
T 1  -13 4 30  66
T 1  -13 4 2  2
T 2  51 143 35  67
T 2  51 143 105  3
T 2  -50 13 3  68
T 2  -20 13 14  5
T 2  13 22 30  69
T 2  13 22 2  6
T 3  -6 143 35  70
T 3  -6 143 105  7
T 3  10 39 3  71
T 3  4 39 14  9
T 3  -1 33 30  72
T 3  -1 33 2  10
ROW -1 -1 18
T 0  -39 1 5  82
T 0  -39 2 3  41
T 1  5 2 5  83
T 1  -5 2 21  42
T 1  26 1 5  84
T 1  13 1 3  43
T 2  357 143 5  85
T 2  51 143 210  44
T 2  -10 13 5  86
T 2  10 13 21  45
T 2  -52 11 5  87
T 2  -26 11 3  46
T 3  -42 143 5  88
T 3  -6 143 210  47
T 3  2 39 5  89
T 3  -2 39 21  48
T 3  8 33 5  90
T 3  4 33 3  49
ROW -1 0 9
T 0  -117 4 10  73
T 1  45 2 1  74
T 1  39 2 10  75
T 2  -102 143 105  76
T 2  -90 13 1  77
T 2  -39 11 10  78
T 3  12 143 105  79
T 3  6 13 1  80
T 3  2 11 10  81
ROW -1 1 9
T 0  39 2 3  55
T 1  5 2 21  56
T 1  -13 1 3  57
T 2  -51 143 210  58
T 2  -10 13 21  59
T 2  26 11 3  60
T 3  6 143 210  61
T 3  2 39 21  62
T 3  -4 33 3  63
ROW -1 2 18
T 0  -39 8 2  30
T 0  -39 8 30  73
T 1  -5 1 14  31
T 1  -25 2 3  74
T 1  13 4 2  32
T 1  13 4 30  75
T 2  -51 143 105  34
T 2  -51 143 35  76
T 2  20 13 14  35
T 2  50 13 3  77
T 2  -13 22 2  36
T 2  -13 22 30  78
T 3  6 143 105  38
T 3  6 143 35  79
T 3  -4 39 14  39
T 3  -10 39 3  80
T 3  1 33 2  40
T 3  1 33 30  81
ROW 0 -2 9
T 0  -39 4 5  55
T 1  -5 1 35  56
T 1  13 2 5  57
T 2  -153 143 14  58
T 2  20 13 35  59
T 2  -13 11 5  60
T 3  18 143 14  61
T 3  -4 39 35  62
T 3  2 33 5  63
ROW 0 -1 9
T 0  195 4 2  73
T 1  5 2 5  74
T 1  -65 2 2  75
T 2  -204 143 21  76
T 2  -10 13 5  77
T 2  65 11 2  78
T 3  24 143 21  79
T 3  2 39 5  80
T 3  -10 33 2  81
ROW 0 0 9
T 0  -195 2 1  82
T 1  25 1 1  83
T 1  65 1 1  84
T 2  -1071 143 1  85
T 2  -100 13 1  86
T 2  -130 11 1  87
T 3  126 143 1  88
T 3  20 39 1  89
T 3  20 33 1  90
ROW 0 1 9
T 0  195 4 2  64
T 1  5 2 5  65
T 1  -65 2 2  66
T 2  -204 143 21  67
T 2  -10 13 5  68
T 2  65 11 2  69
T 3  24 143 21  70
T 3  2 39 5  71
T 3  -10 33 2  72
ROW 0 2 9
T 0  -39 4 5  41
T 1  -5 1 35  42
T 1  13 2 5  43
T 2  -153 143 14  44
T 2  20 13 35  45
T 2  -13 11 5  46
T 3  18 143 14  47
T 3  -4 39 35  48
T 3  2 33 5  49
ROW 1 -2 18
T 0  -39 8 2  30
T 0  39 8 30  73
T 1  -5 1 14  31
T 1  25 2 3  74
T 1  13 4 2  32
T 1  -13 4 30  75
T 2  -51 143 105  34
T 2  51 143 35  76
T 2  20 13 14  35
T 2  -50 13 3  77
T 2  -13 22 2  36
T 2  13 22 30  78
T 3  6 143 105  38
T 3  -6 143 35  79
T 3  -4 39 14  39
T 3  10 39 3  80
T 3  1 33 2  40
T 3  -1 33 30  81
ROW 1 -1 9
T 0  39 2 3  55
T 1  5 2 21  56
T 1  -13 1 3  57
T 2  -51 143 210  58
T 2  -10 13 21  59
T 2  26 11 3  60
T 3  6 143 210  61
T 3  2 39 21  62
T 3  -4 33 3  63
ROW 1 0 9
T 0  -117 4 10  64
T 1  45 2 1  65
T 1  39 2 10  66
T 2  -102 143 105  67
T 2  -90 13 1  68
T 2  -39 11 10  69
T 3  12 143 105  70
T 3  6 13 1  71
T 3  2 11 10  72
ROW 1 1 18
T 0  -39 1 5  82
T 0  39 2 3  41
T 1  5 2 5  83
T 1  5 2 21  42
T 1  26 1 5  84
T 1  -13 1 3  43
T 2  357 143 5  85
T 2  -51 143 210  44
T 2  -10 13 5  86
T 2  -10 13 21  45
T 2  -52 11 5  87
T 2  26 11 3  46
T 3  -42 143 5  88
T 3  6 143 210  47
T 3  2 39 5  89
T 3  2 39 21  48
T 3  8 33 5  90
T 3  -4 33 3  49
ROW 1 2 18
T 0  39 8 30  64
T 0  -39 8 2  0
T 1  25 2 3  65
T 1  -5 1 14  1
T 1  -13 4 30  66
T 1  13 4 2  2
T 2  51 143 35  67
T 2  -51 143 105  3
T 2  -50 13 3  68
T 2  20 13 14  5
T 2  13 22 30  69
T 2  -13 22 2  6
T 3  -6 143 35  70
T 3  6 143 105  7
T 3  10 39 3  71
T 3  -4 39 14  9
T 3  -1 33 30  72
T 3  1 33 2  10
ROW 2 -2 5
T 1  -15 1 1  23
T 2  -51 143 165  25
T 2  60 13 1  26
T 3  6 143 165  28
T 3  -4 13 1  29
ROW 2 -1 18
T 0  39 8 14  30
T 0  39 8 210  73
T 1  25 2 2  31
T 1  -5 2 21  74
T 1  -13 4 14  32
T 1  -13 4 210  75
T 2  -204 143 15  34
T 2  -204 143 5  76
T 2  -50 13 2  35
T 2  10 13 21  77
T 2  13 22 14  36
T 2  13 22 210  78
T 3  24 143 15  38
T 3  24 143 5  79
T 3  10 39 2  39
T 3  -2 39 21  80
T 3  -1 33 14  40
T 3  -1 33 210  81
ROW 2 0 9
T 0  -117 4 7  41
T 1  15 1 1  42
T 1  39 2 7  43
T 2  -306 143 10  44
T 2  -60 13 1  45
T 2  -39 11 7  46
T 3  36 143 10  47
T 3  4 13 1  48
T 3  2 11 7  49
ROW 2 1 18
T 0  -39 8 210  64
T 0  39 8 14  0
T 1  5 2 21  65
T 1  25 2 2  1
T 1  13 4 210  66
T 1  -13 4 14  2
T 2  204 143 5  67
T 2  -204 143 15  3
T 2  -10 13 21  68
T 2  -50 13 2  5
T 2  -13 22 210  69
T 2  13 22 14  6
T 3  -24 143 5  70
T 3  24 143 15  7
T 3  2 39 21  71
T 3  10 39 2  9
T 3  1 33 210  72
T 3  -1 33 14  10
ROW 2 2 14
T 0  -39 4 35  82
T 1  -5 1 35  83
T 1  -15 1 1  11
T 1  13 2 35  84
T 2  -51 143 35  85
T 2  -51 143 165  12
T 2  20 13 35  86
T 2  60 13 1  14
T 2  -13 11 35  87
T 3  6 143 35  88
T 3  6 143 165  15
T 3  -4 39 35  89
T 3  -4 13 1  17
T 3  2 33 35  90
ROW 3 -2 14
T 0  39 4 35  73
T 1  -5 2 15  18
T 1  5 1 14  74
T 1  -13 2 35  75
T 2  -153 286 110  19
T 2  51 286 30  76
T 2  10 13 15  20
T 2  -20 13 14  77
T 2  13 11 35  78
T 3  9 143 110  21
T 3  -3 143 30  79
T 3  -2 39 15  22
T 3  4 39 14  80
T 3  -2 33 35  81
ROW 3 -1 14
T 0  39 2 14  55
T 1  35 4 6  23
T 1  -25 2 2  56
T 1  -13 1 14  57
T 2  -153 286 110  25
T 2  -153 143 5  58
T 2  -35 13 6  26
T 2  50 13 2  59
T 2  26 11 14  60
T 3  9 143 110  28
T 3  18 143 5  61
T 3  7 39 6  29
T 3  -10 39 2  62
T 3  -4 33 14  63
ROW 3 0 9
T 0  -39 2 7  0
T 1  5 2 1  1
T 1  13 1 7  2
T 2  -153 143 30  3
T 2  -10 13 1  5
T 2  -26 11 7  6
T 3  18 143 30  7
T 3  2 39 1  9
T 3  4 33 7  10
ROW 3 1 14
T 0  -39 2 14  41
T 1  25 2 2  42
T 1  35 4 6  11
T 1  13 1 14  43
T 2  153 143 5  44
T 2  -153 286 110  12
T 2  -50 13 2  45
T 2  -35 13 6  14
T 2  -26 11 14  46
T 3  -18 143 5  47
T 3  9 143 110  15
T 3  10 39 2  48
T 3  7 39 6  17
T 3  4 33 14  49
ROW 3 2 14
T 0  -39 4 35  64
T 1  -5 1 14  65
T 1  -5 2 15  50
T 1  13 2 35  66
T 2  -51 286 30  67
T 2  -153 286 110  51
T 2  20 13 14  68
T 2  10 13 15  52
T 2  -13 11 35  69
T 3  3 143 30  70
T 3  9 143 110  53
T 3  -4 39 14  71
T 3  -2 39 15  54
T 3  2 33 35  72
ROW 4 -2 11
T 0  117 4 7  55
T 1  15 1 1  56
T 1  -39 2 7  57
T 2  -51 286 1430  24
T 2  51 286 10  58
T 2  -60 13 1  59
T 2  39 11 7  60
T 3  3 143 1430  27
T 3  -3 143 10  61
T 3  4 13 1  62
T 3  -2 11 7  63
ROW 4 -1 14
T 0  39 4 42  30
T 1  15 4 30  18
T 1  -35 4 6  31
T 1  -13 2 42  32
T 2  -102 143 55  19
T 2  -102 143 5  34
T 2  -15 13 30  20
T 2  35 13 6  35
T 2  13 11 42  36
T 3  12 143 55  21
T 3  12 143 5  38
T 3  1 13 30  22
T 3  -7 39 6  39
T 3  -2 33 42  40
ROW 4 0 5
T 1  -15 1 1  11
T 2  -51 143 165  12
T 2  60 13 1  14
T 3  6 143 165  15
T 3  -4 13 1  17
ROW 4 1 14
T 0  -39 4 42  0
T 1  35 4 6  1
T 1  15 4 30  50
T 1  13 2 42  2
T 2  102 143 5  3
T 2  -102 143 55  51
T 2  -35 13 6  5
T 2  -15 13 30  52
T 2  -13 11 42  6
T 3  -12 143 5  7
T 3  12 143 55  53
T 3  7 39 6  9
T 3  1 13 30  54
T 3  2 33 42  10
ROW 4 2 11
T 0  -117 4 7  41
T 1  -15 1 1  42
T 1  39 2 7  43
T 2  -51 286 10  44
T 2  -51 286 1430  13
T 2  60 13 1  45
T 2  -39 11 7  46
T 3  3 143 10  47
T 3  3 143 1430  16
T 3  -4 13 1  48
T 3  2 11 7  49
ROW 5 -2 11
T 0  39 4 105  30
T 1  5 2 15  31
T 1  -13 2 105  32
T 2  -51 286 2002  33
T 2  51 286 2  34
T 2  -10 13 15  35
T 2  13 11 105  36
T 3  3 143 2002  37
T 3  -3 143 2  38
T 3  2 39 15  39
T 3  -2 33 105  40
ROW 5 -1 7
T 1  -15 4 30  23
T 2  -51 143 143  24
T 2  -51 286 22  25
T 2  15 13 30  26
T 3  6 143 143  27
T 3  3 143 22  28
T 3  -1 13 30  29
ROW 5 0 5
T 1  -75 2 1  50
T 2  -51 143 66  51
T 2  150 13 1  52
T 3  6 143 66  53
T 3  -10 13 1  54
ROW 5 1 7
T 1  15 4 30  11
T 2  51 286 22  12
T 2  -51 143 143  13
T 2  -15 13 30  14
T 3  -3 143 22  15
T 3  6 143 143  16
T 3  1 13 30  17
ROW 5 2 11
T 0  -39 4 105  0
T 1  -5 2 15  1
T 1  13 2 105  2
T 2  -51 286 2  3
T 2  -51 286 2002  4
T 2  10 13 15  5
T 2  -13 11 105  6
T 3  3 143 2  7
T 3  3 143 2002  8
T 3  -2 39 15  9
T 3  2 33 105  10
