FORMAT 1
KERNEL T
SOURCE (s|S|s)
SHELLS 1 2

# E <id> <alpha> <beta> <mu> <p>
E 0 1 0 1 -2
E 1 1 0 2 -2
E 2 1 0 3 -2

# G <id> <2k> <L> <M>
G 0 0 1 1
G 1 0 3 1
G 2 0 3 3
G 3 2 1 1
G 4 2 3 1
G 5 2 3 3
G 6 4 1 1
G 7 0 1 0
G 8 0 3 0
G 9 0 3 2
G 10 2 1 0
G 11 2 3 0
G 12 2 3 2
G 13 4 1 0
G 14 0 1 -1
G 15 0 3 -1
G 16 2 1 -1
G 17 2 3 -1
G 18 4 1 -1
G 19 0 3 -2
G 20 2 3 -2
G 21 0 3 -3
G 22 2 3 -3

# TABLE <l> <l'> <rows> [SYMMETRIC]
# ROW <m> <m'> <terms>
# T <prefactor> <num> <den> <radicand> <geometry>

TABLE 1 2 15
ROW -1 -2 7
T 0  7 2 3  0
T 1  9 10 2  1
T 1  9 10 30  2
T 1  -14 5 3  3
T 2  -1 5 2  4
T 2  -1 5 30  5
T 2  2 5 3  6
ROW -1 -1 7
T 0  7 2 3  7
T 1  9 5 3  8
T 1  9 5 5  9
T 1  -14 5 3  10
T 2  -2 5 3  11
T 2  -2 5 5  12
T 2  2 5 3  13
ROW -1 0 5
T 0  -7 2 1  14
T 1  -9 5 6  15
T 1  14 5 1  16
T 2  2 5 6  17
T 2  -2 5 1  18
ROW -1 1 2
T 1  -9 5 5  19
T 2  2 5 5  20
ROW -1 2 7
T 0  -7 2 3  14
T 1  -9 10 30  21
T 1  -9 10 2  15
T 1  14 5 3  16
T 2  1 5 30  22
T 2  1 5 2  17
T 2  -2 5 3  18
ROW 0 -2 2
T 1  -9 5 5  19
T 2  2 5 5  20
ROW 0 -1 5
T 0  7 2 3  14
T 1  -18 5 2  15
T 1  -14 5 3  16
T 2  4 5 2  17
T 2  2 5 3  18
ROW 0 0 5
T 0  7 1 1  7
T 1  -27 5 1  8
T 1  -28 5 1  10
T 2  6 5 1  11
T 2  4 5 1  13
ROW 0 1 5
T 0  7 2 3  0
T 1  -18 5 2  1
T 1  -14 5 3  3
T 2  4 5 2  4
T 2  2 5 3  6
ROW 0 2 2
T 1  -9 5 5  9
T 2  2 5 5  12
ROW 1 -2 7
T 0  7 2 3  14
T 1  -9 10 30  21
T 1  9 10 2  15
T 1  -14 5 3  16
T 2  1 5 30  22
T 2  -1 5 2  17
T 2  2 5 3  18
ROW 1 -1 2
T 1  -9 5 5  19
T 2  2 5 5  20
ROW 1 0 5
T 0  -7 2 1  0
T 1  -9 5 6  1
T 1  14 5 1  3
T 2  2 5 6  4
T 2  -2 5 1  6
ROW 1 1 7
T 0  7 2 3  7
T 1  9 5 3  8
T 1  -9 5 5  9
T 1  -14 5 3  10
T 2  -2 5 3  11
T 2  2 5 5  12
T 2  2 5 3  13
ROW 1 2 7
T 0  7 2 3  0
T 1  9 10 2  1
T 1  -9 10 30  2
T 1  -14 5 3  3
T 2  -1 5 2  4
T 2  1 5 30  5
T 2  2 5 3  6
