FORMAT 1
KERNEL T
SOURCE (s|S|s)
SHELLS 3 1

# E <id> <alpha> <beta> <mu> <p>
E 0 0 2 1 -3
E 1 0 2 2 -3
E 2 0 2 3 -3

# G <id> <2k> <L> <M>
G 0 0 2 2
G 1 0 4 2
G 2 0 4 4
G 3 2 2 2
G 4 2 4 2
G 5 2 4 4
G 6 4 2 2
G 7 0 4 -3
G 8 2 4 -3
G 9 0 2 -2
G 10 0 4 -4
G 11 0 4 -2
G 12 2 2 -2
G 13 2 4 -4
G 14 2 4 -2
G 15 4 2 -2
G 16 0 2 1
G 17 0 4 1
G 18 0 4 3
G 19 2 2 1
G 20 2 4 1
G 21 2 4 3
G 22 4 2 1
G 23 0 2 -1
G 24 0 4 -1
G 25 2 2 -1
G 26 2 4 -1
G 27 4 2 -1
G 28 0 2 0
G 29 0 4 0
G 30 2 2 0
G 31 2 4 0
G 32 4 2 0

# TABLE <l> <l'> <rows> [SYMMETRIC]
# ROW <m> <m'> <terms>
# T <prefactor> <num> <den> <radicand> <geometry>

TABLE 3 1 21
ROW -3 -1 7
T 0  9 4 30  0
T 1  11 14 2  1
T 1  11 7 14  2
T 1  -9 7 30  3
T 2  -1 7 2  4
T 2  -2 7 14  5
T 2  1 7 30  6
ROW -3 0 2
T 1  -11 7 7  7
T 2  2 7 7  8
ROW -3 1 7
T 0  9 4 30  9
T 1  -11 7 14  10
T 1  11 14 2  11
T 1  -9 7 30  12
T 2  2 7 14  13
T 2  -1 7 2  14
T 2  1 7 30  15
ROW -2 -1 7
T 0  9 2 5  16
T 1  11 14 6  17
T 1  11 14 42  18
T 1  -18 7 5  19
T 2  -1 7 6  20
T 2  -1 7 42  21
T 2  2 7 5  22
ROW -2 0 5
T 0  9 2 5  9
T 1  -22 7 3  11
T 1  -18 7 5  12
T 2  4 7 3  14
T 2  2 7 5  15
ROW -2 1 7
T 0  9 2 5  23
T 1  -11 14 42  7
T 1  11 14 6  24
T 1  -18 7 5  25
T 2  1 7 42  8
T 2  -1 7 6  26
T 2  2 7 5  27
ROW -1 -1 10
T 0  9 2 6  28
T 0  9 4 2  0
T 1  11 7 6  29
T 1  11 14 30  1
T 1  -18 7 6  30
T 1  -9 7 2  3
T 2  -2 7 6  31
T 2  -1 7 30  4
T 2  2 7 6  32
T 2  1 7 2  6
ROW -1 0 5
T 0  9 1 2  23
T 1  -11 7 15  24
T 1  -36 7 2  25
T 2  2 7 15  26
T 2  4 7 2  27
ROW -1 1 5
T 0  -9 4 2  9
T 1  -11 14 30  11
T 1  9 7 2  12
T 2  1 7 30  14
T 2  -1 7 2  15
ROW 0 -1 5
T 0  -9 2 3  23
T 1  -11 7 10  24
T 1  18 7 3  25
T 2  2 7 10  26
T 2  -2 7 3  27
ROW 0 0 5
T 0  27 2 1  28
T 1  -44 7 1  29
T 1  -54 7 1  30
T 2  8 7 1  31
T 2  6 7 1  32
ROW 0 1 5
T 0  -9 2 3  16
T 1  -11 7 10  17
T 1  18 7 3  19
T 2  2 7 10  20
T 2  -2 7 3  22
ROW 1 -1 5
T 0  -9 4 2  9
T 1  -11 14 30  11
T 1  9 7 2  12
T 2  1 7 30  14
T 2  -1 7 2  15
ROW 1 0 5
T 0  9 1 2  16
T 1  -11 7 15  17
T 1  -36 7 2  19
T 2  2 7 15  20
T 2  4 7 2  22
ROW 1 1 10
T 0  9 2 6  28
T 0  -9 4 2  0
T 1  11 7 6  29
T 1  -11 14 30  1
T 1  -18 7 6  30
T 1  9 7 2  3
T 2  -2 7 6  31
T 2  1 7 30  4
T 2  2 7 6  32
T 2  -1 7 2  6
ROW 2 -1 7
T 0  -9 2 5  23
T 1  -11 14 42  7
T 1  -11 14 6  24
T 1  18 7 5  25
T 2  1 7 42  8
T 2  1 7 6  26
T 2  -2 7 5  27
ROW 2 0 5
T 0  9 2 5  0
T 1  -22 7 3  1
T 1  -18 7 5  3
T 2  4 7 3  4
T 2  2 7 5  6
ROW 2 1 7
T 0  9 2 5  16
T 1  11 14 6  17
T 1  -11 14 42  18
T 1  -18 7 5  19
T 2  -1 7 6  20
T 2  1 7 42  21
T 2  2 7 5  22
ROW 3 -1 7
T 0  -9 4 30  9
T 1  -11 7 14  10
T 1  -11 14 2  11
T 1  9 7 30  12
T 2  2 7 14  13
T 2  1 7 2  14
T 2  -1 7 30  15
ROW 3 0 2
T 1  -11 7 7  18
T 2  2 7 7  21
ROW 3 1 7
T 0  9 4 30  0
T 1  11 14 2  1
T 1  -11 7 14  2
T 1  -9 7 30  3
T 2  -1 7 2  4
T 2  2 7 14  5
T 2  1 7 30  6
