FORMAT 1
KERNEL T
SOURCE (s|S|s)
SHELLS 1 4

# E <id> <alpha> <beta> <mu> <p>
E 0 3 0 1 -4
E 1 3 0 2 -4
E 2 3 0 3 -4

# G <id> <2k> <L> <M>
G 0 0 3 3
G 1 0 5 3
G 2 0 5 5
G 3 2 3 3
G 4 2 5 3
G 5 2 5 5
G 6 4 3 3
G 7 0 3 2
G 8 0 5 2
G 9 0 5 4
G 10 2 3 2
G 11 2 5 2
G 12 2 5 4
G 13 4 3 2
G 14 0 3 1
G 15 0 5 1
G 16 2 3 1
G 17 2 5 1
G 18 4 3 1
G 19 0 3 0
G 20 0 5 0
G 21 2 3 0
G 22 2 5 0
G 23 4 3 0
G 24 0 3 -1
G 25 0 5 -1
G 26 2 3 -1
G 27 2 5 -1
G 28 4 3 -1
G 29 0 3 -2
G 30 0 5 -2
G 31 2 3 -2
G 32 2 5 -2
G 33 4 3 -2
G 34 0 3 -3
G 35 0 5 -3
G 36 2 3 -3
G 37 2 5 -3
G 38 4 3 -3
G 39 0 5 -4
G 40 2 5 -4
G 41 0 5 -5
G 42 2 5 -5

# TABLE <l> <l'> <rows> [SYMMETRIC]
# ROW <m> <m'> <terms>
# T <prefactor> <num> <den> <radicand> <geometry>

TABLE 1 4 27
ROW -1 -4 7
T 0  11 2 14  0
T 1  13 18 2  1
T 1  13 6 10  2
T 1  -22 9 14  3
T 2  -1 9 2  4
T 2  -1 3 10  5
T 2  2 9 14  6
ROW -1 -3 7
T 0  11 4 42  7
T 1  13 18 6  8
T 1  13 3 2  9
T 1  -11 9 42  10
T 2  -1 9 6  11
T 2  -2 3 2  12
T 2  1 9 42  13
ROW -1 -2 10
T 0  11 4 30  14
T 0  11 4 2  0
T 1  13 9 3  15
T 1  13 9 14  1
T 1  -11 9 30  16
T 1  -11 9 2  3
T 2  -2 9 3  17
T 2  -2 9 14  4
T 2  1 9 30  18
T 2  1 9 2  6
ROW -1 -1 10
T 0  11 2 10  19
T 0  11 4 6  7
T 1  13 9 10  20
T 1  13 18 42  8
T 1  -22 9 10  21
T 1  -11 9 6  10
T 2  -2 9 10  22
T 2  -1 9 42  11
T 2  2 9 10  23
T 2  1 9 6  13
ROW -1 0 5
T 0  -11 2 6  24
T 1  -13 9 15  25
T 1  22 9 6  26
T 2  2 9 15  27
T 2  -2 9 6  28
ROW -1 1 5
T 0  -11 4 6  29
T 1  -13 18 42  30
T 1  11 9 6  31
T 2  1 9 42  32
T 2  -1 9 6  33
ROW -1 2 10
T 0  -11 4 2  34
T 0  -11 4 30  24
T 1  -13 9 14  35
T 1  -13 9 3  25
T 1  11 9 2  36
T 1  11 9 30  26
T 2  2 9 14  37
T 2  2 9 3  27
T 2  -1 9 2  38
T 2  -1 9 30  28
ROW -1 3 7
T 0  -11 4 42  29
T 1  -13 3 2  39
T 1  -13 18 6  30
T 1  11 9 42  31
T 2  2 3 2  40
T 2  1 9 6  32
T 2  -1 9 42  33
ROW -1 4 7
T 0  -11 2 14  34
T 1  -13 6 10  41
T 1  -13 18 2  35
T 1  22 9 14  36
T 2  1 3 10  42
T 2  1 9 2  37
T 2  -2 9 14  38
ROW 0 -4 2
T 1  -13 3 1  39
T 2  2 3 1  40
ROW 0 -3 5
T 0  11 2 7  34
T 1  -52 9 1  35
T 1  -22 9 7  36
T 2  8 9 1  37
T 2  2 9 7  38
ROW 0 -2 5
T 0  11 1 3  29
T 1  -13 9 21  30
T 1  -44 9 3  31
T 2  2 9 21  32
T 2  4 9 3  33
ROW 0 -1 5
T 0  11 2 15  24
T 1  -26 9 6  25
T 1  -22 9 15  26
T 2  4 9 6  27
T 2  2 9 15  28
ROW 0 0 5
T 0  22 1 1  19
T 1  -65 9 1  20
T 1  -88 9 1  21
T 2  10 9 1  22
T 2  8 9 1  23
ROW 0 1 5
T 0  11 2 15  14
T 1  -26 9 6  15
T 1  -22 9 15  16
T 2  4 9 6  17
T 2  2 9 15  18
ROW 0 2 5
T 0  11 1 3  7
T 1  -13 9 21  8
T 1  -44 9 3  10
T 2  2 9 21  11
T 2  4 9 3  13
ROW 0 3 5
T 0  11 2 7  0
T 1  -52 9 1  1
T 1  -22 9 7  3
T 2  8 9 1  4
T 2  2 9 7  6
ROW 0 4 2
T 1  -13 3 1  9
T 2  2 3 1  12
ROW 1 -4 7
T 0  11 2 14  34
T 1  -13 6 10  41
T 1  13 18 2  35
T 1  -22 9 14  36
T 2  1 3 10  42
T 2  -1 9 2  37
T 2  2 9 14  38
ROW 1 -3 7
T 0  11 4 42  29
T 1  -13 3 2  39
T 1  13 18 6  30
T 1  -11 9 42  31
T 2  2 3 2  40
T 2  -1 9 6  32
T 2  1 9 42  33
ROW 1 -2 10
T 0  -11 4 2  34
T 0  11 4 30  24
T 1  -13 9 14  35
T 1  13 9 3  25
T 1  11 9 2  36
T 1  -11 9 30  26
T 2  2 9 14  37
T 2  -2 9 3  27
T 2  -1 9 2  38
T 2  1 9 30  28
ROW 1 -1 5
T 0  -11 4 6  29
T 1  -13 18 42  30
T 1  11 9 6  31
T 2  1 9 42  32
T 2  -1 9 6  33
ROW 1 0 5
T 0  -11 2 6  14
T 1  -13 9 15  15
T 1  22 9 6  16
T 2  2 9 15  17
T 2  -2 9 6  18
ROW 1 1 10
T 0  11 2 10  19
T 0  -11 4 6  7
T 1  13 9 10  20
T 1  -13 18 42  8
T 1  -22 9 10  21
T 1  11 9 6  10
T 2  -2 9 10  22
T 2  1 9 42  11
T 2  2 9 10  23
T 2  -1 9 6  13
ROW 1 2 10
T 0  11 4 30  14
T 0  -11 4 2  0
T 1  13 9 3  15
T 1  -13 9 14  1
T 1  -11 9 30  16
T 1  11 9 2  3
T 2  -2 9 3  17
T 2  2 9 14  4
T 2  1 9 30  18
T 2  -1 9 2  6
ROW 1 3 7
T 0  11 4 42  7
T 1  13 18 6  8
T 1  -13 3 2  9
T 1  -11 9 42  10
T 2  -1 9 6  11
T 2  2 3 2  12
T 2  1 9 42  13
ROW 1 4 7
T 0  11 2 14  0
T 1  13 18 2  1
T 1  -13 6 10  2
T 1  -22 9 14  3
T 2  -1 9 2  4
T 2  1 3 10  5
T 2  2 9 14  6
