FORMAT 1
KERNEL T
SOURCE (s|S|s)
SHELLS 6 2

# E <id> <alpha> <beta> <mu> <p>
E 0 0 4 1 -6
E 1 0 4 2 -6
E 2 0 4 3 -6
E 3 0 4 4 -6

# G <id> <2k> <L> <M>
G 0 0 4 4
G 1 0 6 4
G 2 2 4 4
G 3 0 8 4
G 4 0 8 8
G 5 2 6 4
G 6 4 4 4
G 7 2 8 4
G 8 2 8 8
G 9 4 6 4
G 10 6 4 4
G 11 0 6 5
G 12 0 8 5
G 13 0 8 7
G 14 2 6 5
G 15 2 8 5
G 16 2 8 7
G 17 4 6 5
G 18 0 6 -6
G 19 0 8 -6
G 20 2 6 -6
G 21 2 8 -6
G 22 4 6 -6
G 23 0 6 -5
G 24 0 8 -7
G 25 0 8 -5
G 26 2 6 -5
G 27 2 8 -7
G 28 2 8 -5
G 29 4 6 -5
G 30 0 4 -4
G 31 0 6 -4
G 32 2 4 -4
G 33 0 8 -8
G 34 0 8 -4
G 35 2 6 -4
G 36 4 4 -4
G 37 2 8 -8
G 38 2 8 -4
G 39 4 6 -4
G 40 6 4 -4
G 41 0 4 3
G 42 0 6 3
G 43 2 4 3
G 44 0 8 3
G 45 2 6 3
G 46 4 4 3
G 47 2 8 3
G 48 4 6 3
G 49 6 4 3
G 50 0 6 6
G 51 0 8 6
G 52 2 6 6
G 53 2 8 6
G 54 4 6 6
G 55 0 4 -3
G 56 0 6 -3
G 57 2 4 -3
G 58 0 8 -3
G 59 2 6 -3
G 60 4 4 -3
G 61 2 8 -3
G 62 4 6 -3
G 63 6 4 -3
G 64 0 4 2
G 65 0 6 2
G 66 2 4 2
G 67 0 8 2
G 68 2 6 2
G 69 4 4 2
G 70 2 8 2
G 71 4 6 2
G 72 6 4 2
G 73 0 4 -2
G 74 0 6 -2
G 75 2 4 -2
G 76 0 8 -2
G 77 2 6 -2
G 78 4 4 -2
G 79 2 8 -2
G 80 4 6 -2
G 81 6 4 -2
G 82 0 4 1
G 83 0 6 1
G 84 2 4 1
G 85 0 8 1
G 86 2 6 1
G 87 4 4 1
G 88 2 8 1
G 89 4 6 1
G 90 6 4 1
G 91 0 4 -1
G 92 0 6 -1
G 93 2 4 -1
G 94 0 8 -1
G 95 2 6 -1
G 96 4 4 -1
G 97 2 8 -1
G 98 4 6 -1
G 99 6 4 -1
G 100 0 4 0
G 101 0 6 0
G 102 2 4 0
G 103 0 8 0
G 104 2 6 0
G 105 4 4 0
G 106 2 8 0
G 107 4 6 0
G 108 6 4 0

# TABLE <l> <l'> <rows> [SYMMETRIC]
# ROW <m> <m'> <terms>
# T <prefactor> <num> <den> <radicand> <geometry>

TABLE 6 2 65
ROW -6 -2 11
T 0  135 8 110  0
T 1  51 22 22  1
T 1  -405 44 110  2
T 2  19 130 2  3
T 2  -19 65 910  4
T 2  -34 55 22  5
T 2  405 286 110  6
T 3  -1 65 2  7
T 3  2 65 910  8
T 3  2 55 22  9
T 3  -9 143 110  10
ROW -6 -1 7
T 1  -51 2 1  11
T 2  -19 130 26  12
T 2  -19 130 910  13
T 2  34 5 1  14
T 3  1 65 26  15
T 3  1 65 910  16
T 3  -2 5 1  17
ROW -6 0 5
T 1  51 1 1  18
T 2  19 65 91  19
T 2  -68 5 1  20
T 3  -2 65 91  21
T 3  4 5 1  22
ROW -6 1 7
T 1  -51 2 1  23
T 2  19 130 910  24
T 2  -19 130 26  25
T 2  34 5 1  26
T 3  -1 65 910  27
T 3  1 65 26  28
T 3  -2 5 1  29
ROW -6 2 11
T 0  135 8 110  30
T 1  51 22 22  31
T 1  -405 44 110  32
T 2  19 65 910  33
T 2  19 130 2  34
T 2  -34 55 22  35
T 2  405 286 110  36
T 3  -2 65 910  37
T 3  -1 65 2  38
T 3  2 55 22  39
T 3  -9 143 110  40
ROW -5 -2 11
T 0  45 4 165  41
T 1  51 22 55  42
T 1  -135 22 165  43
T 2  19 130 10  44
T 2  -19 130 2730  13
T 2  -34 55 55  45
T 2  135 143 165  46
T 3  -1 65 10  47
T 3  1 65 2730  16
T 3  2 55 55  48
T 3  -6 143 165  49
ROW -5 -1 14
T 0  45 8 330  0
T 1  -153 44 66  1
T 1  51 2 1  50
T 1  -135 44 330  2
T 2  -38 65 6  3
T 2  -38 65 91  51
T 2  51 55 66  5
T 2  -34 5 1  52
T 2  135 286 330  6
T 3  4 65 6  7
T 3  4 65 91  53
T 3  -3 55 66  9
T 3  2 5 1  54
T 3  -3 143 330  10
ROW -5 0 5
T 1  51 2 1  23
T 2  57 65 26  25
T 2  -34 5 1  26
T 3  -6 65 26  28
T 3  2 5 1  29
ROW -5 1 14
T 0  45 8 330  30
T 1  -51 2 1  18
T 1  -153 44 66  31
T 1  -135 44 330  32
T 2  38 65 91  19
T 2  -38 65 6  34
T 2  34 5 1  20
T 2  51 55 66  35
T 2  135 286 330  36
T 3  -4 65 91  21
T 3  4 65 6  38
T 3  -2 5 1  22
T 3  -3 55 66  39
T 3  -3 143 330  40
ROW -5 2 11
T 0  45 4 165  55
T 1  51 22 55  56
T 1  -135 22 165  57
T 2  19 130 2730  24
T 2  19 130 10  58
T 2  -34 55 55  59
T 2  135 143 165  60
T 3  -1 65 2730  27
T 3  -1 65 10  61
T 3  2 55 55  62
T 3  -6 143 165  63
ROW -4 -2 14
T 0  45 4 105  64
T 1  153 22 10  65
T 1  -51 22 22  50
T 1  -135 22 105  66
T 2  19 130 30  67
T 2  -19 130 2002  51
T 2  -102 55 10  68
T 2  34 55 22  52
T 2  135 143 105  69
T 3  -1 65 30  70
T 3  1 65 2002  53
T 3  6 55 10  71
T 3  -2 55 22  54
T 3  -6 143 105  72
ROW -4 -1 14
T 0  45 2 30  41
T 1  -357 44 10  42
T 1  153 44 66  11
T 1  -135 11 30  43
T 2  -19 65 55  44
T 2  -19 65 429  12
T 2  119 55 10  45
T 2  -51 55 66  14
T 2  270 143 30  46
T 3  2 65 55  47
T 3  2 65 429  15
T 3  -7 55 10  48
T 3  3 55 66  17
T 3  -12 143 30  49
ROW -4 0 9
T 0  135 4 5  30
T 1  51 11 1  31
T 1  -405 22 5  32
T 2  114 65 11  34
T 2  -68 55 1  35
T 2  405 143 5  36
T 3  -12 65 11  38
T 3  4 55 1  39
T 3  -18 143 5  40
ROW -4 1 14
T 0  45 2 30  55
T 1  -153 44 66  23
T 1  -357 44 10  56
T 1  -135 11 30  57
T 2  19 65 429  25
T 2  -19 65 55  58
T 2  51 55 66  26
T 2  119 55 10  59
T 2  270 143 30  60
T 3  -2 65 429  28
T 3  2 65 55  61
T 3  -3 55 66  29
T 3  -7 55 10  62
T 3  -12 143 30  63
ROW -4 2 14
T 0  45 4 105  73
T 1  51 22 22  18
T 1  153 22 10  74
T 1  -135 22 105  75
T 2  19 130 2002  19
T 2  19 130 30  76
T 2  -34 55 22  20
T 2  -102 55 10  77
T 2  135 143 105  78
T 3  -1 65 2002  21
T 3  -1 65 30  79
T 3  2 55 22  22
T 3  6 55 10  80
T 3  -6 143 105  81
ROW -3 -2 14
T 0  135 4 7  82
T 1  51 11 30  83
T 1  -51 22 55  11
T 1  -405 22 7  84
T 2  19 130 70  85
T 2  -19 130 1430  12
T 2  -68 55 30  86
T 2  34 55 55  14
T 2  405 143 7  87
T 3  -1 65 70  88
T 3  1 65 1430  15
T 3  4 55 30  89
T 3  -2 55 55  17
T 3  -18 143 7  90
ROW -3 -1 18
T 0  135 4 14  64
T 0  135 8 2  0
T 1  -255 22 3  65
T 1  357 44 10  1
T 1  -405 22 14  66
T 1  -405 44 2  2
T 2  -38 13 1  67
T 2  -38 65 110  3
T 2  34 11 3  68
T 2  -119 55 10  5
T 2  405 143 14  69
T 2  405 286 2  6
T 3  4 13 1  70
T 3  4 65 110  7
T 3  -2 11 3  71
T 3  7 55 10  9
T 3  -18 143 14  72
T 3  -9 143 2  10
ROW -3 0 9
T 0  135 2 3  55
T 1  -255 22 1  56
T 1  -405 11 3  57
T 2  19 13 22  58
T 2  34 11 1  59
T 2  810 143 3  60
T 3  -2 13 22  61
T 3  -2 11 1  62
T 3  -36 143 3  63
ROW -3 1 18
T 0  -135 8 2  30
T 0  135 4 14  73
T 1  -357 44 10  31
T 1  -255 22 3  74
T 1  405 44 2  32
T 1  -405 22 14  75
T 2  38 65 110  34
T 2  -38 13 1  76
T 2  119 55 10  35
T 2  34 11 3  77
T 2  -405 286 2  36
T 2  405 143 14  78
T 3  -4 65 110  38
T 3  4 13 1  79
T 3  -7 55 10  39
T 3  -2 11 3  80
T 3  9 143 2  40
T 3  -18 143 14  81
ROW -3 2 14
T 0  135 4 7  91
T 1  51 22 55  23
T 1  51 11 30  92
T 1  -405 22 7  93
T 2  19 130 1430  25
T 2  19 130 70  94
T 2  -34 55 55  26
T 2  -68 55 30  95
T 2  405 143 7  96
T 3  -1 65 1430  28
T 3  -1 65 70  97
T 3  2 55 55  29
T 3  4 55 30  98
T 3  -18 143 7  99
ROW -2 -2 18
T 0  45 4 70  100
T 0  -45 8 2  0
T 1  51 11 70  101
T 1  -153 22 10  1
T 1  -135 22 70  102
T 1  135 44 2  2
T 2  19 65 70  103
T 2  -57 130 110  3
T 2  -68 55 70  104
T 2  102 55 10  5
T 2  135 143 70  105
T 2  -135 286 2  6
T 3  -2 65 70  106
T 3  3 65 110  7
T 3  4 55 70  107
T 3  -6 55 10  9
T 3  -6 143 70  108
T 3  3 143 2  10
ROW -2 -1 18
T 0  45 1 7  82
T 0  45 1 1  41
T 1  -51 22 30  83
T 1  255 22 3  42
T 1  -270 11 7  84
T 1  -270 11 1  43
T 2  -57 130 70  85
T 2  -19 26 66  44
T 2  34 55 30  86
T 2  -34 11 3  45
T 2  540 143 7  87
T 2  540 143 1  46
T 3  3 65 70  88
T 3  1 13 66  47
T 3  -2 55 30  89
T 3  2 11 3  48
T 3  -24 143 7  90
T 3  -24 143 1  49
ROW -2 0 9
T 0  45 2 42  73
T 1  -255 11 1  74
T 1  -135 11 42  75
T 2  57 13 3  76
T 2  68 11 1  77
T 2  270 143 42  78
T 3  -6 13 3  79
T 3  -4 11 1  80
T 3  -12 143 42  81
ROW -2 1 18
T 0  -45 1 1  55
T 0  45 1 7  91
T 1  -255 22 3  56
T 1  -51 22 30  92
T 1  270 11 1  57
T 1  -270 11 7  93
T 2  19 26 66  58
T 2  -57 130 70  94
T 2  34 11 3  59
T 2  34 55 30  95
T 2  -540 143 1  60
T 2  540 143 7  96
T 3  -1 13 66  61
T 3  3 65 70  97
T 3  -2 11 3  62
T 3  -2 55 30  98
T 3  24 143 1  63
T 3  -24 143 7  99
ROW -2 2 9
T 0  45 8 2  30
T 1  153 22 10  31
T 1  -135 44 2  32
T 2  57 130 110  34
T 2  -102 55 10  35
T 2  135 286 2  36
T 3  -3 65 110  38
T 3  6 55 10  39
T 3  -3 143 2  40
ROW -1 -2 18
T 0  -45 8 70  82
T 0  -45 8 10  41
T 1  -357 22 3  83
T 1  -51 11 30  42
T 1  135 44 70  84
T 1  135 44 10  43
T 2  -57 65 7  85
T 2  -19 65 165  44
T 2  238 55 3  86
T 2  68 55 30  45
T 2  -135 286 70  87
T 2  -135 286 10  46
T 3  6 65 7  88
T 3  2 65 165  47
T 3  -14 55 3  89
T 3  -4 55 30  48
T 3  3 143 70  90
T 3  3 143 10  49
ROW -1 -1 18
T 0  225 4 7  100
T 0  45 4 35  64
T 1  -51 22 7  101
T 1  51 22 30  65
T 1  -675 22 7  102
T 1  -135 22 35  66
T 2  -152 65 7  103
T 2  -114 65 10  67
T 2  34 55 7  104
T 2  -34 55 30  68
T 2  675 143 7  105
T 2  135 143 35  69
T 3  16 65 7  106
T 3  12 65 10  70
T 3  -2 55 7  107
T 3  2 55 30  71
T 3  -30 143 7  108
T 3  -6 143 35  72
ROW -1 0 9
T 0  45 4 210  91
T 1  -663 22 1  92
T 1  -135 22 210  93
T 2  114 65 21  94
T 2  442 55 1  95
T 2  135 143 210  96
T 3  -12 65 21  97
T 3  -26 55 1  98
T 3  -6 143 210  99
ROW -1 1 9
T 0  -45 4 35  73
T 1  -51 22 30  74
T 1  135 22 35  75
T 2  114 65 10  76
T 2  34 55 30  77
T 2  -135 143 35  78
T 3  -12 65 10  79
T 3  -2 55 30  80
T 3  6 143 35  81
ROW -1 2 18
T 0  45 8 10  55
T 0  45 8 70  91
T 1  51 11 30  56
T 1  357 22 3  92
T 1  -135 44 10  57
T 1  -135 44 70  93
T 2  19 65 165  58
T 2  57 65 7  94
T 2  -68 55 30  59
T 2  -238 55 3  95
T 2  135 286 10  60
T 2  135 286 70  96
T 3  -2 65 165  61
T 3  -6 65 7  97
T 3  4 55 30  62
T 3  14 55 3  98
T 3  -3 143 10  63
T 3  -3 143 70  99
ROW 0 -2 9
T 0  45 4 15  73
T 1  51 11 70  74
T 1  -135 22 15  75
T 2  19 65 210  76
T 2  -68 55 70  77
T 2  135 143 15  78
T 3  -2 65 210  79
T 3  4 55 70  80
T 3  -6 143 15  81
ROW 0 -1 9
T 0  -45 2 30  91
T 1  -51 22 7  92
T 1  135 11 30  93
T 2  266 65 3  94
T 2  34 55 7  95
T 2  -270 143 30  96
T 3  -28 65 3  97
T 3  -2 55 7  98
T 3  12 143 30  99
ROW 0 0 9
T 0  675 4 1  100
T 1  -357 11 1  101
T 1  -2025 22 1  102
T 2  532 65 1  103
T 2  476 55 1  104
T 2  2025 143 1  105
T 3  -56 65 1  106
T 3  -28 55 1  107
T 3  -90 143 1  108
ROW 0 1 9
T 0  -45 2 30  82
T 1  -51 22 7  83
T 1  135 11 30  84
T 2  266 65 3  85
T 2  34 55 7  86
T 2  -270 143 30  87
T 3  -28 65 3  88
T 3  -2 55 7  89
T 3  12 143 30  90
ROW 0 2 9
T 0  45 4 15  64
T 1  51 11 70  65
T 1  -135 22 15  66
T 2  19 65 210  67
T 2  -68 55 70  68
T 2  135 143 15  69
T 3  -2 65 210  70
T 3  4 55 70  71
T 3  -6 143 15  72
ROW 1 -2 18
T 0  45 8 10  55
T 0  -45 8 70  91
T 1  51 11 30  56
T 1  -357 22 3  92
T 1  -135 44 10  57
T 1  135 44 70  93
T 2  19 65 165  58
T 2  -57 65 7  94
T 2  -68 55 30  59
T 2  238 55 3  95
T 2  135 286 10  60
T 2  -135 286 70  96
T 3  -2 65 165  61
T 3  6 65 7  97
T 3  4 55 30  62
T 3  -14 55 3  98
T 3  -3 143 10  63
T 3  3 143 70  99
ROW 1 -1 9
T 0  -45 4 35  73
T 1  -51 22 30  74
T 1  135 22 35  75
T 2  114 65 10  76
T 2  34 55 30  77
T 2  -135 143 35  78
T 3  -12 65 10  79
T 3  -2 55 30  80
T 3  6 143 35  81
ROW 1 0 9
T 0  45 4 210  82
T 1  -663 22 1  83
T 1  -135 22 210  84
T 2  114 65 21  85
T 2  442 55 1  86
T 2  135 143 210  87
T 3  -12 65 21  88
T 3  -26 55 1  89
T 3  -6 143 210  90
ROW 1 1 18
T 0  225 4 7  100
T 0  -45 4 35  64
T 1  -51 22 7  101
T 1  -51 22 30  65
T 1  -675 22 7  102
T 1  135 22 35  66
T 2  -152 65 7  103
T 2  114 65 10  67
T 2  34 55 7  104
T 2  34 55 30  68
T 2  675 143 7  105
T 2  -135 143 35  69
T 3  16 65 7  106
T 3  -12 65 10  70
T 3  -2 55 7  107
T 3  -2 55 30  71
T 3  -30 143 7  108
T 3  6 143 35  72
ROW 1 2 18
T 0  -45 8 70  82
T 0  45 8 10  41
T 1  -357 22 3  83
T 1  51 11 30  42
T 1  135 44 70  84
T 1  -135 44 10  43
T 2  -57 65 7  85
T 2  19 65 165  44
T 2  238 55 3  86
T 2  -68 55 30  45
T 2  -135 286 70  87
T 2  135 286 10  46
T 3  6 65 7  88
T 3  -2 65 165  47
T 3  -14 55 3  89
T 3  4 55 30  48
T 3  3 143 70  90
T 3  -3 143 10  49
ROW 2 -2 9
T 0  45 8 2  30
T 1  153 22 10  31
T 1  -135 44 2  32
T 2  57 130 110  34
T 2  -102 55 10  35
T 2  135 286 2  36
T 3  -3 65 110  38
T 3  6 55 10  39
T 3  -3 143 2  40
ROW 2 -1 18
T 0  -45 1 1  55
T 0  -45 1 7  91
T 1  -255 22 3  56
T 1  51 22 30  92
T 1  270 11 1  57
T 1  270 11 7  93
T 2  19 26 66  58
T 2  57 130 70  94
T 2  34 11 3  59
T 2  -34 55 30  95
T 2  -540 143 1  60
T 2  -540 143 7  96
T 3  -1 13 66  61
T 3  -3 65 70  97
T 3  -2 11 3  62
T 3  2 55 30  98
T 3  24 143 1  63
T 3  24 143 7  99
ROW 2 0 9
T 0  45 2 42  64
T 1  -255 11 1  65
T 1  -135 11 42  66
T 2  57 13 3  67
T 2  68 11 1  68
T 2  270 143 42  69
T 3  -6 13 3  70
T 3  -4 11 1  71
T 3  -12 143 42  72
ROW 2 1 18
T 0  45 1 7  82
T 0  -45 1 1  41
T 1  -51 22 30  83
T 1  -255 22 3  42
T 1  -270 11 7  84
T 1  270 11 1  43
T 2  -57 130 70  85
T 2  19 26 66  44
T 2  34 55 30  86
T 2  34 11 3  45
T 2  540 143 7  87
T 2  -540 143 1  46
T 3  3 65 70  88
T 3  -1 13 66  47
T 3  -2 55 30  89
T 3  -2 11 3  48
T 3  -24 143 7  90
T 3  24 143 1  49
ROW 2 2 18
T 0  45 4 70  100
T 0  45 8 2  0
T 1  51 11 70  101
T 1  153 22 10  1
T 1  -135 22 70  102
T 1  -135 44 2  2
T 2  19 65 70  103
T 2  57 130 110  3
T 2  -68 55 70  104
T 2  -102 55 10  5
T 2  135 143 70  105
T 2  135 286 2  6
T 3  -2 65 70  106
T 3  -3 65 110  7
T 3  4 55 70  107
T 3  6 55 10  9
T 3  -6 143 70  108
T 3  -3 143 2  10
ROW 3 -2 14
T 0  -135 4 7  91
T 1  51 22 55  23
T 1  -51 11 30  92
T 1  405 22 7  93
T 2  19 130 1430  25
T 2  -19 130 70  94
T 2  -34 55 55  26
T 2  68 55 30  95
T 2  -405 143 7  96
T 3  -1 65 1430  28
T 3  1 65 70  97
T 3  2 55 55  29
T 3  -4 55 30  98
T 3  18 143 7  99
ROW 3 -1 18
T 0  -135 8 2  30
T 0  -135 4 14  73
T 1  -357 44 10  31
T 1  255 22 3  74
T 1  405 44 2  32
T 1  405 22 14  75
T 2  38 65 110  34
T 2  38 13 1  76
T 2  119 55 10  35
T 2  -34 11 3  77
T 2  -405 286 2  36
T 2  -405 143 14  78
T 3  -4 65 110  38
T 3  -4 13 1  79
T 3  -7 55 10  39
T 3  2 11 3  80
T 3  9 143 2  40
T 3  18 143 14  81
ROW 3 0 9
T 0  135 2 3  41
T 1  -255 22 1  42
T 1  -405 11 3  43
T 2  19 13 22  44
T 2  34 11 1  45
T 2  810 143 3  46
T 3  -2 13 22  47
T 3  -2 11 1  48
T 3  -36 143 3  49
ROW 3 1 18
T 0  135 4 14  64
T 0  -135 8 2  0
T 1  -255 22 3  65
T 1  -357 44 10  1
T 1  -405 22 14  66
T 1  405 44 2  2
T 2  -38 13 1  67
T 2  38 65 110  3
T 2  34 11 3  68
T 2  119 55 10  5
T 2  405 143 14  69
T 2  -405 286 2  6
T 3  4 13 1  70
T 3  -4 65 110  7
T 3  -2 11 3  71
T 3  -7 55 10  9
T 3  -18 143 14  72
T 3  9 143 2  10
ROW 3 2 14
T 0  135 4 7  82
T 1  51 11 30  83
T 1  51 22 55  11
T 1  -405 22 7  84
T 2  19 130 70  85
T 2  19 130 1430  12
T 2  -68 55 30  86
T 2  -34 55 55  14
T 2  405 143 7  87
T 3  -1 65 70  88
T 3  -1 65 1430  15
T 3  4 55 30  89
T 3  2 55 55  17
T 3  -18 143 7  90
ROW 4 -2 14
T 0  -45 4 105  73
T 1  51 22 22  18
T 1  -153 22 10  74
T 1  135 22 105  75
T 2  19 130 2002  19
T 2  -19 130 30  76
T 2  -34 55 22  20
T 2  102 55 10  77
T 2  -135 143 105  78
T 3  -1 65 2002  21
T 3  1 65 30  79
T 3  2 55 22  22
T 3  -6 55 10  80
T 3  6 143 105  81
ROW 4 -1 14
T 0  -45 2 30  55
T 1  -153 44 66  23
T 1  357 44 10  56
T 1  135 11 30  57
T 2  19 65 429  25
T 2  19 65 55  58
T 2  51 55 66  26
T 2  -119 55 10  59
T 2  -270 143 30  60
T 3  -2 65 429  28
T 3  -2 65 55  61
T 3  -3 55 66  29
T 3  7 55 10  62
T 3  12 143 30  63
ROW 4 0 9
T 0  135 4 5  0
T 1  51 11 1  1
T 1  -405 22 5  2
T 2  114 65 11  3
T 2  -68 55 1  5
T 2  405 143 5  6
T 3  -12 65 11  7
T 3  4 55 1  9
T 3  -18 143 5  10
ROW 4 1 14
T 0  45 2 30  41
T 1  -357 44 10  42
T 1  -153 44 66  11
T 1  -135 11 30  43
T 2  -19 65 55  44
T 2  19 65 429  12
T 2  119 55 10  45
T 2  51 55 66  14
T 2  270 143 30  46
T 3  2 65 55  47
T 3  -2 65 429  15
T 3  -7 55 10  48
T 3  -3 55 66  17
T 3  -12 143 30  49
ROW 4 2 14
T 0  45 4 105  64
T 1  153 22 10  65
T 1  51 22 22  50
T 1  -135 22 105  66
T 2  19 130 30  67
T 2  19 130 2002  51
T 2  -102 55 10  68
T 2  -34 55 22  52
T 2  135 143 105  69
T 3  -1 65 30  70
T 3  -1 65 2002  53
T 3  6 55 10  71
T 3  2 55 22  54
T 3  -6 143 105  72
ROW 5 -2 11
T 0  -45 4 165  55
T 1  -51 22 55  56
T 1  135 22 165  57
T 2  19 130 2730  24
T 2  -19 130 10  58
T 2  34 55 55  59
T 2  -135 143 165  60
T 3  -1 65 2730  27
T 3  1 65 10  61
T 3  -2 55 55  62
T 3  6 143 165  63
ROW 5 -1 14
T 0  -45 8 330  30
T 1  -51 2 1  18
T 1  153 44 66  31
T 1  135 44 330  32
T 2  38 65 91  19
T 2  38 65 6  34
T 2  34 5 1  20
T 2  -51 55 66  35
T 2  -135 286 330  36
T 3  -4 65 91  21
T 3  -4 65 6  38
T 3  -2 5 1  22
T 3  3 55 66  39
T 3  3 143 330  40
ROW 5 0 5
T 1  51 2 1  11
T 2  57 65 26  12
T 2  -34 5 1  14
T 3  -6 65 26  15
T 3  2 5 1  17
ROW 5 1 14
T 0  45 8 330  0
T 1  -153 44 66  1
T 1  -51 2 1  50
T 1  -135 44 330  2
T 2  -38 65 6  3
T 2  38 65 91  51
T 2  51 55 66  5
T 2  34 5 1  52
T 2  135 286 330  6
T 3  4 65 6  7
T 3  -4 65 91  53
T 3  -3 55 66  9
T 3  -2 5 1  54
T 3  -3 143 330  10
ROW 5 2 11
T 0  45 4 165  41
T 1  51 22 55  42
T 1  -135 22 165  43
T 2  19 130 10  44
T 2  19 130 2730  13
T 2  -34 55 55  45
T 2  135 143 165  46
T 3  -1 65 10  47
T 3  -1 65 2730  16
T 3  2 55 55  48
T 3  -6 143 165  49
ROW 6 -2 11
T 0  -135 8 110  30
T 1  -51 22 22  31
T 1  405 44 110  32
T 2  19 65 910  33
T 2  -19 130 2  34
T 2  34 55 22  35
T 2  -405 286 110  36
T 3  -2 65 910  37
T 3  1 65 2  38
T 3  -2 55 22  39
T 3  9 143 110  40
ROW 6 -1 7
T 1  51 2 1  23
T 2  19 130 910  24
T 2  19 130 26  25
T 2  -34 5 1  26
T 3  -1 65 910  27
T 3  -1 65 26  28
T 3  2 5 1  29
ROW 6 0 5
T 1  51 1 1  50
T 2  19 65 91  51
T 2  -68 5 1  52
T 3  -2 65 91  53
T 3  4 5 1  54
ROW 6 1 7
T 1  -51 2 1  11
T 2  -19 130 26  12
T 2  19 130 910  13
T 2  34 5 1  14
T 3  1 65 26  15
T 3  -1 65 910  16
T 3  -2 5 1  17
ROW 6 2 11
T 0  135 8 110  0
T 1  51 22 22  1
T 1  -405 44 110  2
T 2  19 130 2  3
T 2  19 65 910  4
T 2  -34 55 22  5
T 2  405 286 110  6
T 3  -1 65 2  7
T 3  -2 65 910  8
T 3  2 55 22  9
T 3  -9 143 110  10
