FORMAT 1
KERNEL T
SOURCE (s|S|s)
SHELLS 4 3

# E <id> <alpha> <beta> <mu> <p>
E 0 0 1 1 -4
E 1 0 1 2 -4
E 2 0 1 3 -4
E 3 0 1 4 -4
E 4 0 1 5 -4

# G <id> <2k> <L> <M>
G 0 0 1 1
G 1 0 3 1
G 2 2 1 1
G 3 0 5 1
G 4 2 3 1
G 5 4 1 1
G 6 0 7 1
G 7 0 7 7
G 8 2 5 1
G 9 4 3 1
G 10 6 1 1
G 11 2 7 1
G 12 2 7 7
G 13 4 5 1
G 14 6 3 1
G 15 8 1 1
G 16 0 3 2
G 17 0 5 2
G 18 2 3 2
G 19 0 7 2
G 20 0 7 6
G 21 2 5 2
G 22 4 3 2
G 23 2 7 2
G 24 2 7 6
G 25 4 5 2
G 26 6 3 2
G 27 0 3 3
G 28 0 5 3
G 29 0 5 5
G 30 2 3 3
G 31 0 7 3
G 32 0 7 5
G 33 2 5 3
G 34 2 5 5
G 35 4 3 3
G 36 2 7 3
G 37 2 7 5
G 38 4 5 3
G 39 4 5 5
G 40 6 3 3
G 41 0 5 -4
G 42 0 7 -4
G 43 2 5 -4
G 44 2 7 -4
G 45 4 5 -4
G 46 0 3 -3
G 47 0 5 -5
G 48 0 5 -3
G 49 2 3 -3
G 50 0 7 -5
G 51 0 7 -3
G 52 2 5 -5
G 53 2 5 -3
G 54 4 3 -3
G 55 2 7 -5
G 56 2 7 -3
G 57 4 5 -5
G 58 4 5 -3
G 59 6 3 -3
G 60 0 3 -2
G 61 0 5 -2
G 62 2 3 -2
G 63 0 7 -6
G 64 0 7 -2
G 65 2 5 -2
G 66 4 3 -2
G 67 2 7 -6
G 68 2 7 -2
G 69 4 5 -2
G 70 6 3 -2
G 71 0 1 -1
G 72 0 3 -1
G 73 2 1 -1
G 74 0 5 -1
G 75 2 3 -1
G 76 4 1 -1
G 77 0 7 -7
G 78 0 7 -1
G 79 2 5 -1
G 80 4 3 -1
G 81 6 1 -1
G 82 2 7 -7
G 83 2 7 -1
G 84 4 5 -1
G 85 6 3 -1
G 86 8 1 -1
G 87 0 1 0
G 88 0 3 0
G 89 2 1 0
G 90 0 5 0
G 91 2 3 0
G 92 4 1 0
G 93 0 7 0
G 94 2 5 0
G 95 4 3 0
G 96 6 1 0
G 97 2 7 0
G 98 4 5 0
G 99 6 3 0
G 100 8 1 0
G 101 0 5 4
G 102 0 7 4
G 103 2 5 4
G 104 2 7 4
G 105 4 5 4

# TABLE <l> <l'> <rows> [SYMMETRIC]
# ROW <m> <m'> <terms>
# T <prefactor> <num> <den> <radicand> <geometry>

TABLE 4 3 63
ROW -4 -3 16
T 0  -165 8 14  0
T 1  -39 4 21  1
T 1  33 1 14  2
T 2  -5 14 210  3
T 2  13 2 21  4
T 2  -99 7 14  5
T 3  -85 858 2  6
T 3  -85 858 6006  7
T 3  10 91 210  8
T 3  -13 11 21  9
T 3  44 21 14  10
T 4  5 429 2  11
T 4  5 429 6006  12
T 4  -2 273 210  13
T 4  2 33 21  14
T 4  -2 21 14  15
ROW -4 -2 11
T 1  39 4 35  16
T 2  5 1 5  17
T 2  -13 2 35  18
T 3  85 286 2  19
T 3  -85 286 286  20
T 3  -20 13 5  21
T 3  13 11 35  22
T 4  -5 143 2  23
T 4  5 143 286  24
T 4  4 39 5  25
T 4  -2 33 35  26
ROW -4 -1 14
T 1  -39 4 21  27
T 2  -10 1 3  28
T 2  -5 1 15  29
T 2  13 2 21  30
T 3  -85 286 10  31
T 3  -85 286 110  32
T 3  40 13 3  33
T 3  20 13 15  34
T 3  -13 11 21  35
T 4  5 143 10  36
T 4  5 143 110  37
T 4  -8 39 3  38
T 4  -4 39 15  39
T 4  2 33 21  40
ROW -4 0 5
T 2  30 1 1  41
T 3  85 429 165  42
T 3  -120 13 1  43
T 4  -10 429 165  44
T 4  8 13 1  45
ROW -4 1 14
T 1  -39 4 21  46
T 2  5 1 15  47
T 2  -10 1 3  48
T 2  13 2 21  49
T 3  85 286 110  50
T 3  -85 286 10  51
T 3  -20 13 15  52
T 3  40 13 3  53
T 3  -13 11 21  54
T 4  -5 143 110  55
T 4  5 143 10  56
T 4  4 39 15  57
T 4  -8 39 3  58
T 4  2 33 21  59
ROW -4 2 11
T 1  39 4 35  60
T 2  5 1 5  61
T 2  -13 2 35  62
T 3  85 286 286  63
T 3  85 286 2  64
T 3  -20 13 5  65
T 3  13 11 35  66
T 4  -5 143 286  67
T 4  -5 143 2  68
T 4  4 39 5  69
T 4  -2 33 35  70
ROW -4 3 16
T 0  -165 8 14  71
T 1  -39 4 21  72
T 1  33 1 14  73
T 2  -5 14 210  74
T 2  13 2 21  75
T 2  -99 7 14  76
T 3  85 858 6006  77
T 3  -85 858 2  78
T 3  10 91 210  79
T 3  -13 11 21  80
T 3  44 21 14  81
T 4  -5 429 6006  82
T 4  5 429 2  83
T 4  -2 273 210  84
T 4  2 33 21  85
T 4  -2 21 14  86
ROW -3 -3 16
T 0  -165 8 7  87
T 1  -117 4 7  88
T 1  33 1 7  89
T 2  -75 14 7  90
T 2  39 2 7  91
T 2  -99 7 7  92
T 3  -85 429 7  93
T 3  -85 429 858  20
T 3  150 91 7  94
T 3  -39 11 7  95
T 3  44 21 7  96
T 4  10 429 7  97
T 4  10 429 858  24
T 4  -10 91 7  98
T 4  2 11 7  99
T 4  -2 21 7  100
ROW -3 -2 19
T 0  -165 16 42  0
T 1  39 4 7  1
T 1  33 2 42  2
T 2  55 28 70  3
T 2  25 2 3  29
T 2  -13 2 7  4
T 2  -99 14 42  5
T 3  170 429 6  6
T 3  -170 143 22  32
T 3  -55 91 70  8
T 3  -50 13 3  34
T 3  13 11 7  9
T 3  22 21 42  10
T 4  -20 429 6  11
T 4  20 143 22  37
T 4  11 273 70  13
T 4  10 39 3  39
T 4  -2 33 7  14
T 4  -1 21 42  15
ROW -3 -1 14
T 1  39 4 7  16
T 2  -35 2 1  17
T 2  5 2 3  101
T 2  -13 2 7  18
T 3  -85 143 10  19
T 3  -85 143 55  102
T 3  70 13 1  21
T 3  -10 13 3  103
T 3  13 11 7  22
T 4  10 143 10  23
T 4  10 143 55  104
T 4  -14 39 1  25
T 4  2 39 3  105
T 4  -2 33 7  26
ROW -3 0 9
T 1  -117 4 7  46
T 2  15 1 1  48
T 2  39 2 7  49
T 3  340 429 30  51
T 3  -60 13 1  53
T 3  -39 11 7  54
T 4  -40 429 30  56
T 4  4 13 1  58
T 4  2 11 7  59
ROW -3 1 14
T 1  39 4 7  60
T 2  -5 2 3  41
T 2  -35 2 1  61
T 2  -13 2 7  62
T 3  85 143 55  42
T 3  -85 143 10  64
T 3  10 13 3  43
T 3  70 13 1  65
T 3  13 11 7  66
T 4  -10 143 55  44
T 4  10 143 10  68
T 4  -2 39 3  45
T 4  -14 39 1  69
T 4  -2 33 7  70
ROW -3 2 19
T 0  -165 16 42  71
T 1  39 4 7  72
T 1  33 2 42  73
T 2  -25 2 3  47
T 2  55 28 70  74
T 2  -13 2 7  75
T 2  -99 14 42  76
T 3  170 143 22  50
T 3  170 429 6  78
T 3  50 13 3  52
T 3  -55 91 70  79
T 3  13 11 7  80
T 3  22 21 42  81
T 4  -20 143 22  55
T 4  -20 429 6  83
T 4  -10 39 3  57
T 4  11 273 70  84
T 4  -2 33 7  85
T 4  -1 21 42  86
ROW -3 3 2
T 3  85 429 858  63
T 4  -10 429 858  67
ROW -2 -3 19
T 0  165 16 2  0
T 1  117 4 3  1
T 1  -33 2 2  2
T 2  75 28 30  3
T 2  -75 14 7  29
T 2  -39 2 3  4
T 2  99 14 2  5
T 3  85 429 14  6
T 3  -85 429 462  32
T 3  -75 91 30  8
T 3  150 91 7  34
T 3  39 11 3  9
T 3  -22 21 2  10
T 4  -10 429 14  11
T 4  10 429 462  37
T 4  5 91 30  13
T 4  -10 91 7  39
T 4  -2 11 3  14
T 4  1 21 2  15
ROW -2 -2 19
T 0  -165 4 3  87
T 1  -39 4 3  88
T 1  66 1 3  89
T 2  100 7 3  90
T 2  10 7 105  101
T 2  13 2 3  91
T 2  -198 7 3  92
T 3  595 429 3  93
T 3  -85 143 77  102
T 3  -400 91 3  94
T 3  -40 91 105  103
T 3  -13 11 3  95
T 3  88 21 3  96
T 4  -70 429 3  97
T 4  10 143 77  104
T 4  80 273 3  98
T 4  8 273 105  105
T 4  2 33 3  99
T 4  -4 21 3  100
ROW -2 -1 23
T 0  -165 16 30  0
T 1  39 2 5  1
T 1  -117 4 3  27
T 1  33 2 30  2
T 2  -215 28 2  3
T 2  45 14 21  28
T 2  -13 1 5  4
T 2  39 2 3  30
T 2  -99 14 30  5
T 3  -85 429 210  6
T 3  -85 143 70  31
T 3  215 91 2  8
T 3  -90 91 21  33
T 3  26 11 5  9
T 3  -39 11 3  35
T 3  22 21 30  10
T 4  10 429 210  11
T 4  10 143 70  36
T 4  -43 273 2  13
T 4  6 91 21  38
T 4  -4 33 5  14
T 4  2 11 3  40
T 4  -1 21 30  15
ROW -2 0 9
T 1  -39 4 3  60
T 2  -5 7 21  61
T 2  13 2 3  62
T 3  170 429 210  64
T 3  20 91 21  65
T 3  -13 11 3  66
T 4  -20 429 210  68
T 4  -4 273 21  69
T 4  2 33 3  70
ROW -2 1 23
T 0  -165 16 30  71
T 1  117 4 3  46
T 1  39 2 5  72
T 1  33 2 30  73
T 2  -45 14 21  48
T 2  -215 28 2  74
T 2  -39 2 3  49
T 2  -13 1 5  75
T 2  -99 14 30  76
T 3  85 143 70  51
T 3  -85 429 210  78
T 3  90 91 21  53
T 3  215 91 2  79
T 3  39 11 3  54
T 3  26 11 5  80
T 3  22 21 30  81
T 4  -10 143 70  56
T 4  10 429 210  83
T 4  -6 91 21  58
T 4  -43 273 2  84
T 4  -2 11 3  59
T 4  -4 33 5  85
T 4  -1 21 30  86
ROW -2 2 5
T 2  -10 7 105  41
T 3  85 143 77  42
T 3  40 91 105  43
T 4  -10 143 77  44
T 4  -8 273 105  45
ROW -2 3 19
T 0  -165 16 2  71
T 1  -117 4 3  72
T 1  33 2 2  73
T 2  75 14 7  47
T 2  -75 28 30  74
T 2  39 2 3  75
T 2  -99 14 2  76
T 3  85 429 462  50
T 3  -85 429 14  78
T 3  -150 91 7  52
T 3  75 91 30  79
T 3  -39 11 3  80
T 3  22 21 2  81
T 4  -10 429 462  55
T 4  10 429 14  83
T 4  10 91 7  57
T 4  -5 91 30  84
T 4  2 11 3  85
T 4  -1 21 2  86
ROW -1 -3 14
T 1  -39 4 15  16
T 2  -25 14 105  17
T 2  -45 14 35  101
T 2  13 2 15  18
T 3  -85 429 42  19
T 3  -85 429 231  102
T 3  50 91 105  21
T 3  90 91 35  103
T 3  -13 11 15  22
T 4  10 429 42  23
T 4  10 429 231  104
T 4  -10 273 105  25
T 4  -6 91 35  105
T 4  2 33 15  26
ROW -1 -2 23
T 0  165 16 6  0
T 1  39 1 1  1
T 1  39 4 15  27
T 1  -33 2 6  2
T 2  -125 28 10  3
T 2  5 14 105  28
T 2  -26 1 1  4
T 2  -13 2 15  30
T 2  99 14 6  5
T 3  -170 429 42  6
T 3  -170 143 14  31
T 3  125 91 10  8
T 3  -10 91 105  33
T 3  52 11 1  9
T 3  13 11 15  35
T 3  -22 21 6  10
T 4  20 429 42  11
T 4  20 143 14  36
T 4  -25 273 10  13
T 4  2 273 105  38
T 4  -8 33 1  14
T 4  -2 33 15  40
T 4  1 21 6  15
ROW -1 -1 23
T 0  -165 8 15  87
T 1  39 4 15  88
T 1  -39 1 1  16
T 1  33 1 15  89
T 2  -5 14 15  90
T 2  40 7 7  17
T 2  -13 2 15  91
T 2  26 1 1  18
T 2  -99 7 15  92
T 3  -595 429 15  93
T 3  -85 143 70  19
T 3  10 91 15  94
T 3  -160 91 7  21
T 3  13 11 15  95
T 3  -52 11 1  22
T 3  44 21 15  96
T 4  70 429 15  97
T 4  10 143 70  23
T 4  -2 273 15  98
T 4  32 273 7  25
T 4  -2 33 15  99
T 4  8 33 1  26
T 4  -2 21 15  100
ROW -1 0 14
T 0  -165 8 10  71
T 1  39 4 15  72
T 1  33 1 10  73
T 2  -95 14 6  74
T 2  -13 2 15  75
T 2  -99 7 10  76
T 3  340 429 70  78
T 3  190 91 6  79
T 3  13 11 15  80
T 3  44 21 10  81
T 4  -40 429 70  83
T 4  -38 273 6  84
T 4  -2 33 15  85
T 4  -2 21 10  86
ROW -1 1 9
T 1  39 1 1  60
T 2  -40 7 7  61
T 2  -26 1 1  62
T 3  85 143 70  64
T 3  160 91 7  65
T 3  52 11 1  66
T 4  -10 143 70  68
T 4  -32 273 7  69
T 4  -8 33 1  70
ROW -1 2 23
T 0  -165 16 6  71
T 1  -39 4 15  46
T 1  -39 1 1  72
T 1  33 2 6  73
T 2  -5 14 105  48
T 2  125 28 10  74
T 2  13 2 15  49
T 2  26 1 1  75
T 2  -99 14 6  76
T 3  170 143 14  51
T 3  170 429 42  78
T 3  10 91 105  53
T 3  -125 91 10  79
T 3  -13 11 15  54
T 3  -52 11 1  80
T 3  22 21 6  81
T 4  -20 143 14  56
T 4  -20 429 42  83
T 4  -2 273 105  58
T 4  25 273 10  84
T 4  2 33 15  59
T 4  8 33 1  85
T 4  -1 21 6  86
ROW -1 3 14
T 1  39 4 15  60
T 2  45 14 35  41
T 2  25 14 105  61
T 2  -13 2 15  62
T 3  85 429 231  42
T 3  85 429 42  64
T 3  -90 91 35  43
T 3  -50 91 105  65
T 3  13 11 15  66
T 4  -10 429 231  44
T 4  -10 429 42  68
T 4  6 91 35  45
T 4  10 273 105  69
T 4  -2 33 15  70
ROW 0 -3 9
T 1  117 4 1  46
T 2  75 7 7  48
T 2  -39 2 1  49
T 3  85 429 210  51
T 3  -300 91 7  53
T 3  39 11 1  54
T 4  -10 429 210  56
T 4  20 91 7  58
T 4  -2 11 1  59
ROW 0 -2 9
T 1  -273 4 1  60
T 2  25 7 7  61
T 2  91 2 1  62
T 3  85 143 70  64
T 3  -100 91 7  65
T 3  -91 11 1  66
T 4  -10 143 70  68
T 4  20 273 7  69
T 4  14 33 1  70
ROW 0 -1 14
T 0  165 8 6  71
T 1  39 4 1  72
T 1  -33 1 6  73
T 2  -55 14 10  74
T 2  -13 2 1  75
T 2  99 7 6  76
T 3  425 429 42  78
T 3  110 91 10  79
T 3  13 11 1  80
T 3  -44 21 6  81
T 4  -50 429 42  83
T 4  -22 273 10  84
T 4  -2 33 1  85
T 4  2 21 6  86
ROW 0 0 14
T 0  -165 2 1  87
T 1  117 2 1  88
T 1  132 1 1  89
T 2  -150 7 1  90
T 2  -39 1 1  91
T 2  -396 7 1  92
T 3  2975 429 1  93
T 3  600 91 1  94
T 3  78 11 1  95
T 3  176 21 1  96
T 4  -350 429 1  97
T 4  -40 91 1  98
T 4  -4 11 1  99
T 4  -8 21 1  100
ROW 0 1 14
T 0  165 8 6  0
T 1  39 4 1  1
T 1  -33 1 6  2
T 2  -55 14 10  3
T 2  -13 2 1  4
T 2  99 7 6  5
T 3  425 429 42  6
T 3  110 91 10  8
T 3  13 11 1  9
T 3  -44 21 6  10
T 4  -50 429 42  11
T 4  -22 273 10  13
T 4  -2 33 1  14
T 4  2 21 6  15
ROW 0 2 9
T 1  -273 4 1  16
T 2  25 7 7  17
T 2  91 2 1  18
T 3  85 143 70  19
T 3  -100 91 7  21
T 3  -91 11 1  22
T 4  -10 143 70  23
T 4  20 273 7  25
T 4  14 33 1  26
ROW 0 3 9
T 1  117 4 1  27
T 2  75 7 7  28
T 2  -39 2 1  30
T 3  85 429 210  31
T 3  -300 91 7  33
T 3  39 11 1  35
T 4  -10 429 210  36
T 4  20 91 7  38
T 4  -2 11 1  40
ROW 1 -3 14
T 1  -39 4 15  60
T 2  45 14 35  41
T 2  -25 14 105  61
T 2  13 2 15  62
T 3  85 429 231  42
T 3  -85 429 42  64
T 3  -90 91 35  43
T 3  50 91 105  65
T 3  -13 11 15  66
T 4  -10 429 231  44
T 4  10 429 42  68
T 4  6 91 35  45
T 4  -10 273 105  69
T 4  2 33 15  70
ROW 1 -2 23
T 0  165 16 6  71
T 1  -39 4 15  46
T 1  39 1 1  72
T 1  -33 2 6  73
T 2  -5 14 105  48
T 2  -125 28 10  74
T 2  13 2 15  49
T 2  -26 1 1  75
T 2  99 14 6  76
T 3  170 143 14  51
T 3  -170 429 42  78
T 3  10 91 105  53
T 3  125 91 10  79
T 3  -13 11 15  54
T 3  52 11 1  80
T 3  -22 21 6  81
T 4  -20 143 14  56
T 4  20 429 42  83
T 4  -2 273 105  58
T 4  -25 273 10  84
T 4  2 33 15  59
T 4  -8 33 1  85
T 4  1 21 6  86
ROW 1 -1 9
T 1  39 1 1  60
T 2  -40 7 7  61
T 2  -26 1 1  62
T 3  85 143 70  64
T 3  160 91 7  65
T 3  52 11 1  66
T 4  -10 143 70  68
T 4  -32 273 7  69
T 4  -8 33 1  70
ROW 1 0 14
T 0  -165 8 10  0
T 1  39 4 15  1
T 1  33 1 10  2
T 2  -95 14 6  3
T 2  -13 2 15  4
T 2  -99 7 10  5
T 3  340 429 70  6
T 3  190 91 6  8
T 3  13 11 15  9
T 3  44 21 10  10
T 4  -40 429 70  11
T 4  -38 273 6  13
T 4  -2 33 15  14
T 4  -2 21 10  15
ROW 1 1 23
T 0  -165 8 15  87
T 1  39 4 15  88
T 1  39 1 1  16
T 1  33 1 15  89
T 2  -5 14 15  90
T 2  -40 7 7  17
T 2  -13 2 15  91
T 2  -26 1 1  18
T 2  -99 7 15  92
T 3  -595 429 15  93
T 3  85 143 70  19
T 3  10 91 15  94
T 3  160 91 7  21
T 3  13 11 15  95
T 3  52 11 1  22
T 3  44 21 15  96
T 4  70 429 15  97
T 4  -10 143 70  23
T 4  -2 273 15  98
T 4  -32 273 7  25
T 4  -2 33 15  99
T 4  -8 33 1  26
T 4  -2 21 15  100
ROW 1 2 23
T 0  165 16 6  0
T 1  39 1 1  1
T 1  -39 4 15  27
T 1  -33 2 6  2
T 2  -125 28 10  3
T 2  -5 14 105  28
T 2  -26 1 1  4
T 2  13 2 15  30
T 2  99 14 6  5
T 3  -170 429 42  6
T 3  170 143 14  31
T 3  125 91 10  8
T 3  10 91 105  33
T 3  52 11 1  9
T 3  -13 11 15  35
T 3  -22 21 6  10
T 4  20 429 42  11
T 4  -20 143 14  36
T 4  -25 273 10  13
T 4  -2 273 105  38
T 4  -8 33 1  14
T 4  2 33 15  40
T 4  1 21 6  15
ROW 1 3 14
T 1  -39 4 15  16
T 2  -25 14 105  17
T 2  45 14 35  101
T 2  13 2 15  18
T 3  -85 429 42  19
T 3  85 429 231  102
T 3  50 91 105  21
T 3  -90 91 35  103
T 3  -13 11 15  22
T 4  10 429 42  23
T 4  -10 429 231  104
T 4  -10 273 105  25
T 4  6 91 35  105
T 4  2 33 15  26
ROW 2 -3 19
T 0  165 16 2  71
T 1  117 4 3  72
T 1  -33 2 2  73
T 2  75 14 7  47
T 2  75 28 30  74
T 2  -39 2 3  75
T 2  99 14 2  76
T 3  85 429 462  50
T 3  85 429 14  78
T 3  -150 91 7  52
T 3  -75 91 30  79
T 3  39 11 3  80
T 3  -22 21 2  81
T 4  -10 429 462  55
T 4  -10 429 14  83
T 4  10 91 7  57
T 4  5 91 30  84
T 4  -2 11 3  85
T 4  1 21 2  86
ROW 2 -2 5
T 2  -10 7 105  41
T 3  85 143 77  42
T 3  40 91 105  43
T 4  -10 143 77  44
T 4  -8 273 105  45
ROW 2 -1 23
T 0  165 16 30  71
T 1  117 4 3  46
T 1  -39 2 5  72
T 1  -33 2 30  73
T 2  -45 14 21  48
T 2  215 28 2  74
T 2  -39 2 3  49
T 2  13 1 5  75
T 2  99 14 30  76
T 3  85 143 70  51
T 3  85 429 210  78
T 3  90 91 21  53
T 3  -215 91 2  79
T 3  39 11 3  54
T 3  -26 11 5  80
T 3  -22 21 30  81
T 4  -10 143 70  56
T 4  -10 429 210  83
T 4  -6 91 21  58
T 4  43 273 2  84
T 4  -2 11 3  59
T 4  4 33 5  85
T 4  1 21 30  86
ROW 2 0 9
T 1  -39 4 3  16
T 2  -5 7 21  17
T 2  13 2 3  18
T 3  170 429 210  19
T 3  20 91 21  21
T 3  -13 11 3  22
T 4  -20 429 210  23
T 4  -4 273 21  25
T 4  2 33 3  26
ROW 2 1 23
T 0  -165 16 30  0
T 1  39 2 5  1
T 1  117 4 3  27
T 1  33 2 30  2
T 2  -215 28 2  3
T 2  -45 14 21  28
T 2  -13 1 5  4
T 2  -39 2 3  30
T 2  -99 14 30  5
T 3  -85 429 210  6
T 3  85 143 70  31
T 3  215 91 2  8
T 3  90 91 21  33
T 3  26 11 5  9
T 3  39 11 3  35
T 3  22 21 30  10
T 4  10 429 210  11
T 4  -10 143 70  36
T 4  -43 273 2  13
T 4  -6 91 21  38
T 4  -4 33 5  14
T 4  -2 11 3  40
T 4  -1 21 30  15
ROW 2 2 19
T 0  -165 4 3  87
T 1  -39 4 3  88
T 1  66 1 3  89
T 2  100 7 3  90
T 2  -10 7 105  101
T 2  13 2 3  91
T 2  -198 7 3  92
T 3  595 429 3  93
T 3  85 143 77  102
T 3  -400 91 3  94
T 3  40 91 105  103
T 3  -13 11 3  95
T 3  88 21 3  96
T 4  -70 429 3  97
T 4  -10 143 77  104
T 4  80 273 3  98
T 4  -8 273 105  105
T 4  2 33 3  99
T 4  -4 21 3  100
ROW 2 3 19
T 0  165 16 2  0
T 1  117 4 3  1
T 1  -33 2 2  2
T 2  75 28 30  3
T 2  75 14 7  29
T 2  -39 2 3  4
T 2  99 14 2  5
T 3  85 429 14  6
T 3  85 429 462  32
T 3  -75 91 30  8
T 3  -150 91 7  34
T 3  39 11 3  9
T 3  -22 21 2  10
T 4  -10 429 14  11
T 4  -10 429 462  37
T 4  5 91 30  13
T 4  10 91 7  39
T 4  -2 11 3  14
T 4  1 21 2  15
ROW 3 -3 2
T 3  85 429 858  63
T 4  -10 429 858  67
ROW 3 -2 19
T 0  165 16 42  71
T 1  -39 4 7  72
T 1  -33 2 42  73
T 2  -25 2 3  47
T 2  -55 28 70  74
T 2  13 2 7  75
T 2  99 14 42  76
T 3  170 143 22  50
T 3  -170 429 6  78
T 3  50 13 3  52
T 3  55 91 70  79
T 3  -13 11 7  80
T 3  -22 21 42  81
T 4  -20 143 22  55
T 4  20 429 6  83
T 4  -10 39 3  57
T 4  -11 273 70  84
T 4  2 33 7  85
T 4  1 21 42  86
ROW 3 -1 14
T 1  -39 4 7  60
T 2  -5 2 3  41
T 2  35 2 1  61
T 2  13 2 7  62
T 3  85 143 55  42
T 3  85 143 10  64
T 3  10 13 3  43
T 3  -70 13 1  65
T 3  -13 11 7  66
T 4  -10 143 55  44
T 4  -10 143 10  68
T 4  -2 39 3  45
T 4  14 39 1  69
T 4  2 33 7  70
ROW 3 0 9
T 1  -117 4 7  27
T 2  15 1 1  28
T 2  39 2 7  30
T 3  340 429 30  31
T 3  -60 13 1  33
T 3  -39 11 7  35
T 4  -40 429 30  36
T 4  4 13 1  38
T 4  2 11 7  40
ROW 3 1 14
T 1  39 4 7  16
T 2  -35 2 1  17
T 2  -5 2 3  101
T 2  -13 2 7  18
T 3  -85 143 10  19
T 3  85 143 55  102
T 3  70 13 1  21
T 3  10 13 3  103
T 3  13 11 7  22
T 4  10 143 10  23
T 4  -10 143 55  104
T 4  -14 39 1  25
T 4  -2 39 3  105
T 4  -2 33 7  26
ROW 3 2 19
T 0  -165 16 42  0
T 1  39 4 7  1
T 1  33 2 42  2
T 2  55 28 70  3
T 2  -25 2 3  29
T 2  -13 2 7  4
T 2  -99 14 42  5
T 3  170 429 6  6
T 3  170 143 22  32
T 3  -55 91 70  8
T 3  50 13 3  34
T 3  13 11 7  9
T 3  22 21 42  10
T 4  -20 429 6  11
T 4  -20 143 22  37
T 4  11 273 70  13
T 4  -10 39 3  39
T 4  -2 33 7  14
T 4  -1 21 42  15
ROW 3 3 16
T 0  -165 8 7  87
T 1  -117 4 7  88
T 1  33 1 7  89
T 2  -75 14 7  90
T 2  39 2 7  91
T 2  -99 7 7  92
T 3  -85 429 7  93
T 3  85 429 858  20
T 3  150 91 7  94
T 3  -39 11 7  95
T 3  44 21 7  96
T 4  10 429 7  97
T 4  -10 429 858  24
T 4  -10 91 7  98
T 4  2 11 7  99
T 4  -2 21 7  100
ROW 4 -3 16
T 0  165 8 14  71
T 1  39 4 21  72
T 1  -33 1 14  73
T 2  5 14 210  74
T 2  -13 2 21  75
T 2  99 7 14  76
T 3  85 858 6006  77
T 3  85 858 2  78
T 3  -10 91 210  79
T 3  13 11 21  80
T 3  -44 21 14  81
T 4  -5 429 6006  82
T 4  -5 429 2  83
T 4  2 273 210  84
T 4  -2 33 21  85
T 4  2 21 14  86
ROW 4 -2 11
T 1  -39 4 35  60
T 2  -5 1 5  61
T 2  13 2 35  62
T 3  85 286 286  63
T 3  -85 286 2  64
T 3  20 13 5  65
T 3  -13 11 35  66
T 4  -5 143 286  67
T 4  5 143 2  68
T 4  -4 39 5  69
T 4  2 33 35  70
ROW 4 -1 14
T 1  39 4 21  46
T 2  5 1 15  47
T 2  10 1 3  48
T 2  -13 2 21  49
T 3  85 286 110  50
T 3  85 286 10  51
T 3  -20 13 15  52
T 3  -40 13 3  53
T 3  13 11 21  54
T 4  -5 143 110  55
T 4  -5 143 10  56
T 4  4 39 15  57
T 4  8 39 3  58
T 4  -2 33 21  59
ROW 4 0 5
T 2  30 1 1  101
T 3  85 429 165  102
T 3  -120 13 1  103
T 4  -10 429 165  104
T 4  8 13 1  105
ROW 4 1 14
T 1  -39 4 21  27
T 2  -10 1 3  28
T 2  5 1 15  29
T 2  13 2 21  30
T 3  -85 286 10  31
T 3  85 286 110  32
T 3  40 13 3  33
T 3  -20 13 15  34
T 3  -13 11 21  35
T 4  5 143 10  36
T 4  -5 143 110  37
T 4  -8 39 3  38
T 4  4 39 15  39
T 4  2 33 21  40
ROW 4 2 11
T 1  39 4 35  16
T 2  5 1 5  17
T 2  -13 2 35  18
T 3  85 286 2  19
T 3  85 286 286  20
T 3  -20 13 5  21
T 3  13 11 35  22
T 4  -5 143 2  23
T 4  -5 143 286  24
T 4  4 39 5  25
T 4  -2 33 35  26
ROW 4 3 16
T 0  -165 8 14  0
T 1  -39 4 21  1
T 1  33 1 14  2
T 2  -5 14 210  3
T 2  13 2 21  4
T 2  -99 7 14  5
T 3  -85 858 2  6
T 3  85 858 6006  7
T 3  10 91 210  8
T 3  -13 11 21  9
T 3  44 21 14  10
T 4  5 429 2  11
T 4  -5 429 6006  12
T 4  -2 273 210  13
T 4  2 33 21  14
T 4  -2 21 14  15
