FORMAT 1
KERNEL T
SOURCE (s|S|s)
SHELLS 5 3

# E <id> <alpha> <beta> <mu> <p>
E 0 0 2 1 -5
E 1 0 2 2 -5
E 2 0 2 3 -5
E 3 0 2 4 -5
E 4 0 2 5 -5

# G <id> <2k> <L> <M>
G 0 0 2 2
G 1 0 4 2
G 2 2 2 2
G 3 0 6 2
G 4 2 4 2
G 5 4 2 2
G 6 0 8 2
G 7 0 8 8
G 8 2 6 2
G 9 4 4 2
G 10 6 2 2
G 11 2 8 2
G 12 2 8 8
G 13 4 6 2
G 14 6 4 2
G 15 8 2 2
G 16 0 4 3
G 17 0 6 3
G 18 2 4 3
G 19 0 8 3
G 20 0 8 7
G 21 2 6 3
G 22 4 4 3
G 23 2 8 3
G 24 2 8 7
G 25 4 6 3
G 26 6 4 3
G 27 0 4 4
G 28 0 6 4
G 29 0 6 6
G 30 2 4 4
G 31 0 8 4
G 32 0 8 6
G 33 2 6 4
G 34 2 6 6
G 35 4 4 4
G 36 2 8 4
G 37 2 8 6
G 38 4 6 4
G 39 4 6 6
G 40 6 4 4
G 41 0 6 -5
G 42 0 8 -5
G 43 2 6 -5
G 44 2 8 -5
G 45 4 6 -5
G 46 0 4 -4
G 47 0 6 -6
G 48 0 6 -4
G 49 2 4 -4
G 50 0 8 -6
G 51 0 8 -4
G 52 2 6 -6
G 53 2 6 -4
G 54 4 4 -4
G 55 2 8 -6
G 56 2 8 -4
G 57 4 6 -6
G 58 4 6 -4
G 59 6 4 -4
G 60 0 4 -3
G 61 0 6 -3
G 62 2 4 -3
G 63 0 8 -7
G 64 0 8 -3
G 65 2 6 -3
G 66 4 4 -3
G 67 2 8 -7
G 68 2 8 -3
G 69 4 6 -3
G 70 6 4 -3
G 71 0 2 -2
G 72 0 4 -2
G 73 2 2 -2
G 74 0 6 -2
G 75 2 4 -2
G 76 4 2 -2
G 77 0 8 -8
G 78 0 8 -2
G 79 2 6 -2
G 80 4 4 -2
G 81 6 2 -2
G 82 2 8 -8
G 83 2 8 -2
G 84 4 6 -2
G 85 6 4 -2
G 86 8 2 -2
G 87 0 2 1
G 88 0 4 1
G 89 2 2 1
G 90 0 6 1
G 91 2 4 1
G 92 4 2 1
G 93 0 8 1
G 94 2 6 1
G 95 4 4 1
G 96 6 2 1
G 97 2 8 1
G 98 4 6 1
G 99 6 4 1
G 100 8 2 1
G 101 0 8 5
G 102 2 8 5
G 103 0 2 -1
G 104 0 4 -1
G 105 2 2 -1
G 106 0 6 -1
G 107 2 4 -1
G 108 4 2 -1
G 109 0 8 -1
G 110 2 6 -1
G 111 4 4 -1
G 112 6 2 -1
G 113 2 8 -1
G 114 4 6 -1
G 115 6 4 -1
G 116 8 2 -1
G 117 0 2 0
G 118 0 4 0
G 119 2 2 0
G 120 0 6 0
G 121 2 4 0
G 122 4 2 0
G 123 0 8 0
G 124 2 6 0
G 125 4 4 0
G 126 6 2 0
G 127 2 8 0
G 128 4 6 0
G 129 6 4 0
G 130 8 2 0
G 131 0 6 5
G 132 2 6 5
G 133 4 6 5

# TABLE <l> <l'> <rows> [SYMMETRIC]
# ROW <m> <m'> <terms>
# T <prefactor> <num> <den> <radicand> <geometry>

TABLE 5 3 77
ROW -5 -3 16
T 0  195 8 105  0
T 1  675 28 7  1
T 1  -195 7 105  2
T 2  85 44 6  3
T 2  -2025 154 7  4
T 2  65 7 105  5
T 3  19 286 2  6
T 3  38 143 1001  7
T 3  -17 33 6  8
T 3  2025 1001 7  9
T 3  -260 231 105  10
T 4  -1 143 2  11
T 4  -4 143 1001  12
T 4  1 33 6  13
T 4  -90 1001 7  14
T 4  10 231 105  15
ROW -5 -2 11
T 1  -225 4 3  16
T 2  -255 22 1  17
T 2  675 22 3  18
T 3  -19 286 22  19
T 3  19 286 6006  20
T 3  34 11 1  21
T 3  -675 143 3  22
T 4  1 143 22  23
T 4  -1 143 6006  24
T 4  -2 11 1  25
T 4  30 143 3  26
ROW -5 -1 14
T 1  45 2 15  27
T 2  255 22 3  28
T 2  255 44 22  29
T 2  -135 11 15  30
T 3  19 143 33  31
T 3  19 286 2002  32
T 3  -34 11 3  33
T 3  -17 11 22  34
T 3  270 143 15  35
T 4  -2 143 33  36
T 4  -1 143 2002  37
T 4  2 11 3  38
T 4  1 11 22  39
T 4  -12 143 15  40
ROW -5 0 5
T 2  -255 22 11  41
T 3  -19 143 286  42
T 3  34 11 11  43
T 4  2 143 286  44
T 4  -2 11 11  45
ROW -5 1 14
T 1  45 2 15  46
T 2  -255 44 22  47
T 2  255 22 3  48
T 2  -135 11 15  49
T 3  -19 286 2002  50
T 3  19 143 33  51
T 3  17 11 22  52
T 3  -34 11 3  53
T 3  270 143 15  54
T 4  1 143 2002  55
T 4  -2 143 33  56
T 4  -1 11 22  57
T 4  2 11 3  58
T 4  -12 143 15  59
ROW -5 2 11
T 1  -225 4 3  60
T 2  -255 22 1  61
T 2  675 22 3  62
T 3  -19 286 6006  63
T 3  -19 286 22  64
T 3  34 11 1  65
T 3  -675 143 3  66
T 4  1 143 6006  67
T 4  1 143 22  68
T 4  -2 11 1  69
T 4  30 143 3  70
ROW -5 3 16
T 0  195 8 105  71
T 1  675 28 7  72
T 1  -195 7 105  73
T 2  85 44 6  74
T 2  -2025 154 7  75
T 2  65 7 105  76
T 3  -38 143 1001  77
T 3  19 286 2  78
T 3  -17 33 6  79
T 3  2025 1001 7  80
T 3  -260 231 105  81
T 4  4 143 1001  82
T 4  -1 143 2  83
T 4  1 33 6  84
T 4  -90 1001 7  85
T 4  10 231 105  86
ROW -4 -3 16
T 0  195 8 42  87
T 1  405 28 35  88
T 1  -195 7 42  89
T 2  85 22 6  90
T 2  -1215 154 35  91
T 2  65 7 42  92
T 3  19 286 14  93
T 3  19 286 10010  20
T 3  -34 33 6  94
T 3  1215 1001 35  95
T 3  -260 231 42  96
T 4  -1 143 14  97
T 4  -1 143 10010  24
T 4  2 33 6  98
T 4  -54 1001 35  99
T 4  10 231 42  100
ROW -4 -2 19
T 0  585 8 7  0
T 1  -45 7 105  1
T 1  -585 7 7  2
T 2  -255 44 10  3
T 2  -255 44 22  29
T 2  270 77 105  4
T 2  195 7 7  5
T 3  -19 143 30  6
T 3  19 143 2002  32
T 3  17 11 10  8
T 3  17 11 22  34
T 3  -540 1001 105  9
T 3  -260 77 7  10
T 4  2 143 30  11
T 4  -2 143 2002  37
T 4  -1 11 10  13
T 4  -1 11 22  39
T 4  24 1001 105  14
T 4  10 77 7  15
ROW -4 -1 11
T 1  -45 4 3  16
T 2  255 11 1  17
T 2  135 22 3  18
T 3  95 286 22  19
T 3  19 286 4290  101
T 3  -68 11 1  21
T 3  -135 143 3  22
T 4  -5 143 22  23
T 4  -1 143 4290  102
T 4  4 11 1  25
T 4  6 143 3  26
ROW -4 0 9
T 1  135 1 1  46
T 2  -255 22 5  48
T 2  -810 11 1  49
T 3  -76 143 55  51
T 3  34 11 5  53
T 3  1620 143 1  54
T 4  8 143 55  56
T 4  -2 11 5  58
T 4  -72 143 1  59
ROW -4 1 11
T 1  -45 4 3  60
T 2  255 11 1  61
T 2  135 22 3  62
T 3  -19 286 4290  42
T 3  95 286 22  64
T 3  -68 11 1  65
T 3  -135 143 3  66
T 4  1 143 4290  44
T 4  -5 143 22  68
T 4  4 11 1  69
T 4  6 143 3  70
ROW -4 2 19
T 0  585 8 7  71
T 1  -45 7 105  72
T 1  -585 7 7  73
T 2  255 44 22  47
T 2  -255 44 10  74
T 2  270 77 105  75
T 2  195 7 7  76
T 3  -19 143 2002  50
T 3  -19 143 30  78
T 3  -17 11 22  52
T 3  17 11 10  79
T 3  -540 1001 105  80
T 3  -260 77 7  81
T 4  2 143 2002  55
T 4  2 143 30  83
T 4  1 11 22  57
T 4  -1 11 10  84
T 4  24 1001 105  85
T 4  10 77 7  86
ROW -4 3 16
T 0  195 8 42  103
T 1  405 28 35  104
T 1  -195 7 42  105
T 2  85 22 6  106
T 2  -1215 154 35  107
T 2  65 7 42  108
T 3  -19 286 10010  63
T 3  19 286 14  109
T 3  -34 33 6  110
T 3  1215 1001 35  111
T 3  -260 231 42  112
T 4  1 143 10010  67
T 4  -1 143 14  113
T 4  2 33 6  114
T 4  -54 1001 35  115
T 4  10 231 42  116
ROW -3 -3 19
T 0  195 4 7  117
T 1  675 14 7  118
T 1  -390 7 7  119
T 2  85 11 7  120
T 2  85 44 66  29
T 2  -2025 77 7  121
T 2  130 7 7  122
T 3  38 143 7  123
T 3  19 286 6006  32
T 3  -68 33 7  124
T 3  -17 33 66  34
T 3  4050 1001 7  125
T 3  -520 231 7  126
T 4  -4 143 7  127
T 4  -1 143 6006  37
T 4  4 33 7  128
T 4  1 33 66  39
T 4  -180 1001 7  129
T 4  20 231 7  130
ROW -3 -2 19
T 0  195 4 14  87
T 1  -45 28 105  88
T 1  -390 7 14  89
T 2  -170 11 2  90
T 2  -85 22 33  131
T 2  135 154 105  91
T 2  130 7 14  92
T 3  -57 286 42  93
T 3  57 286 858  101
T 3  136 33 2  94
T 3  34 33 33  132
T 3  -135 1001 105  95
T 3  -520 231 14  96
T 4  3 143 42  97
T 4  -3 143 858  102
T 4  -8 33 2  98
T 4  -2 33 33  133
T 4  6 1001 105  99
T 4  20 231 14  100
ROW -3 -1 23
T 0  195 8 35  0
T 1  -405 28 21  1
T 1  45 1 3  27
T 1  -195 7 35  2
T 2  595 44 2  3
T 2  -85 22 15  28
T 2  1215 154 21  4
T 2  -270 11 3  30
T 2  65 7 35  5
T 3  285 286 6  6
T 3  57 143 165  31
T 3  -119 33 2  8
T 3  34 33 15  33
T 3  -1215 1001 21  9
T 3  540 143 3  35
T 3  -260 231 35  10
T 4  -15 143 6  11
T 4  -6 143 165  36
T 4  7 33 2  13
T 4  -2 33 15  38
T 4  54 1001 21  14
T 4  -24 143 3  40
T 4  10 231 35  15
ROW -3 0 9
T 1  135 2 1  60
T 2  -85 22 3  61
T 2  -405 11 1  62
T 3  -95 143 66  64
T 3  34 33 3  65
T 3  810 143 1  66
T 4  10 143 66  68
T 4  -2 33 3  69
T 4  -36 143 1  70
ROW -3 1 23
T 0  195 8 35  71
T 1  -45 1 3  46
T 1  -405 28 21  72
T 1  -195 7 35  73
T 2  85 22 15  48
T 2  595 44 2  74
T 2  270 11 3  49
T 2  1215 154 21  75
T 2  65 7 35  76
T 3  -57 143 165  51
T 3  285 286 6  78
T 3  -34 33 15  53
T 3  -119 33 2  79
T 3  -540 143 3  54
T 3  -1215 1001 21  80
T 3  -260 231 35  81
T 4  6 143 165  56
T 4  -15 143 6  83
T 4  2 33 15  58
T 4  7 33 2  84
T 4  24 143 3  59
T 4  54 1001 21  85
T 4  10 231 35  86
ROW -3 2 19
T 0  195 4 14  103
T 1  -45 28 105  104
T 1  -390 7 14  105
T 2  85 22 33  41
T 2  -170 11 2  106
T 2  135 154 105  107
T 2  130 7 14  108
T 3  -57 286 858  42
T 3  -57 286 42  109
T 3  -34 33 33  43
T 3  136 33 2  110
T 3  -135 1001 105  111
T 3  -520 231 14  112
T 4  3 143 858  44
T 4  3 143 42  113
T 4  2 33 33  45
T 4  -8 33 2  114
T 4  6 1001 105  115
T 4  20 231 14  116
ROW -3 3 5
T 2  -85 44 66  47
T 3  -19 286 6006  50
T 3  17 33 66  52
T 4  1 143 6006  55
T 4  -1 33 66  57
ROW -2 -3 19
T 0  -195 16 14  87
T 1  -225 28 105  88
T 1  195 14 14  89
T 2  -595 44 2  90
T 2  85 22 33  131
T 2  675 154 105  91
T 2  -65 14 14  92
T 3  -19 143 42  93
T 3  19 143 858  101
T 3  119 33 2  94
T 3  -34 33 33  132
T 3  -675 1001 105  95
T 3  130 231 14  96
T 4  2 143 42  97
T 4  -2 143 858  102
T 4  -7 33 2  98
T 4  2 33 33  133
T 4  30 1001 105  99
T 4  -5 231 14  100
ROW -2 -2 23
T 0  585 8 7  117
T 1  225 14 7  118
T 1  -45 2 5  27
T 1  -585 7 7  119
T 2  -255 22 7  120
T 2  -255 22 1  28
T 2  -675 77 7  121
T 2  135 11 5  30
T 2  195 7 7  122
T 3  -152 143 7  123
T 3  228 143 11  31
T 3  34 11 7  124
T 3  34 11 1  33
T 3  1350 1001 7  125
T 3  -270 143 5  35
T 3  -260 77 7  126
T 4  16 143 7  127
T 4  -24 143 11  36
T 4  -2 11 7  128
T 4  -2 11 1  38
T 4  -60 1001 7  129
T 4  12 143 5  40
T 4  10 77 7  130
ROW -2 -1 23
T 0  195 16 210  87
T 1  -180 7 7  88
T 1  315 4 1  16
T 1  -195 14 210  89
T 2  85 44 30  90
T 2  -255 22 3  17
T 2  1080 77 7  91
T 2  -945 22 1  18
T 2  65 14 210  92
T 3  57 143 70  93
T 3  95 143 66  19
T 3  -17 33 30  94
T 3  34 11 3  21
T 3  -2160 1001 7  95
T 3  945 143 1  22
T 3  -130 231 210  96
T 4  -6 143 70  97
T 4  -10 143 66  23
T 4  1 33 30  98
T 4  -2 11 3  25
T 4  96 1001 7  99
T 4  -42 143 1  26
T 4  5 231 210  100
ROW -2 0 14
T 0  195 8 35  71
T 1  -45 14 21  72
T 1  -195 7 35  73
T 2  85 11 2  74
T 2  135 77 21  75
T 2  65 7 35  76
T 3  -380 143 6  78
T 3  -68 33 2  79
T 3  -270 1001 21  80
T 3  -260 231 35  81
T 4  40 143 6  83
T 4  4 33 2  84
T 4  12 1001 21  85
T 4  10 231 35  86
ROW -2 1 23
T 0  195 16 210  103
T 1  -315 4 1  60
T 1  -180 7 7  104
T 1  -195 14 210  105
T 2  255 22 3  61
T 2  85 44 30  106
T 2  945 22 1  62
T 2  1080 77 7  107
T 2  65 14 210  108
T 3  -95 143 66  64
T 3  57 143 70  109
T 3  -34 11 3  65
T 3  -17 33 30  110
T 3  -945 143 1  66
T 3  -2160 1001 7  111
T 3  -130 231 210  112
T 4  10 143 66  68
T 4  -6 143 70  113
T 4  2 11 3  69
T 4  1 33 30  114
T 4  42 143 1  70
T 4  96 1001 7  115
T 4  5 231 210  116
ROW -2 2 9
T 1  45 2 5  46
T 2  255 22 1  48
T 2  -135 11 5  49
T 3  -228 143 11  51
T 3  -34 11 1  53
T 3  270 143 5  54
T 4  24 143 11  56
T 4  2 11 1  58
T 4  -12 143 5  59
ROW -2 3 19
T 0  195 16 14  103
T 1  225 28 105  104
T 1  -195 14 14  105
T 2  -85 22 33  41
T 2  595 44 2  106
T 2  -675 154 105  107
T 2  65 14 14  108
T 3  -19 143 858  42
T 3  19 143 42  109
T 3  34 33 33  43
T 3  -119 33 2  110
T 3  675 1001 105  111
T 3  -130 231 14  112
T 4  2 143 858  44
T 4  -2 143 42  113
T 4  -2 33 33  45
T 4  7 33 2  114
T 4  -30 1001 105  115
T 4  5 231 14  116
ROW -1 -3 23
T 0  195 16 2  0
T 1  675 56 30  1
T 1  45 28 210  27
T 1  -195 14 2  2
T 2  85 22 35  3
T 2  85 22 42  28
T 2  -2025 308 30  4
T 2  -135 154 210  30
T 2  65 14 2  5
T 3  19 143 105  6
T 3  19 143 462  31
T 3  -34 33 35  8
T 3  -34 33 42  33
T 3  2025 2002 30  9
T 3  135 1001 210  35
T 3  -130 231 2  10
T 4  -2 143 105  11
T 4  -2 143 462  36
T 4  2 33 35  13
T 4  2 33 42  38
T 4  -45 1001 30  14
T 4  -6 1001 210  40
T 4  5 231 2  15
ROW -1 -2 20
T 0  -195 4 3  87
T 1  -1125 56 10  88
T 1  -495 56 70  16
T 1  390 7 3  89
T 2  85 22 21  90
T 2  3375 308 10  91
T 2  135 28 70  18
T 2  -130 7 3  92
T 3  399 143 1  93
T 3  19 143 1155  19
T 3  -34 33 21  94
T 3  -3375 2002 10  95
T 3  -135 182 70  22
T 3  520 231 3  96
T 4  -42 143 1  97
T 4  -2 143 1155  23
T 4  2 33 21  98
T 4  75 1001 10  99
T 4  3 91 70  26
T 4  -20 231 3  100
ROW -1 -1 25
T 0  585 8 10  117
T 0  195 16 30  0
T 1  -495 28 10  118
T 1  1935 56 2  1
T 1  -585 7 10  119
T 1  -195 14 30  2
T 2  -85 22 21  3
T 2  135 14 10  121
T 2  -5805 308 2  4
T 2  195 7 10  122
T 2  65 14 30  5
T 3  266 143 10  123
T 3  285 143 7  6
T 3  34 33 21  8
T 3  -135 91 10  125
T 3  5805 2002 2  9
T 3  -260 77 10  126
T 3  -130 231 30  10
T 4  -28 143 10  127
T 4  -30 143 7  11
T 4  -2 33 21  13
T 4  6 91 10  129
T 4  -129 1001 2  14
T 4  10 77 10  130
T 4  5 231 30  15
ROW -1 0 14
T 0  195 2 5  103
T 1  -855 28 6  104
T 1  -780 7 5  105
T 2  85 22 35  106
T 2  2565 154 6  107
T 2  260 7 5  108
T 3  -266 143 15  109
T 3  -34 33 35  110
T 3  -2565 1001 6  111
T 3  -1040 231 5  112
T 4  28 143 15  113
T 4  2 33 35  114
T 4  114 1001 6  115
T 4  40 231 5  116
ROW -1 1 14
T 0  -195 16 30  71
T 1  -1935 56 2  72
T 1  195 14 30  73
T 2  85 22 21  74
T 2  5805 308 2  75
T 2  -65 14 30  76
T 3  -285 143 7  78
T 3  -34 33 21  79
T 3  -5805 2002 2  80
T 3  130 231 30  81
T 4  30 143 7  83
T 4  2 33 21  84
T 4  129 1001 2  85
T 4  -5 231 30  86
ROW -1 2 20
T 0  195 4 3  103
T 1  495 56 70  60
T 1  1125 56 10  104
T 1  -390 7 3  105
T 2  -85 22 21  106
T 2  -135 28 70  62
T 2  -3375 308 10  107
T 2  130 7 3  108
T 3  -19 143 1155  64
T 3  -399 143 1  109
T 3  34 33 21  110
T 3  135 182 70  66
T 3  3375 2002 10  111
T 3  -520 231 3  112
T 4  2 143 1155  68
T 4  42 143 1  113
T 4  -2 33 21  114
T 4  -3 91 70  70
T 4  -75 1001 10  115
T 4  20 231 3  116
ROW -1 3 23
T 0  -195 16 2  71
T 1  -45 28 210  46
T 1  -675 56 30  72
T 1  195 14 2  73
T 2  -85 22 42  48
T 2  -85 22 35  74
T 2  135 154 210  49
T 2  2025 308 30  75
T 2  -65 14 2  76
T 3  -19 143 462  51
T 3  -19 143 105  78
T 3  34 33 42  53
T 3  34 33 35  79
T 3  -135 1001 210  54
T 3  -2025 2002 30  80
T 3  130 231 2  81
T 4  2 143 462  56
T 4  2 143 105  83
T 4  -2 33 42  58
T 4  -2 33 35  84
T 4  6 1001 210  59
T 4  45 1001 30  85
T 4  -5 231 2  86
ROW 0 -3 9
T 1  -675 28 7  60
T 2  -85 11 21  61
T 2  2025 154 7  62
T 3  -19 143 462  64
T 3  68 33 21  65
T 3  -2025 1001 7  66
T 4  2 143 462  68
T 4  -4 33 21  69
T 4  90 1001 7  70
ROW 0 -2 14
T 0  195 8 5  71
T 1  450 7 3  72
T 1  -195 7 5  73
T 2  -85 22 14  74
T 2  -2700 77 3  75
T 2  65 7 5  76
T 3  -114 143 42  78
T 3  34 33 14  79
T 3  5400 1001 3  80
T 3  -260 231 5  81
T 4  12 143 42  83
T 4  -2 33 14  84
T 4  -240 1001 3  85
T 4  10 231 5  86
ROW 0 -1 14
T 0  -975 8 2  103
T 1  -45 28 15  104
T 1  975 7 2  105
T 2  85 22 14  106
T 2  135 154 15  107
T 2  -325 7 2  108
T 3  -399 143 6  109
T 3  -34 33 14  110
T 3  -135 1001 15  111
T 3  1300 231 2  112
T 4  42 143 6  113
T 4  2 33 14  114
T 4  6 1001 15  115
T 4  -50 231 2  116
ROW 0 0 14
T 0  975 4 1  117
T 1  -675 7 1  118
T 1  -1950 7 1  119
T 2  595 22 1  120
T 2  4050 77 1  121
T 2  650 7 1  122
T 3  -1064 143 1  123
T 3  -238 33 1  124
T 3  -8100 1001 1  125
T 3  -2600 231 1  126
T 4  112 143 1  127
T 4  14 33 1  128
T 4  360 1001 1  129
T 4  100 231 1  130
ROW 0 1 14
T 0  -975 8 2  87
T 1  -45 28 15  88
T 1  975 7 2  89
T 2  85 22 14  90
T 2  135 154 15  91
T 2  -325 7 2  92
T 3  -399 143 6  93
T 3  -34 33 14  94
T 3  -135 1001 15  95
T 3  1300 231 2  96
T 4  42 143 6  97
T 4  2 33 14  98
T 4  6 1001 15  99
T 4  -50 231 2  100
ROW 0 2 14
T 0  195 8 5  0
T 1  450 7 3  1
T 1  -195 7 5  2
T 2  -85 22 14  3
T 2  -2700 77 3  4
T 2  65 7 5  5
T 3  -114 143 42  6
T 3  34 33 14  8
T 3  5400 1001 3  9
T 3  -260 231 5  10
T 4  12 143 42  11
T 4  -2 33 14  13
T 4  -240 1001 3  14
T 4  10 231 5  15
ROW 0 3 9
T 1  -675 28 7  16
T 2  -85 11 21  17
T 2  2025 154 7  18
T 3  -19 143 462  19
T 3  68 33 21  21
T 3  -2025 1001 7  22
T 4  2 143 462  23
T 4  -4 33 21  25
T 4  90 1001 7  26
ROW 1 -3 23
T 0  195 16 2  71
T 1  -45 28 210  46
T 1  675 56 30  72
T 1  -195 14 2  73
T 2  -85 22 42  48
T 2  85 22 35  74
T 2  135 154 210  49
T 2  -2025 308 30  75
T 2  65 14 2  76
T 3  -19 143 462  51
T 3  19 143 105  78
T 3  34 33 42  53
T 3  -34 33 35  79
T 3  -135 1001 210  54
T 3  2025 2002 30  80
T 3  -130 231 2  81
T 4  2 143 462  56
T 4  -2 143 105  83
T 4  -2 33 42  58
T 4  2 33 35  84
T 4  6 1001 210  59
T 4  -45 1001 30  85
T 4  5 231 2  86
ROW 1 -2 20
T 0  -195 4 3  103
T 1  495 56 70  60
T 1  -1125 56 10  104
T 1  390 7 3  105
T 2  85 22 21  106
T 2  -135 28 70  62
T 2  3375 308 10  107
T 2  -130 7 3  108
T 3  -19 143 1155  64
T 3  399 143 1  109
T 3  -34 33 21  110
T 3  135 182 70  66
T 3  -3375 2002 10  111
T 3  520 231 3  112
T 4  2 143 1155  68
T 4  -42 143 1  113
T 4  2 33 21  114
T 4  -3 91 70  70
T 4  75 1001 10  115
T 4  -20 231 3  116
ROW 1 -1 14
T 0  -195 16 30  71
T 1  -1935 56 2  72
T 1  195 14 30  73
T 2  85 22 21  74
T 2  5805 308 2  75
T 2  -65 14 30  76
T 3  -285 143 7  78
T 3  -34 33 21  79
T 3  -5805 2002 2  80
T 3  130 231 30  81
T 4  30 143 7  83
T 4  2 33 21  84
T 4  129 1001 2  85
T 4  -5 231 30  86
ROW 1 0 14
T 0  195 2 5  87
T 1  -855 28 6  88
T 1  -780 7 5  89
T 2  85 22 35  90
T 2  2565 154 6  91
T 2  260 7 5  92
T 3  -266 143 15  93
T 3  -34 33 35  94
T 3  -2565 1001 6  95
T 3  -1040 231 5  96
T 4  28 143 15  97
T 4  2 33 35  98
T 4  114 1001 6  99
T 4  40 231 5  100
ROW 1 1 25
T 0  585 8 10  117
T 0  -195 16 30  0
T 1  -495 28 10  118
T 1  -1935 56 2  1
T 1  -585 7 10  119
T 1  195 14 30  2
T 2  85 22 21  3
T 2  135 14 10  121
T 2  5805 308 2  4
T 2  195 7 10  122
T 2  -65 14 30  5
T 3  266 143 10  123
T 3  -285 143 7  6
T 3  -34 33 21  8
T 3  -135 91 10  125
T 3  -5805 2002 2  9
T 3  -260 77 10  126
T 3  130 231 30  10
T 4  -28 143 10  127
T 4  30 143 7  11
T 4  2 33 21  13
T 4  6 91 10  129
T 4  129 1001 2  14
T 4  10 77 10  130
T 4  -5 231 30  15
ROW 1 2 20
T 0  -195 4 3  87
T 1  -1125 56 10  88
T 1  495 56 70  16
T 1  390 7 3  89
T 2  85 22 21  90
T 2  3375 308 10  91
T 2  -135 28 70  18
T 2  -130 7 3  92
T 3  399 143 1  93
T 3  -19 143 1155  19
T 3  -34 33 21  94
T 3  -3375 2002 10  95
T 3  135 182 70  22
T 3  520 231 3  96
T 4  -42 143 1  97
T 4  2 143 1155  23
T 4  2 33 21  98
T 4  75 1001 10  99
T 4  -3 91 70  26
T 4  -20 231 3  100
ROW 1 3 23
T 0  195 16 2  0
T 1  675 56 30  1
T 1  -45 28 210  27
T 1  -195 14 2  2
T 2  85 22 35  3
T 2  -85 22 42  28
T 2  -2025 308 30  4
T 2  135 154 210  30
T 2  65 14 2  5
T 3  19 143 105  6
T 3  -19 143 462  31
T 3  -34 33 35  8
T 3  34 33 42  33
T 3  2025 2002 30  9
T 3  -135 1001 210  35
T 3  -130 231 2  10
T 4  -2 143 105  11
T 4  2 143 462  36
T 4  2 33 35  13
T 4  -2 33 42  38
T 4  -45 1001 30  14
T 4  6 1001 210  40
T 4  5 231 2  15
ROW 2 -3 19
T 0  -195 16 14  103
T 1  -225 28 105  104
T 1  195 14 14  105
T 2  -85 22 33  41
T 2  -595 44 2  106
T 2  675 154 105  107
T 2  -65 14 14  108
T 3  -19 143 858  42
T 3  -19 143 42  109
T 3  34 33 33  43
T 3  119 33 2  110
T 3  -675 1001 105  111
T 3  130 231 14  112
T 4  2 143 858  44
T 4  2 143 42  113
T 4  -2 33 33  45
T 4  -7 33 2  114
T 4  30 1001 105  115
T 4  -5 231 14  116
ROW 2 -2 9
T 1  45 2 5  46
T 2  255 22 1  48
T 2  -135 11 5  49
T 3  -228 143 11  51
T 3  -34 11 1  53
T 3  270 143 5  54
T 4  24 143 11  56
T 4  2 11 1  58
T 4  -12 143 5  59
ROW 2 -1 23
T 0  -195 16 210  103
T 1  -315 4 1  60
T 1  180 7 7  104
T 1  195 14 210  105
T 2  255 22 3  61
T 2  -85 44 30  106
T 2  945 22 1  62
T 2  -1080 77 7  107
T 2  -65 14 210  108
T 3  -95 143 66  64
T 3  -57 143 70  109
T 3  -34 11 3  65
T 3  17 33 30  110
T 3  -945 143 1  66
T 3  2160 1001 7  111
T 3  130 231 210  112
T 4  10 143 66  68
T 4  6 143 70  113
T 4  2 11 3  69
T 4  -1 33 30  114
T 4  42 143 1  70
T 4  -96 1001 7  115
T 4  -5 231 210  116
ROW 2 0 14
T 0  195 8 35  0
T 1  -45 14 21  1
T 1  -195 7 35  2
T 2  85 11 2  3
T 2  135 77 21  4
T 2  65 7 35  5
T 3  -380 143 6  6
T 3  -68 33 2  8
T 3  -270 1001 21  9
T 3  -260 231 35  10
T 4  40 143 6  11
T 4  4 33 2  13
T 4  12 1001 21  14
T 4  10 231 35  15
ROW 2 1 23
T 0  195 16 210  87
T 1  -180 7 7  88
T 1  -315 4 1  16
T 1  -195 14 210  89
T 2  85 44 30  90
T 2  255 22 3  17
T 2  1080 77 7  91
T 2  945 22 1  18
T 2  65 14 210  92
T 3  57 143 70  93
T 3  -95 143 66  19
T 3  -17 33 30  94
T 3  -34 11 3  21
T 3  -2160 1001 7  95
T 3  -945 143 1  22
T 3  -130 231 210  96
T 4  -6 143 70  97
T 4  10 143 66  23
T 4  1 33 30  98
T 4  2 11 3  25
T 4  96 1001 7  99
T 4  42 143 1  26
T 4  5 231 210  100
ROW 2 2 23
T 0  585 8 7  117
T 1  225 14 7  118
T 1  45 2 5  27
T 1  -585 7 7  119
T 2  -255 22 7  120
T 2  255 22 1  28
T 2  -675 77 7  121
T 2  -135 11 5  30
T 2  195 7 7  122
T 3  -152 143 7  123
T 3  -228 143 11  31
T 3  34 11 7  124
T 3  -34 11 1  33
T 3  1350 1001 7  125
T 3  270 143 5  35
T 3  -260 77 7  126
T 4  16 143 7  127
T 4  24 143 11  36
T 4  -2 11 7  128
T 4  2 11 1  38
T 4  -60 1001 7  129
T 4  -12 143 5  40
T 4  10 77 7  130
ROW 2 3 19
T 0  -195 16 14  87
T 1  -225 28 105  88
T 1  195 14 14  89
T 2  -595 44 2  90
T 2  -85 22 33  131
T 2  675 154 105  91
T 2  -65 14 14  92
T 3  -19 143 42  93
T 3  -19 143 858  101
T 3  119 33 2  94
T 3  34 33 33  132
T 3  -675 1001 105  95
T 3  130 231 14  96
T 4  2 143 42  97
T 4  2 143 858  102
T 4  -7 33 2  98
T 4  -2 33 33  133
T 4  30 1001 105  99
T 4  -5 231 14  100
ROW 3 -3 5
T 2  -85 44 66  47
T 3  -19 286 6006  50
T 3  17 33 66  52
T 4  1 143 6006  55
T 4  -1 33 66  57
ROW 3 -2 19
T 0  -195 4 14  103
T 1  45 28 105  104
T 1  390 7 14  105
T 2  85 22 33  41
T 2  170 11 2  106
T 2  -135 154 105  107
T 2  -130 7 14  108
T 3  -57 286 858  42
T 3  57 286 42  109
T 3  -34 33 33  43
T 3  -136 33 2  110
T 3  135 1001 105  111
T 3  520 231 14  112
T 4  3 143 858  44
T 4  -3 143 42  113
T 4  2 33 33  45
T 4  8 33 2  114
T 4  -6 1001 105  115
T 4  -20 231 14  116
ROW 3 -1 23
T 0  -195 8 35  71
T 1  -45 1 3  46
T 1  405 28 21  72
T 1  195 7 35  73
T 2  85 22 15  48
T 2  -595 44 2  74
T 2  270 11 3  49
T 2  -1215 154 21  75
T 2  -65 7 35  76
T 3  -57 143 165  51
T 3  -285 286 6  78
T 3  -34 33 15  53
T 3  119 33 2  79
T 3  -540 143 3  54
T 3  1215 1001 21  80
T 3  260 231 35  81
T 4  6 143 165  56
T 4  15 143 6  83
T 4  2 33 15  58
T 4  -7 33 2  84
T 4  24 143 3  59
T 4  -54 1001 21  85
T 4  -10 231 35  86
ROW 3 0 9
T 1  135 2 1  16
T 2  -85 22 3  17
T 2  -405 11 1  18
T 3  -95 143 66  19
T 3  34 33 3  21
T 3  810 143 1  22
T 4  10 143 66  23
T 4  -2 33 3  25
T 4  -36 143 1  26
ROW 3 1 23
T 0  195 8 35  0
T 1  -405 28 21  1
T 1  -45 1 3  27
T 1  -195 7 35  2
T 2  595 44 2  3
T 2  85 22 15  28
T 2  1215 154 21  4
T 2  270 11 3  30
T 2  65 7 35  5
T 3  285 286 6  6
T 3  -57 143 165  31
T 3  -119 33 2  8
T 3  -34 33 15  33
T 3  -1215 1001 21  9
T 3  -540 143 3  35
T 3  -260 231 35  10
T 4  -15 143 6  11
T 4  6 143 165  36
T 4  7 33 2  13
T 4  2 33 15  38
T 4  54 1001 21  14
T 4  24 143 3  40
T 4  10 231 35  15
ROW 3 2 19
T 0  195 4 14  87
T 1  -45 28 105  88
T 1  -390 7 14  89
T 2  -170 11 2  90
T 2  85 22 33  131
T 2  135 154 105  91
T 2  130 7 14  92
T 3  -57 286 42  93
T 3  -57 286 858  101
T 3  136 33 2  94
T 3  -34 33 33  132
T 3  -135 1001 105  95
T 3  -520 231 14  96
T 4  3 143 42  97
T 4  3 143 858  102
T 4  -8 33 2  98
T 4  2 33 33  133
T 4  6 1001 105  99
T 4  20 231 14  100
ROW 3 3 19
T 0  195 4 7  117
T 1  675 14 7  118
T 1  -390 7 7  119
T 2  85 11 7  120
T 2  -85 44 66  29
T 2  -2025 77 7  121
T 2  130 7 7  122
T 3  38 143 7  123
T 3  -19 286 6006  32
T 3  -68 33 7  124
T 3  17 33 66  34
T 3  4050 1001 7  125
T 3  -520 231 7  126
T 4  -4 143 7  127
T 4  1 143 6006  37
T 4  4 33 7  128
T 4  -1 33 66  39
T 4  -180 1001 7  129
T 4  20 231 7  130
ROW 4 -3 16
T 0  -195 8 42  103
T 1  -405 28 35  104
T 1  195 7 42  105
T 2  -85 22 6  106
T 2  1215 154 35  107
T 2  -65 7 42  108
T 3  -19 286 10010  63
T 3  -19 286 14  109
T 3  34 33 6  110
T 3  -1215 1001 35  111
T 3  260 231 42  112
T 4  1 143 10010  67
T 4  1 143 14  113
T 4  -2 33 6  114
T 4  54 1001 35  115
T 4  -10 231 42  116
ROW 4 -2 19
T 0  -585 8 7  71
T 1  45 7 105  72
T 1  585 7 7  73
T 2  255 44 22  47
T 2  255 44 10  74
T 2  -270 77 105  75
T 2  -195 7 7  76
T 3  -19 143 2002  50
T 3  19 143 30  78
T 3  -17 11 22  52
T 3  -17 11 10  79
T 3  540 1001 105  80
T 3  260 77 7  81
T 4  2 143 2002  55
T 4  -2 143 30  83
T 4  1 11 22  57
T 4  1 11 10  84
T 4  -24 1001 105  85
T 4  -10 77 7  86
ROW 4 -1 11
T 1  45 4 3  60
T 2  -255 11 1  61
T 2  -135 22 3  62
T 3  -19 286 4290  42
T 3  -95 286 22  64
T 3  68 11 1  65
T 3  135 143 3  66
T 4  1 143 4290  44
T 4  5 143 22  68
T 4  -4 11 1  69
T 4  -6 143 3  70
ROW 4 0 9
T 1  135 1 1  27
T 2  -255 22 5  28
T 2  -810 11 1  30
T 3  -76 143 55  31
T 3  34 11 5  33
T 3  1620 143 1  35
T 4  8 143 55  36
T 4  -2 11 5  38
T 4  -72 143 1  40
ROW 4 1 11
T 1  -45 4 3  16
T 2  255 11 1  17
T 2  135 22 3  18
T 3  95 286 22  19
T 3  -19 286 4290  101
T 3  -68 11 1  21
T 3  -135 143 3  22
T 4  -5 143 22  23
T 4  1 143 4290  102
T 4  4 11 1  25
T 4  6 143 3  26
ROW 4 2 19
T 0  585 8 7  0
T 1  -45 7 105  1
T 1  -585 7 7  2
T 2  -255 44 10  3
T 2  255 44 22  29
T 2  270 77 105  4
T 2  195 7 7  5
T 3  -19 143 30  6
T 3  -19 143 2002  32
T 3  17 11 10  8
T 3  -17 11 22  34
T 3  -540 1001 105  9
T 3  -260 77 7  10
T 4  2 143 30  11
T 4  2 143 2002  37
T 4  -1 11 10  13
T 4  1 11 22  39
T 4  24 1001 105  14
T 4  10 77 7  15
ROW 4 3 16
T 0  195 8 42  87
T 1  405 28 35  88
T 1  -195 7 42  89
T 2  85 22 6  90
T 2  -1215 154 35  91
T 2  65 7 42  92
T 3  19 286 14  93
T 3  -19 286 10010  20
T 3  -34 33 6  94
T 3  1215 1001 35  95
T 3  -260 231 42  96
T 4  -1 143 14  97
T 4  1 143 10010  24
T 4  2 33 6  98
T 4  -54 1001 35  99
T 4  10 231 42  100
ROW 5 -3 16
T 0  -195 8 105  71
T 1  -675 28 7  72
T 1  195 7 105  73
T 2  -85 44 6  74
T 2  2025 154 7  75
T 2  -65 7 105  76
T 3  -38 143 1001  77
T 3  -19 286 2  78
T 3  17 33 6  79
T 3  -2025 1001 7  80
T 3  260 231 105  81
T 4  4 143 1001  82
T 4  1 143 2  83
T 4  -1 33 6  84
T 4  90 1001 7  85
T 4  -10 231 105  86
ROW 5 -2 11
T 1  225 4 3  60
T 2  255 22 1  61
T 2  -675 22 3  62
T 3  -19 286 6006  63
T 3  19 286 22  64
T 3  -34 11 1  65
T 3  675 143 3  66
T 4  1 143 6006  67
T 4  -1 143 22  68
T 4  2 11 1  69
T 4  -30 143 3  70
ROW 5 -1 14
T 1  -45 2 15  46
T 2  -255 44 22  47
T 2  -255 22 3  48
T 2  135 11 15  49
T 3  -19 286 2002  50
T 3  -19 143 33  51
T 3  17 11 22  52
T 3  34 11 3  53
T 3  -270 143 15  54
T 4  1 143 2002  55
T 4  2 143 33  56
T 4  -1 11 22  57
T 4  -2 11 3  58
T 4  12 143 15  59
ROW 5 0 5
T 2  -255 22 11  131
T 3  -19 143 286  101
T 3  34 11 11  132
T 4  2 143 286  102
T 4  -2 11 11  133
ROW 5 1 14
T 1  45 2 15  27
T 2  255 22 3  28
T 2  -255 44 22  29
T 2  -135 11 15  30
T 3  19 143 33  31
T 3  -19 286 2002  32
T 3  -34 11 3  33
T 3  17 11 22  34
T 3  270 143 15  35
T 4  -2 143 33  36
T 4  1 143 2002  37
T 4  2 11 3  38
T 4  -1 11 22  39
T 4  -12 143 15  40
ROW 5 2 11
T 1  -225 4 3  16
T 2  -255 22 1  17
T 2  675 22 3  18
T 3  -19 286 22  19
T 3  -19 286 6006  20
T 3  34 11 1  21
T 3  -675 143 3  22
T 4  1 143 22  23
T 4  1 143 6006  24
T 4  -2 11 1  25
T 4  30 143 3  26
ROW 5 3 16
T 0  195 8 105  0
T 1  675 28 7  1
T 1  -195 7 105  2
T 2  85 44 6  3
T 2  -2025 154 7  4
T 2  65 7 105  5
T 3  19 286 2  6
T 3  -38 143 1001  7
T 3  -17 33 6  8
T 3  2025 1001 7  9
T 3  -260 231 105  10
T 4  -1 143 2  11
T 4  4 143 1001  12
T 4  1 33 6  13
T 4  -90 1001 7  14
T 4  10 231 105  15
