FORMAT 1
KERNEL T
SOURCE (s|S|s)
SHELLS 6 1

# E <id> <alpha> <beta> <mu> <p>
E 0 0 5 1 -6
E 1 0 5 2 -6
E 2 0 5 3 -6

# G <id> <2k> <L> <M>
G 0 0 5 5
G 1 0 7 5
G 2 0 7 7
G 3 2 5 5
G 4 2 7 5
G 5 2 7 7
G 6 4 5 5
G 7 0 7 -6
G 8 2 7 -6
G 9 0 5 -5
G 10 0 7 -7
G 11 0 7 -5
G 12 2 5 -5
G 13 2 7 -7
G 14 2 7 -5
G 15 4 5 -5
G 16 0 5 4
G 17 0 7 4
G 18 0 7 6
G 19 2 5 4
G 20 2 7 4
G 21 2 7 6
G 22 4 5 4
G 23 0 5 -4
G 24 0 7 -4
G 25 2 5 -4
G 26 2 7 -4
G 27 4 5 -4
G 28 0 5 3
G 29 0 7 3
G 30 2 5 3
G 31 2 7 3
G 32 4 5 3
G 33 0 5 -3
G 34 0 7 -3
G 35 2 5 -3
G 36 2 7 -3
G 37 4 5 -3
G 38 0 5 2
G 39 0 7 2
G 40 2 5 2
G 41 2 7 2
G 42 4 5 2
G 43 0 5 -2
G 44 0 7 -2
G 45 2 5 -2
G 46 2 7 -2
G 47 4 5 -2
G 48 0 5 1
G 49 0 7 1
G 50 2 5 1
G 51 2 7 1
G 52 4 5 1
G 53 0 5 -1
G 54 0 7 -1
G 55 2 5 -1
G 56 2 7 -1
G 57 4 5 -1
G 58 0 5 0
G 59 0 7 0
G 60 2 5 0
G 61 2 7 0
G 62 4 5 0

# TABLE <l> <l'> <rows> [SYMMETRIC]
# ROW <m> <m'> <terms>
# T <prefactor> <num> <den> <radicand> <geometry>

TABLE 6 1 39
ROW -6 -1 7
T 0  -15 2 33  0
T 1  -17 26 2  1
T 1  -17 26 182  2
T 1  30 13 33  3
T 2  1 13 2  4
T 2  1 13 182  5
T 2  -2 13 33  6
ROW -6 0 2
T 1  17 13 13  7
T 2  -2 13 13  8
ROW -6 1 7
T 0  -15 2 33  9
T 1  17 26 182  10
T 1  -17 26 2  11
T 1  30 13 33  12
T 2  -1 13 182  13
T 2  1 13 2  14
T 2  -2 13 33  15
ROW -5 -1 7
T 0  -15 4 110  16
T 1  -17 26 6  17
T 1  -17 13 39  18
T 1  15 13 110  19
T 2  1 13 6  20
T 2  2 13 39  21
T 2  -1 13 110  22
ROW -5 0 5
T 0  -15 2 11  9
T 1  34 13 6  11
T 1  30 13 11  12
T 2  -4 13 6  14
T 2  -2 13 11  15
ROW -5 1 7
T 0  -15 4 110  23
T 1  17 13 39  7
T 1  -17 26 6  24
T 1  15 13 110  25
T 2  -2 13 39  8
T 2  1 13 6  26
T 2  -1 13 110  27
ROW -4 -1 10
T 0  -45 4 10  28
T 0  -15 4 2  0
T 1  -17 13 3  29
T 1  -17 13 33  1
T 1  45 13 10  30
T 1  15 13 2  3
T 2  2 13 3  31
T 2  2 13 33  4
T 2  -3 13 10  32
T 2  -1 13 2  6
ROW -4 0 5
T 0  -15 1 5  23
T 1  17 13 33  24
T 1  60 13 5  25
T 2  -2 13 33  26
T 2  -4 13 5  27
ROW -4 1 10
T 0  15 4 2  9
T 0  -45 4 10  33
T 1  17 13 33  11
T 1  -17 13 3  34
T 1  -15 13 2  12
T 1  45 13 10  35
T 2  -2 13 33  14
T 2  2 13 3  36
T 2  1 13 2  15
T 2  -3 13 10  37
ROW -3 -1 10
T 0  -45 2 2  38
T 0  -15 4 6  16
T 1  -17 13 5  39
T 1  -17 26 110  17
T 1  90 13 2  40
T 1  15 13 6  19
T 2  2 13 5  41
T 2  1 13 110  20
T 2  -6 13 2  42
T 2  -1 13 6  22
ROW -3 0 5
T 0  -45 2 3  33
T 1  34 13 10  34
T 1  90 13 3  35
T 2  -4 13 10  36
T 2  -6 13 3  37
ROW -3 1 10
T 0  15 4 6  23
T 0  -45 2 2  43
T 1  17 26 110  24
T 1  -17 13 5  44
T 1  -15 13 6  25
T 1  90 13 2  45
T 2  -1 13 110  26
T 2  2 13 5  46
T 2  1 13 6  27
T 2  -6 13 2  47
ROW -2 -1 10
T 0  -15 2 14  48
T 0  -15 2 3  28
T 1  -17 26 30  49
T 1  -51 26 10  29
T 1  30 13 14  50
T 1  30 13 3  30
T 2  1 13 30  51
T 2  3 13 10  31
T 2  -2 13 14  52
T 2  -2 13 3  32
ROW -2 0 5
T 0  -30 1 2  43
T 1  51 13 5  44
T 1  120 13 2  45
T 2  -6 13 5  46
T 2  -8 13 2  47
ROW -2 1 10
T 0  15 2 3  33
T 0  -15 2 14  53
T 1  51 26 10  34
T 1  -17 26 30  54
T 1  -30 13 3  35
T 1  30 13 14  55
T 2  -3 13 10  36
T 2  1 13 30  56
T 2  2 13 3  37
T 2  -2 13 14  57
ROW -1 -1 10
T 0  -15 2 21  58
T 0  -15 2 5  38
T 1  -17 13 21  59
T 1  -51 13 2  39
T 1  30 13 21  60
T 1  30 13 5  40
T 2  2 13 21  61
T 2  6 13 2  41
T 2  -2 13 21  62
T 2  -2 13 5  42
ROW -1 0 5
T 0  -15 2 35  53
T 1  68 13 3  54
T 1  30 13 35  55
T 2  -8 13 3  56
T 2  -2 13 35  57
ROW -1 1 5
T 0  15 2 5  43
T 1  51 13 2  44
T 1  -30 13 5  45
T 2  -6 13 2  46
T 2  2 13 5  47
ROW 0 -1 5
T 0  15 2 15  53
T 1  34 13 7  54
T 1  -30 13 15  55
T 2  -4 13 7  56
T 2  2 13 15  57
ROW 0 0 5
T 0  -45 1 1  58
T 1  119 13 1  59
T 1  180 13 1  60
T 2  -14 13 1  61
T 2  -12 13 1  62
ROW 0 1 5
T 0  15 2 15  48
T 1  34 13 7  49
T 1  -30 13 15  50
T 2  -4 13 7  51
T 2  2 13 15  52
ROW 1 -1 5
T 0  15 2 5  43
T 1  51 13 2  44
T 1  -30 13 5  45
T 2  -6 13 2  46
T 2  2 13 5  47
ROW 1 0 5
T 0  -15 2 35  48
T 1  68 13 3  49
T 1  30 13 35  50
T 2  -8 13 3  51
T 2  -2 13 35  52
ROW 1 1 10
T 0  -15 2 21  58
T 0  15 2 5  38
T 1  -17 13 21  59
T 1  51 13 2  39
T 1  30 13 21  60
T 1  -30 13 5  40
T 2  2 13 21  61
T 2  -6 13 2  41
T 2  -2 13 21  62
T 2  2 13 5  42
ROW 2 -1 10
T 0  15 2 3  33
T 0  15 2 14  53
T 1  51 26 10  34
T 1  17 26 30  54
T 1  -30 13 3  35
T 1  -30 13 14  55
T 2  -3 13 10  36
T 2  -1 13 30  56
T 2  2 13 3  37
T 2  2 13 14  57
ROW 2 0 5
T 0  -30 1 2  38
T 1  51 13 5  39
T 1  120 13 2  40
T 2  -6 13 5  41
T 2  -8 13 2  42
ROW 2 1 10
T 0  -15 2 14  48
T 0  15 2 3  28
T 1  -17 26 30  49
T 1  51 26 10  29
T 1  30 13 14  50
T 1  -30 13 3  30
T 2  1 13 30  51
T 2  -3 13 10  31
T 2  -2 13 14  52
T 2  2 13 3  32
ROW 3 -1 10
T 0  15 4 6  23
T 0  45 2 2  43
T 1  17 26 110  24
T 1  17 13 5  44
T 1  -15 13 6  25
T 1  -90 13 2  45
T 2  -1 13 110  26
T 2  -2 13 5  46
T 2  1 13 6  27
T 2  6 13 2  47
ROW 3 0 5
T 0  -45 2 3  28
T 1  34 13 10  29
T 1  90 13 3  30
T 2  -4 13 10  31
T 2  -6 13 3  32
ROW 3 1 10
T 0  -45 2 2  38
T 0  15 4 6  16
T 1  -17 13 5  39
T 1  17 26 110  17
T 1  90 13 2  40
T 1  -15 13 6  19
T 2  2 13 5  41
T 2  -1 13 110  20
T 2  -6 13 2  42
T 2  1 13 6  22
ROW 4 -1 10
T 0  15 4 2  9
T 0  45 4 10  33
T 1  17 13 33  11
T 1  17 13 3  34
T 1  -15 13 2  12
T 1  -45 13 10  35
T 2  -2 13 33  14
T 2  -2 13 3  36
T 2  1 13 2  15
T 2  3 13 10  37
ROW 4 0 5
T 0  -15 1 5  16
T 1  17 13 33  17
T 1  60 13 5  19
T 2  -2 13 33  20
T 2  -4 13 5  22
ROW 4 1 10
T 0  -45 4 10  28
T 0  15 4 2  0
T 1  -17 13 3  29
T 1  17 13 33  1
T 1  45 13 10  30
T 1  -15 13 2  3
T 2  2 13 3  31
T 2  -2 13 33  4
T 2  -3 13 10  32
T 2  1 13 2  6
ROW 5 -1 7
T 0  15 4 110  23
T 1  17 13 39  7
T 1  17 26 6  24
T 1  -15 13 110  25
T 2  -2 13 39  8
T 2  -1 13 6  26
T 2  1 13 110  27
ROW 5 0 5
T 0  -15 2 11  0
T 1  34 13 6  1
T 1  30 13 11  3
T 2  -4 13 6  4
T 2  -2 13 11  6
ROW 5 1 7
T 0  -15 4 110  16
T 1  -17 26 6  17
T 1  17 13 39  18
T 1  15 13 110  19
T 2  1 13 6  20
T 2  -2 13 39  21
T 2  -1 13 110  22
ROW 6 -1 7
T 0  15 2 33  9
T 1  17 26 182  10
T 1  17 26 2  11
T 1  -30 13 33  12
T 2  -1 13 182  13
T 2  -1 13 2  14
T 2  2 13 33  15
ROW 6 0 2
T 1  17 13 13  18
T 2  -2 13 13  21
ROW 6 1 7
T 0  -15 2 33  0
T 1  -17 26 2  1
T 1  17 26 182  2
T 1  30 13 33  3
T 2  1 13 2  4
T 2  -1 13 182  5
T 2  -2 13 33  6
