FORMAT 1
KERNEL T
SOURCE (s|S|s)
SHELLS 4 2

# E <id> <alpha> <beta> <mu> <p>
E 0 0 2 1 -4
E 1 0 2 2 -4
E 2 0 2 3 -4
E 3 0 2 4 -4

# G <id> <2k> <L> <M>
G 0 0 2 2
G 1 0 4 2
G 2 2 2 2
G 3 0 6 2
G 4 0 6 6
G 5 2 4 2
G 6 4 2 2
G 7 2 6 2
G 8 2 6 6
G 9 4 4 2
G 10 6 2 2
G 11 0 4 3
G 12 0 6 3
G 13 0 6 5
G 14 2 4 3
G 15 2 6 3
G 16 2 6 5
G 17 4 4 3
G 18 0 4 -4
G 19 0 6 -4
G 20 2 4 -4
G 21 2 6 -4
G 22 4 4 -4
G 23 0 4 -3
G 24 0 6 -5
G 25 0 6 -3
G 26 2 4 -3
G 27 2 6 -5
G 28 2 6 -3
G 29 4 4 -3
G 30 0 2 -2
G 31 0 4 -2
G 32 2 2 -2
G 33 0 6 -6
G 34 0 6 -2
G 35 2 4 -2
G 36 4 2 -2
G 37 2 6 -6
G 38 2 6 -2
G 39 4 4 -2
G 40 6 2 -2
G 41 0 2 1
G 42 0 4 1
G 43 2 2 1
G 44 0 6 1
G 45 2 4 1
G 46 4 2 1
G 47 2 6 1
G 48 4 4 1
G 49 6 2 1
G 50 0 4 4
G 51 0 6 4
G 52 2 4 4
G 53 2 6 4
G 54 4 4 4
G 55 0 2 -1
G 56 0 4 -1
G 57 2 2 -1
G 58 0 6 -1
G 59 2 4 -1
G 60 4 2 -1
G 61 2 6 -1
G 62 4 4 -1
G 63 6 2 -1
G 64 0 2 0
G 65 0 4 0
G 66 2 2 0
G 67 0 6 0
G 68 2 4 0
G 69 4 2 0
G 70 2 6 0
G 71 4 4 0
G 72 6 2 0

# TABLE <l> <l'> <rows> [SYMMETRIC]
# ROW <m> <m'> <terms>
# T <prefactor> <num> <den> <radicand> <geometry>

TABLE 4 2 45
ROW -4 -2 11
T 0  33 4 35  0
T 1  13 7 21  1
T 1  -99 14 35  2
T 2  5 22 2  3
T 2  -15 22 110  4
T 2  -52 77 21  5
T 2  11 7 35  6
T 3  -1 33 2  7
T 3  1 11 110  8
T 3  4 77 21  9
T 3  -2 21 35  10
ROW -4 -1 7
T 1  -13 2 6  11
T 2  -15 22 2  12
T 2  -5 22 330  13
T 2  26 11 6  14
T 3  1 11 2  15
T 3  1 33 330  16
T 3  -2 11 6  17
ROW -4 0 5
T 1  26 1 1  18
T 2  15 11 5  19
T 2  -104 11 1  20
T 3  -2 11 5  21
T 3  8 11 1  22
ROW -4 1 7
T 1  -13 2 6  23
T 2  5 22 330  24
T 2  -15 22 2  25
T 2  26 11 6  26
T 3  -1 33 330  27
T 3  1 11 2  28
T 3  -2 11 6  29
ROW -4 2 11
T 0  33 4 35  30
T 1  13 7 21  31
T 1  -99 14 35  32
T 2  15 22 110  33
T 2  5 22 2  34
T 2  -52 77 21  35
T 2  11 7 35  36
T 3  -1 11 110  37
T 3  -1 33 2  38
T 3  4 77 21  39
T 3  -2 21 35  40
ROW -3 -2 11
T 0  33 8 70  41
T 1  39 14 21  42
T 1  -99 28 70  43
T 2  5 22 10  44
T 2  -5 11 165  13
T 2  -78 77 21  45
T 2  11 14 70  46
T 3  -1 33 10  47
T 3  2 33 165  16
T 3  6 77 21  48
T 3  -1 21 70  49
ROW -3 -1 14
T 0  33 8 70  0
T 1  -65 28 42  1
T 1  13 2 6  50
T 1  -99 28 70  2
T 2  -20 11 1  3
T 2  -10 11 30  51
T 2  65 77 42  5
T 2  -26 11 6  52
T 2  11 14 70  6
T 3  8 33 1  7
T 3  4 33 30  53
T 3  -5 77 42  9
T 3  2 11 6  54
T 3  -1 21 70  10
ROW -3 0 5
T 1  13 2 1  23
T 2  30 11 3  25
T 2  -26 11 1  26
T 3  -4 11 3  28
T 3  2 11 1  29
ROW -3 1 14
T 0  33 8 70  30
T 1  -13 2 6  18
T 1  -65 28 42  31
T 1  -99 28 70  32
T 2  10 11 30  19
T 2  -20 11 1  34
T 2  26 11 6  20
T 2  65 77 42  35
T 2  11 14 70  36
T 3  -4 33 30  21
T 3  8 33 1  38
T 3  -2 11 6  22
T 3  -5 77 42  39
T 3  -1 21 70  40
ROW -3 2 11
T 0  33 8 70  55
T 1  39 14 21  56
T 1  -99 28 70  57
T 2  5 11 165  24
T 2  5 22 10  58
T 2  -78 77 21  59
T 2  11 14 70  60
T 3  -2 33 165  27
T 3  -1 33 10  61
T 3  6 77 21  62
T 3  -1 21 70  63
ROW -2 -2 14
T 0  33 4 15  64
T 1  39 7 15  65
T 1  -13 7 21  50
T 1  -99 14 15  66
T 2  5 11 15  67
T 2  -5 11 105  51
T 2  -156 77 15  68
T 2  52 77 21  52
T 2  11 7 15  69
T 3  -2 33 15  70
T 3  2 33 105  53
T 3  12 77 15  71
T 3  -4 77 21  54
T 3  -2 21 15  72
ROW -2 -1 14
T 0  33 2 5  41
T 1  -117 28 6  42
T 1  65 28 42  11
T 1  -99 7 5  43
T 2  -5 11 35  44
T 2  -15 11 14  12
T 2  117 77 6  45
T 2  -65 77 42  14
T 2  22 7 5  46
T 3  2 33 35  47
T 3  2 11 14  15
T 3  -9 77 6  48
T 3  5 77 42  17
T 3  -4 21 5  49
ROW -2 0 9
T 0  33 4 15  30
T 1  -52 7 1  31
T 1  -99 14 15  32
T 2  10 11 42  34
T 2  208 77 1  35
T 2  11 7 15  36
T 3  -4 33 42  38
T 3  -16 77 1  39
T 3  -2 21 15  40
ROW -2 1 14
T 0  33 2 5  55
T 1  -65 28 42  23
T 1  -117 28 6  56
T 1  -99 7 5  57
T 2  15 11 14  25
T 2  -5 11 35  58
T 2  65 77 42  26
T 2  117 77 6  59
T 2  22 7 5  60
T 3  -2 11 14  28
T 3  2 33 35  61
T 3  -5 77 42  29
T 3  -9 77 6  62
T 3  -4 21 5  63
ROW -2 2 5
T 1  13 7 21  18
T 2  5 11 105  19
T 2  -52 77 21  20
T 3  -2 33 105  21
T 3  4 77 21  22
ROW -1 -2 14
T 0  -33 8 10  41
T 1  -65 7 3  42
T 1  -39 14 21  11
T 1  99 28 10  43
T 2  -5 22 70  44
T 2  -15 11 7  12
T 2  260 77 3  45
T 2  78 77 21  14
T 2  -11 14 10  46
T 3  1 33 70  47
T 3  2 11 7  15
T 3  -20 77 3  48
T 3  -6 77 21  17
T 3  1 21 10  49
ROW -1 -1 18
T 0  33 4 30  64
T 0  33 8 10  0
T 1  -13 14 30  65
T 1  117 28 6  1
T 1  -99 14 30  66
T 1  -99 28 10  2
T 2  -10 11 30  67
T 2  -20 11 7  3
T 2  26 77 30  68
T 2  -117 77 6  5
T 2  11 7 30  69
T 2  11 14 10  6
T 3  4 33 30  70
T 3  8 33 7  7
T 3  -2 77 30  71
T 3  9 77 6  9
T 3  -2 21 30  72
T 3  -1 21 10  10
ROW -1 0 9
T 0  33 4 30  55
T 1  -221 14 1  56
T 1  -99 14 30  57
T 2  5 11 210  58
T 2  442 77 1  59
T 2  11 7 30  60
T 3  -2 33 210  61
T 3  -34 77 1  62
T 3  -2 21 30  63
ROW -1 1 9
T 0  -33 8 10  30
T 1  -117 28 6  31
T 1  99 28 10  32
T 2  20 11 7  34
T 2  117 77 6  35
T 2  -11 14 10  36
T 3  -8 33 7  38
T 3  -9 77 6  39
T 3  1 21 10  40
ROW -1 2 14
T 0  33 8 10  55
T 1  39 14 21  23
T 1  65 7 3  56
T 1  -99 28 10  57
T 2  15 11 7  25
T 2  5 22 70  58
T 2  -78 77 21  26
T 2  -260 77 3  59
T 2  11 14 10  60
T 3  -2 11 7  28
T 3  -1 33 70  61
T 3  6 77 21  29
T 3  20 77 3  62
T 3  -1 21 10  63
ROW 0 -2 9
T 0  33 4 1  30
T 1  39 7 15  31
T 1  -99 14 1  32
T 2  5 11 70  34
T 2  -156 77 15  35
T 2  11 7 1  36
T 3  -2 33 70  38
T 3  12 77 15  39
T 3  -2 21 1  40
ROW 0 -1 9
T 0  -33 1 1  55
T 1  -13 14 30  56
T 1  198 7 1  57
T 2  25 11 7  58
T 2  26 77 30  59
T 2  -44 7 1  60
T 3  -10 33 7  61
T 3  -2 77 30  62
T 3  8 21 1  63
ROW 0 0 9
T 0  99 2 1  64
T 1  -130 7 1  65
T 1  -297 7 1  66
T 2  75 11 1  67
T 2  520 77 1  68
T 2  66 7 1  69
T 3  -10 11 1  70
T 3  -40 77 1  71
T 3  -4 7 1  72
ROW 0 1 9
T 0  -33 1 1  41
T 1  -13 14 30  42
T 1  198 7 1  43
T 2  25 11 7  44
T 2  26 77 30  45
T 2  -44 7 1  46
T 3  -10 33 7  47
T 3  -2 77 30  48
T 3  8 21 1  49
ROW 0 2 9
T 0  33 4 1  0
T 1  39 7 15  1
T 1  -99 14 1  2
T 2  5 11 70  3
T 2  -156 77 15  5
T 2  11 7 1  6
T 3  -2 33 70  7
T 3  12 77 15  9
T 3  -2 21 1  10
ROW 1 -2 14
T 0  -33 8 10  55
T 1  39 14 21  23
T 1  -65 7 3  56
T 1  99 28 10  57
T 2  15 11 7  25
T 2  -5 22 70  58
T 2  -78 77 21  26
T 2  260 77 3  59
T 2  -11 14 10  60
T 3  -2 11 7  28
T 3  1 33 70  61
T 3  6 77 21  29
T 3  -20 77 3  62
T 3  1 21 10  63
ROW 1 -1 9
T 0  -33 8 10  30
T 1  -117 28 6  31
T 1  99 28 10  32
T 2  20 11 7  34
T 2  117 77 6  35
T 2  -11 14 10  36
T 3  -8 33 7  38
T 3  -9 77 6  39
T 3  1 21 10  40
ROW 1 0 9
T 0  33 4 30  41
T 1  -221 14 1  42
T 1  -99 14 30  43
T 2  5 11 210  44
T 2  442 77 1  45
T 2  11 7 30  46
T 3  -2 33 210  47
T 3  -34 77 1  48
T 3  -2 21 30  49
ROW 1 1 18
T 0  33 4 30  64
T 0  -33 8 10  0
T 1  -13 14 30  65
T 1  -117 28 6  1
T 1  -99 14 30  66
T 1  99 28 10  2
T 2  -10 11 30  67
T 2  20 11 7  3
T 2  26 77 30  68
T 2  117 77 6  5
T 2  11 7 30  69
T 2  -11 14 10  6
T 3  4 33 30  70
T 3  -8 33 7  7
T 3  -2 77 30  71
T 3  -9 77 6  9
T 3  -2 21 30  72
T 3  1 21 10  10
ROW 1 2 14
T 0  -33 8 10  41
T 1  -65 7 3  42
T 1  39 14 21  11
T 1  99 28 10  43
T 2  -5 22 70  44
T 2  15 11 7  12
T 2  260 77 3  45
T 2  -78 77 21  14
T 2  -11 14 10  46
T 3  1 33 70  47
T 3  -2 11 7  15
T 3  -20 77 3  48
T 3  6 77 21  17
T 3  1 21 10  49
ROW 2 -2 5
T 1  13 7 21  18
T 2  5 11 105  19
T 2  -52 77 21  20
T 3  -2 33 105  21
T 3  4 77 21  22
ROW 2 -1 14
T 0  -33 2 5  55
T 1  -65 28 42  23
T 1  117 28 6  56
T 1  99 7 5  57
T 2  15 11 14  25
T 2  5 11 35  58
T 2  65 77 42  26
T 2  -117 77 6  59
T 2  -22 7 5  60
T 3  -2 11 14  28
T 3  -2 33 35  61
T 3  -5 77 42  29
T 3  9 77 6  62
T 3  4 21 5  63
ROW 2 0 9
T 0  33 4 15  0
T 1  -52 7 1  1
T 1  -99 14 15  2
T 2  10 11 42  3
T 2  208 77 1  5
T 2  11 7 15  6
T 3  -4 33 42  7
T 3  -16 77 1  9
T 3  -2 21 15  10
ROW 2 1 14
T 0  33 2 5  41
T 1  -117 28 6  42
T 1  -65 28 42  11
T 1  -99 7 5  43
T 2  -5 11 35  44
T 2  15 11 14  12
T 2  117 77 6  45
T 2  65 77 42  14
T 2  22 7 5  46
T 3  2 33 35  47
T 3  -2 11 14  15
T 3  -9 77 6  48
T 3  -5 77 42  17
T 3  -4 21 5  49
ROW 2 2 14
T 0  33 4 15  64
T 1  39 7 15  65
T 1  13 7 21  50
T 1  -99 14 15  66
T 2  5 11 15  67
T 2  5 11 105  51
T 2  -156 77 15  68
T 2  -52 77 21  52
T 2  11 7 15  69
T 3  -2 33 15  70
T 3  -2 33 105  53
T 3  12 77 15  71
T 3  4 77 21  54
T 3  -2 21 15  72
ROW 3 -2 11
T 0  -33 8 70  55
T 1  -39 14 21  56
T 1  99 28 70  57
T 2  5 11 165  24
T 2  -5 22 10  58
T 2  78 77 21  59
T 2  -11 14 70  60
T 3  -2 33 165  27
T 3  1 33 10  61
T 3  -6 77 21  62
T 3  1 21 70  63
ROW 3 -1 14
T 0  -33 8 70  30
T 1  -13 2 6  18
T 1  65 28 42  31
T 1  99 28 70  32
T 2  10 11 30  19
T 2  20 11 1  34
T 2  26 11 6  20
T 2  -65 77 42  35
T 2  -11 14 70  36
T 3  -4 33 30  21
T 3  -8 33 1  38
T 3  -2 11 6  22
T 3  5 77 42  39
T 3  1 21 70  40
ROW 3 0 5
T 1  13 2 1  11
T 2  30 11 3  12
T 2  -26 11 1  14
T 3  -4 11 3  15
T 3  2 11 1  17
ROW 3 1 14
T 0  33 8 70  0
T 1  -65 28 42  1
T 1  -13 2 6  50
T 1  -99 28 70  2
T 2  -20 11 1  3
T 2  10 11 30  51
T 2  65 77 42  5
T 2  26 11 6  52
T 2  11 14 70  6
T 3  8 33 1  7
T 3  -4 33 30  53
T 3  -5 77 42  9
T 3  -2 11 6  54
T 3  -1 21 70  10
ROW 3 2 11
T 0  33 8 70  41
T 1  39 14 21  42
T 1  -99 28 70  43
T 2  5 22 10  44
T 2  5 11 165  13
T 2  -78 77 21  45
T 2  11 14 70  46
T 3  -1 33 10  47
T 3  -2 33 165  16
T 3  6 77 21  48
T 3  -1 21 70  49
ROW 4 -2 11
T 0  -33 4 35  30
T 1  -13 7 21  31
T 1  99 14 35  32
T 2  15 22 110  33
T 2  -5 22 2  34
T 2  52 77 21  35
T 2  -11 7 35  36
T 3  -1 11 110  37
T 3  1 33 2  38
T 3  -4 77 21  39
T 3  2 21 35  40
ROW 4 -1 7
T 1  13 2 6  23
T 2  5 22 330  24
T 2  15 22 2  25
T 2  -26 11 6  26
T 3  -1 33 330  27
T 3  -1 11 2  28
T 3  2 11 6  29
ROW 4 0 5
T 1  26 1 1  50
T 2  15 11 5  51
T 2  -104 11 1  52
T 3  -2 11 5  53
T 3  8 11 1  54
ROW 4 1 7
T 1  -13 2 6  11
T 2  -15 22 2  12
T 2  5 22 330  13
T 2  26 11 6  14
T 3  1 11 2  15
T 3  -1 33 330  16
T 3  -2 11 6  17
ROW 4 2 11
T 0  33 4 35  0
T 1  13 7 21  1
T 1  -99 14 35  2
T 2  5 22 2  3
T 2  15 22 110  4
T 2  -52 77 21  5
T 2  11 7 35  6
T 3  -1 33 2  7
T 3  -1 11 110  8
T 3  4 77 21  9
T 3  -2 21 35  10
