FORMAT 1
KERNEL T
SOURCE (s|S|s)
SHELLS 2 1

# E <id> <alpha> <beta> <mu> <p>
E 0 0 1 1 -2
E 1 0 1 2 -2
E 2 0 1 3 -2

# G <id> <2k> <L> <M>
G 0 0 1 1
G 1 0 3 1
G 2 0 3 3
G 3 2 1 1
G 4 2 3 1
G 5 2 3 3
G 6 4 1 1
G 7 0 3 -2
G 8 2 3 -2
G 9 0 1 -1
G 10 0 3 -3
G 11 0 3 -1
G 12 2 1 -1
G 13 2 3 -3
G 14 2 3 -1
G 15 4 1 -1
G 16 0 1 0
G 17 0 3 0
G 18 0 3 2
G 19 2 1 0
G 20 2 3 0
G 21 2 3 2
G 22 4 1 0

# TABLE <l> <l'> <rows> [SYMMETRIC]
# ROW <m> <m'> <terms>
# T <prefactor> <num> <den> <radicand> <geometry>

TABLE 2 1 15
ROW -2 -1 7
T 0  -7 2 3  0
T 1  -9 10 2  1
T 1  -9 10 30  2
T 1  14 5 3  3
T 2  1 5 2  4
T 2  1 5 30  5
T 2  -2 5 3  6
ROW -2 0 2
T 1  9 5 5  7
T 2  -2 5 5  8
ROW -2 1 7
T 0  -7 2 3  9
T 1  9 10 30  10
T 1  -9 10 2  11
T 1  14 5 3  12
T 2  -1 5 30  13
T 2  1 5 2  14
T 2  -2 5 3  15
ROW -1 -1 7
T 0  -7 2 3  16
T 1  -9 5 3  17
T 1  -9 5 5  18
T 1  14 5 3  19
T 2  2 5 3  20
T 2  2 5 5  21
T 2  -2 5 3  22
ROW -1 0 5
T 0  -7 2 3  9
T 1  18 5 2  11
T 1  14 5 3  12
T 2  -4 5 2  14
T 2  -2 5 3  15
ROW -1 1 2
T 1  9 5 5  7
T 2  -2 5 5  8
ROW 0 -1 5
T 0  7 2 1  9
T 1  9 5 6  11
T 1  -14 5 1  12
T 2  -2 5 6  14
T 2  2 5 1  15
ROW 0 0 5
T 0  -7 1 1  16
T 1  27 5 1  17
T 1  28 5 1  19
T 2  -6 5 1  20
T 2  -4 5 1  22
ROW 0 1 5
T 0  7 2 1  0
T 1  9 5 6  1
T 1  -14 5 1  3
T 2  -2 5 6  4
T 2  2 5 1  6
ROW 1 -1 2
T 1  9 5 5  7
T 2  -2 5 5  8
ROW 1 0 5
T 0  -7 2 3  0
T 1  18 5 2  1
T 1  14 5 3  3
T 2  -4 5 2  4
T 2  -2 5 3  6
ROW 1 1 7
T 0  -7 2 3  16
T 1  -9 5 3  17
T 1  9 5 5  18
T 1  14 5 3  19
T 2  2 5 3  20
T 2  -2 5 5  21
T 2  -2 5 3  22
ROW 2 -1 7
T 0  7 2 3  9
T 1  9 10 30  10
T 1  9 10 2  11
T 1  -14 5 3  12
T 2  -1 5 30  13
T 2  -1 5 2  14
T 2  2 5 3  15
ROW 2 0 2
T 1  9 5 5  18
T 2  -2 5 5  21
ROW 2 1 7
T 0  -7 2 3  0
T 1  -9 10 2  1
T 1  9 10 30  2
T 1  14 5 3  3
T 2  1 5 2  4
T 2  -1 5 30  5
T 2  -2 5 3  6
