FORMAT 1
KERNEL T
SOURCE (s|S|s)
SHELLS 1 6

# E <id> <alpha> <beta> <mu> <p>
E 0 5 0 1 -6
E 1 5 0 2 -6
E 2 5 0 3 -6

# G <id> <2k> <L> <M>
G 0 0 5 5
G 1 0 7 5
G 2 0 7 7
G 3 2 5 5
G 4 2 7 5
G 5 2 7 7
G 6 4 5 5
G 7 0 5 4
G 8 0 7 4
G 9 0 7 6
G 10 2 5 4
G 11 2 7 4
G 12 2 7 6
G 13 4 5 4
G 14 0 5 3
G 15 0 7 3
G 16 2 5 3
G 17 2 7 3
G 18 4 5 3
G 19 0 5 2
G 20 0 7 2
G 21 2 5 2
G 22 2 7 2
G 23 4 5 2
G 24 0 5 1
G 25 0 7 1
G 26 2 5 1
G 27 2 7 1
G 28 4 5 1
G 29 0 5 0
G 30 0 7 0
G 31 2 5 0
G 32 2 7 0
G 33 4 5 0
G 34 0 5 -1
G 35 0 7 -1
G 36 2 5 -1
G 37 2 7 -1
G 38 4 5 -1
G 39 0 5 -2
G 40 0 7 -2
G 41 2 5 -2
G 42 2 7 -2
G 43 4 5 -2
G 44 0 5 -3
G 45 0 7 -3
G 46 2 5 -3
G 47 2 7 -3
G 48 4 5 -3
G 49 0 5 -4
G 50 0 7 -4
G 51 2 5 -4
G 52 2 7 -4
G 53 4 5 -4
G 54 0 5 -5
G 55 0 7 -5
G 56 2 5 -5
G 57 2 7 -5
G 58 4 5 -5
G 59 0 7 -6
G 60 2 7 -6
G 61 0 7 -7
G 62 2 7 -7

# TABLE <l> <l'> <rows> [SYMMETRIC]
# ROW <m> <m'> <terms>
# T <prefactor> <num> <den> <radicand> <geometry>

TABLE 1 6 39
ROW -1 -6 7
T 0  15 2 33  0
T 1  17 26 2  1
T 1  17 26 182  2
T 1  -30 13 33  3
T 2  -1 13 2  4
T 2  -1 13 182  5
T 2  2 13 33  6
ROW -1 -5 7
T 0  15 4 110  7
T 1  17 26 6  8
T 1  17 13 39  9
T 1  -15 13 110  10
T 2  -1 13 6  11
T 2  -2 13 39  12
T 2  1 13 110  13
ROW -1 -4 10
T 0  45 4 10  14
T 0  15 4 2  0
T 1  17 13 3  15
T 1  17 13 33  1
T 1  -45 13 10  16
T 1  -15 13 2  3
T 2  -2 13 3  17
T 2  -2 13 33  4
T 2  3 13 10  18
T 2  1 13 2  6
ROW -1 -3 10
T 0  45 2 2  19
T 0  15 4 6  7
T 1  17 13 5  20
T 1  17 26 110  8
T 1  -90 13 2  21
T 1  -15 13 6  10
T 2  -2 13 5  22
T 2  -1 13 110  11
T 2  6 13 2  23
T 2  1 13 6  13
ROW -1 -2 10
T 0  15 2 14  24
T 0  15 2 3  14
T 1  17 26 30  25
T 1  51 26 10  15
T 1  -30 13 14  26
T 1  -30 13 3  16
T 2  -1 13 30  27
T 2  -3 13 10  17
T 2  2 13 14  28
T 2  2 13 3  18
ROW -1 -1 10
T 0  15 2 21  29
T 0  15 2 5  19
T 1  17 13 21  30
T 1  51 13 2  20
T 1  -30 13 21  31
T 1  -30 13 5  21
T 2  -2 13 21  32
T 2  -6 13 2  22
T 2  2 13 21  33
T 2  2 13 5  23
ROW -1 0 5
T 0  -15 2 15  34
T 1  -34 13 7  35
T 1  30 13 15  36
T 2  4 13 7  37
T 2  -2 13 15  38
ROW -1 1 5
T 0  -15 2 5  39
T 1  -51 13 2  40
T 1  30 13 5  41
T 2  6 13 2  42
T 2  -2 13 5  43
ROW -1 2 10
T 0  -15 2 3  44
T 0  -15 2 14  34
T 1  -51 26 10  45
T 1  -17 26 30  35
T 1  30 13 3  46
T 1  30 13 14  36
T 2  3 13 10  47
T 2  1 13 30  37
T 2  -2 13 3  48
T 2  -2 13 14  38
ROW -1 3 10
T 0  -15 4 6  49
T 0  -45 2 2  39
T 1  -17 26 110  50
T 1  -17 13 5  40
T 1  15 13 6  51
T 1  90 13 2  41
T 2  1 13 110  52
T 2  2 13 5  42
T 2  -1 13 6  53
T 2  -6 13 2  43
ROW -1 4 10
T 0  -15 4 2  54
T 0  -45 4 10  44
T 1  -17 13 33  55
T 1  -17 13 3  45
T 1  15 13 2  56
T 1  45 13 10  46
T 2  2 13 33  57
T 2  2 13 3  47
T 2  -1 13 2  58
T 2  -3 13 10  48
ROW -1 5 7
T 0  -15 4 110  49
T 1  -17 13 39  59
T 1  -17 26 6  50
T 1  15 13 110  51
T 2  2 13 39  60
T 2  1 13 6  52
T 2  -1 13 110  53
ROW -1 6 7
T 0  -15 2 33  54
T 1  -17 26 182  61
T 1  -17 26 2  55
T 1  30 13 33  56
T 2  1 13 182  62
T 2  1 13 2  57
T 2  -2 13 33  58
ROW 0 -6 2
T 1  -17 13 13  59
T 2  2 13 13  60
ROW 0 -5 5
T 0  15 2 11  54
T 1  -34 13 6  55
T 1  -30 13 11  56
T 2  4 13 6  57
T 2  2 13 11  58
ROW 0 -4 5
T 0  15 1 5  49
T 1  -17 13 33  50
T 1  -60 13 5  51
T 2  2 13 33  52
T 2  4 13 5  53
ROW 0 -3 5
T 0  45 2 3  44
T 1  -34 13 10  45
T 1  -90 13 3  46
T 2  4 13 10  47
T 2  6 13 3  48
ROW 0 -2 5
T 0  30 1 2  39
T 1  -51 13 5  40
T 1  -120 13 2  41
T 2  6 13 5  42
T 2  8 13 2  43
ROW 0 -1 5
T 0  15 2 35  34
T 1  -68 13 3  35
T 1  -30 13 35  36
T 2  8 13 3  37
T 2  2 13 35  38
ROW 0 0 5
T 0  45 1 1  29
T 1  -119 13 1  30
T 1  -180 13 1  31
T 2  14 13 1  32
T 2  12 13 1  33
ROW 0 1 5
T 0  15 2 35  24
T 1  -68 13 3  25
T 1  -30 13 35  26
T 2  8 13 3  27
T 2  2 13 35  28
ROW 0 2 5
T 0  30 1 2  19
T 1  -51 13 5  20
T 1  -120 13 2  21
T 2  6 13 5  22
T 2  8 13 2  23
ROW 0 3 5
T 0  45 2 3  14
T 1  -34 13 10  15
T 1  -90 13 3  16
T 2  4 13 10  17
T 2  6 13 3  18
ROW 0 4 5
T 0  15 1 5  7
T 1  -17 13 33  8
T 1  -60 13 5  10
T 2  2 13 33  11
T 2  4 13 5  13
ROW 0 5 5
T 0  15 2 11  0
T 1  -34 13 6  1
T 1  -30 13 11  3
T 2  4 13 6  4
T 2  2 13 11  6
ROW 0 6 2
T 1  -17 13 13  9
T 2  2 13 13  12
ROW 1 -6 7
T 0  15 2 33  54
T 1  -17 26 182  61
T 1  17 26 2  55
T 1  -30 13 33  56
T 2  1 13 182  62
T 2  -1 13 2  57
T 2  2 13 33  58
ROW 1 -5 7
T 0  15 4 110  49
T 1  -17 13 39  59
T 1  17 26 6  50
T 1  -15 13 110  51
T 2  2 13 39  60
T 2  -1 13 6  52
T 2  1 13 110  53
ROW 1 -4 10
T 0  -15 4 2  54
T 0  45 4 10  44
T 1  -17 13 33  55
T 1  17 13 3  45
T 1  15 13 2  56
T 1  -45 13 10  46
T 2  2 13 33  57
T 2  -2 13 3  47
T 2  -1 13 2  58
T 2  3 13 10  48
ROW 1 -3 10
T 0  -15 4 6  49
T 0  45 2 2  39
T 1  -17 26 110  50
T 1  17 13 5  40
T 1  15 13 6  51
T 1  -90 13 2  41
T 2  1 13 110  52
T 2  -2 13 5  42
T 2  -1 13 6  53
T 2  6 13 2  43
ROW 1 -2 10
T 0  -15 2 3  44
T 0  15 2 14  34
T 1  -51 26 10  45
T 1  17 26 30  35
T 1  30 13 3  46
T 1  -30 13 14  36
T 2  3 13 10  47
T 2  -1 13 30  37
T 2  -2 13 3  48
T 2  2 13 14  38
ROW 1 -1 5
T 0  -15 2 5  39
T 1  -51 13 2  40
T 1  30 13 5  41
T 2  6 13 2  42
T 2  -2 13 5  43
ROW 1 0 5
T 0  -15 2 15  24
T 1  -34 13 7  25
T 1  30 13 15  26
T 2  4 13 7  27
T 2  -2 13 15  28
ROW 1 1 10
T 0  15 2 21  29
T 0  -15 2 5  19
T 1  17 13 21  30
T 1  -51 13 2  20
T 1  -30 13 21  31
T 1  30 13 5  21
T 2  -2 13 21  32
T 2  6 13 2  22
T 2  2 13 21  33
T 2  -2 13 5  23
ROW 1 2 10
T 0  15 2 14  24
T 0  -15 2 3  14
T 1  17 26 30  25
T 1  -51 26 10  15
T 1  -30 13 14  26
T 1  30 13 3  16
T 2  -1 13 30  27
T 2  3 13 10  17
T 2  2 13 14  28
T 2  -2 13 3  18
ROW 1 3 10
T 0  45 2 2  19
T 0  -15 4 6  7
T 1  17 13 5  20
T 1  -17 26 110  8
T 1  -90 13 2  21
T 1  15 13 6  10
T 2  -2 13 5  22
T 2  1 13 110  11
T 2  6 13 2  23
T 2  -1 13 6  13
ROW 1 4 10
T 0  45 4 10  14
T 0  -15 4 2  0
T 1  17 13 3  15
T 1  -17 13 33  1
T 1  -45 13 10  16
T 1  15 13 2  3
T 2  -2 13 3  17
T 2  2 13 33  4
T 2  3 13 10  18
T 2  -1 13 2  6
ROW 1 5 7
T 0  15 4 110  7
T 1  17 26 6  8
T 1  -17 13 39  9
T 1  -15 13 110  10
T 2  -1 13 6  11
T 2  2 13 39  12
T 2  1 13 110  13
ROW 1 6 7
T 0  15 2 33  0
T 1  17 26 2  1
T 1  -17 26 182  2
T 1  -30 13 33  3
T 2  -1 13 2  4
T 2  1 13 182  5
T 2  2 13 33  6
