FORMAT 1
KERNEL T
SOURCE (s|S|s)
SHELLS 2 6

# E <id> <alpha> <beta> <mu> <p>
E 0 4 0 1 -6
E 1 4 0 2 -6
E 2 4 0 3 -6
E 3 4 0 4 -6

# G <id> <2k> <L> <M>
G 0 0 4 4
G 1 0 6 4
G 2 2 4 4
G 3 0 8 4
G 4 0 8 8
G 5 2 6 4
G 6 4 4 4
G 7 2 8 4
G 8 2 8 8
G 9 4 6 4
G 10 6 4 4
G 11 0 4 3
G 12 0 6 3
G 13 2 4 3
G 14 0 8 3
G 15 0 8 7
G 16 2 6 3
G 17 4 4 3
G 18 2 8 3
G 19 2 8 7
G 20 4 6 3
G 21 6 4 3
G 22 0 4 2
G 23 0 6 2
G 24 0 6 6
G 25 2 4 2
G 26 0 8 2
G 27 0 8 6
G 28 2 6 2
G 29 2 6 6
G 30 4 4 2
G 31 2 8 2
G 32 2 8 6
G 33 4 6 2
G 34 4 6 6
G 35 6 4 2
G 36 0 4 1
G 37 0 6 1
G 38 0 6 5
G 39 2 4 1
G 40 0 8 1
G 41 0 8 5
G 42 2 6 1
G 43 2 6 5
G 44 4 4 1
G 45 2 8 1
G 46 2 8 5
G 47 4 6 1
G 48 4 6 5
G 49 6 4 1
G 50 0 4 0
G 51 0 6 0
G 52 2 4 0
G 53 0 8 0
G 54 2 6 0
G 55 4 4 0
G 56 2 8 0
G 57 4 6 0
G 58 6 4 0
G 59 0 4 -2
G 60 0 6 -2
G 61 2 4 -2
G 62 0 8 -2
G 63 2 6 -2
G 64 4 4 -2
G 65 2 8 -2
G 66 4 6 -2
G 67 6 4 -2
G 68 0 4 -3
G 69 0 4 -1
G 70 0 6 -3
G 71 0 6 -1
G 72 2 4 -3
G 73 2 4 -1
G 74 0 8 -3
G 75 0 8 -1
G 76 2 6 -3
G 77 2 6 -1
G 78 4 4 -3
G 79 4 4 -1
G 80 2 8 -3
G 81 2 8 -1
G 82 4 6 -3
G 83 4 6 -1
G 84 6 4 -3
G 85 6 4 -1
G 86 0 4 -4
G 87 0 6 -4
G 88 2 4 -4
G 89 0 8 -4
G 90 2 6 -4
G 91 4 4 -4
G 92 2 8 -4
G 93 4 6 -4
G 94 6 4 -4
G 95 0 6 -5
G 96 0 8 -5
G 97 2 6 -5
G 98 2 8 -5
G 99 4 6 -5
G 100 0 6 -6
G 101 0 8 -6
G 102 2 6 -6
G 103 2 8 -6
G 104 4 6 -6
G 105 0 8 -7
G 106 2 8 -7
G 107 0 8 -8
G 108 2 8 -8

# TABLE <l> <l'> <rows> [SYMMETRIC]
# ROW <m> <m'> <terms>
# T <prefactor> <num> <den> <radicand> <geometry>

TABLE 2 6 65
ROW -2 -6 11
T 0  135 8 110  0
T 1  51 22 22  1
T 1  -405 44 110  2
T 2  19 130 2  3
T 2  -19 65 910  4
T 2  -34 55 22  5
T 2  405 286 110  6
T 3  -1 65 2  7
T 3  2 65 910  8
T 3  2 55 22  9
T 3  -9 143 110  10
ROW -2 -5 11
T 0  45 4 165  11
T 1  51 22 55  12
T 1  -135 22 165  13
T 2  19 130 10  14
T 2  -19 130 2730  15
T 2  -34 55 55  16
T 2  135 143 165  17
T 3  -1 65 10  18
T 3  1 65 2730  19
T 3  2 55 55  20
T 3  -6 143 165  21
ROW -2 -4 14
T 0  45 4 105  22
T 1  153 22 10  23
T 1  -51 22 22  24
T 1  -135 22 105  25
T 2  19 130 30  26
T 2  -19 130 2002  27
T 2  -102 55 10  28
T 2  34 55 22  29
T 2  135 143 105  30
T 3  -1 65 30  31
T 3  1 65 2002  32
T 3  6 55 10  33
T 3  -2 55 22  34
T 3  -6 143 105  35
ROW -2 -3 14
T 0  135 4 7  36
T 1  51 11 30  37
T 1  -51 22 55  38
T 1  -405 22 7  39
T 2  19 130 70  40
T 2  -19 130 1430  41
T 2  -68 55 30  42
T 2  34 55 55  43
T 2  405 143 7  44
T 3  -1 65 70  45
T 3  1 65 1430  46
T 3  4 55 30  47
T 3  -2 55 55  48
T 3  -18 143 7  49
ROW -2 -2 18
T 0  45 4 70  50
T 0  -45 8 2  0
T 1  51 11 70  51
T 1  -153 22 10  1
T 1  -135 22 70  52
T 1  135 44 2  2
T 2  19 65 70  53
T 2  -57 130 110  3
T 2  -68 55 70  54
T 2  102 55 10  5
T 2  135 143 70  55
T 2  -135 286 2  6
T 3  -2 65 70  56
T 3  3 65 110  7
T 3  4 55 70  57
T 3  -6 55 10  9
T 3  -6 143 70  58
T 3  3 143 2  10
ROW -2 -1 18
T 0  -45 8 70  36
T 0  -45 8 10  11
T 1  -357 22 3  37
T 1  -51 11 30  12
T 1  135 44 70  39
T 1  135 44 10  13
T 2  -57 65 7  40
T 2  -19 65 165  14
T 2  238 55 3  42
T 2  68 55 30  16
T 2  -135 286 70  44
T 2  -135 286 10  17
T 3  6 65 7  45
T 3  2 65 165  18
T 3  -14 55 3  47
T 3  -4 55 30  20
T 3  3 143 70  49
T 3  3 143 10  21
ROW -2 0 9
T 0  45 4 15  59
T 1  51 11 70  60
T 1  -135 22 15  61
T 2  19 65 210  62
T 2  -68 55 70  63
T 2  135 143 15  64
T 3  -2 65 210  65
T 3  4 55 70  66
T 3  -6 143 15  67
ROW -2 1 18
T 0  45 8 10  68
T 0  -45 8 70  69
T 1  51 11 30  70
T 1  -357 22 3  71
T 1  -135 44 10  72
T 1  135 44 70  73
T 2  19 65 165  74
T 2  -57 65 7  75
T 2  -68 55 30  76
T 2  238 55 3  77
T 2  135 286 10  78
T 2  -135 286 70  79
T 3  -2 65 165  80
T 3  6 65 7  81
T 3  4 55 30  82
T 3  -14 55 3  83
T 3  -3 143 10  84
T 3  3 143 70  85
ROW -2 2 9
T 0  45 8 2  86
T 1  153 22 10  87
T 1  -135 44 2  88
T 2  57 130 110  89
T 2  -102 55 10  90
T 2  135 286 2  91
T 3  -3 65 110  92
T 3  6 55 10  93
T 3  -3 143 2  94
ROW -2 3 14
T 0  -135 4 7  69
T 1  51 22 55  95
T 1  -51 11 30  71
T 1  405 22 7  73
T 2  19 130 1430  96
T 2  -19 130 70  75
T 2  -34 55 55  97
T 2  68 55 30  77
T 2  -405 143 7  79
T 3  -1 65 1430  98
T 3  1 65 70  81
T 3  2 55 55  99
T 3  -4 55 30  83
T 3  18 143 7  85
ROW -2 4 14
T 0  -45 4 105  59
T 1  51 22 22  100
T 1  -153 22 10  60
T 1  135 22 105  61
T 2  19 130 2002  101
T 2  -19 130 30  62
T 2  -34 55 22  102
T 2  102 55 10  63
T 2  -135 143 105  64
T 3  -1 65 2002  103
T 3  1 65 30  65
T 3  2 55 22  104
T 3  -6 55 10  66
T 3  6 143 105  67
ROW -2 5 11
T 0  -45 4 165  68
T 1  -51 22 55  70
T 1  135 22 165  72
T 2  19 130 2730  105
T 2  -19 130 10  74
T 2  34 55 55  76
T 2  -135 143 165  78
T 3  -1 65 2730  106
T 3  1 65 10  80
T 3  -2 55 55  82
T 3  6 143 165  84
ROW -2 6 11
T 0  -135 8 110  86
T 1  -51 22 22  87
T 1  405 44 110  88
T 2  19 65 910  107
T 2  -19 130 2  89
T 2  34 55 22  90
T 2  -405 286 110  91
T 3  -2 65 910  108
T 3  1 65 2  92
T 3  -2 55 22  93
T 3  9 143 110  94
ROW -1 -6 7
T 1  -51 2 1  38
T 2  -19 130 26  41
T 2  -19 130 910  15
T 2  34 5 1  43
T 3  1 65 26  46
T 3  1 65 910  19
T 3  -2 5 1  48
ROW -1 -5 14
T 0  45 8 330  0
T 1  -153 44 66  1
T 1  51 2 1  24
T 1  -135 44 330  2
T 2  -38 65 6  3
T 2  -38 65 91  27
T 2  51 55 66  5
T 2  -34 5 1  29
T 2  135 286 330  6
T 3  4 65 6  7
T 3  4 65 91  32
T 3  -3 55 66  9
T 3  2 5 1  34
T 3  -3 143 330  10
ROW -1 -4 14
T 0  45 2 30  11
T 1  -357 44 10  12
T 1  153 44 66  38
T 1  -135 11 30  13
T 2  -19 65 55  14
T 2  -19 65 429  41
T 2  119 55 10  16
T 2  -51 55 66  43
T 2  270 143 30  17
T 3  2 65 55  18
T 3  2 65 429  46
T 3  -7 55 10  20
T 3  3 55 66  48
T 3  -12 143 30  21
ROW -1 -3 18
T 0  135 4 14  22
T 0  135 8 2  0
T 1  -255 22 3  23
T 1  357 44 10  1
T 1  -405 22 14  25
T 1  -405 44 2  2
T 2  -38 13 1  26
T 2  -38 65 110  3
T 2  34 11 3  28
T 2  -119 55 10  5
T 2  405 143 14  30
T 2  405 286 2  6
T 3  4 13 1  31
T 3  4 65 110  7
T 3  -2 11 3  33
T 3  7 55 10  9
T 3  -18 143 14  35
T 3  -9 143 2  10
ROW -1 -2 18
T 0  45 1 7  36
T 0  45 1 1  11
T 1  -51 22 30  37
T 1  255 22 3  12
T 1  -270 11 7  39
T 1  -270 11 1  13
T 2  -57 130 70  40
T 2  -19 26 66  14
T 2  34 55 30  42
T 2  -34 11 3  16
T 2  540 143 7  44
T 2  540 143 1  17
T 3  3 65 70  45
T 3  1 13 66  18
T 3  -2 55 30  47
T 3  2 11 3  20
T 3  -24 143 7  49
T 3  -24 143 1  21
ROW -1 -1 18
T 0  225 4 7  50
T 0  45 4 35  22
T 1  -51 22 7  51
T 1  51 22 30  23
T 1  -675 22 7  52
T 1  -135 22 35  25
T 2  -152 65 7  53
T 2  -114 65 10  26
T 2  34 55 7  54
T 2  -34 55 30  28
T 2  675 143 7  55
T 2  135 143 35  30
T 3  16 65 7  56
T 3  12 65 10  31
T 3  -2 55 7  57
T 3  2 55 30  33
T 3  -30 143 7  58
T 3  -6 143 35  35
ROW -1 0 9
T 0  -45 2 30  69
T 1  -51 22 7  71
T 1  135 11 30  73
T 2  266 65 3  75
T 2  34 55 7  77
T 2  -270 143 30  79
T 3  -28 65 3  81
T 3  -2 55 7  83
T 3  12 143 30  85
ROW -1 1 9
T 0  -45 4 35  59
T 1  -51 22 30  60
T 1  135 22 35  61
T 2  114 65 10  62
T 2  34 55 30  63
T 2  -135 143 35  64
T 3  -12 65 10  65
T 3  -2 55 30  66
T 3  6 143 35  67
ROW -1 2 18
T 0  -45 1 1  68
T 0  -45 1 7  69
T 1  -255 22 3  70
T 1  51 22 30  71
T 1  270 11 1  72
T 1  270 11 7  73
T 2  19 26 66  74
T 2  57 130 70  75
T 2  34 11 3  76
T 2  -34 55 30  77
T 2  -540 143 1  78
T 2  -540 143 7  79
T 3  -1 13 66  80
T 3  -3 65 70  81
T 3  -2 11 3  82
T 3  2 55 30  83
T 3  24 143 1  84
T 3  24 143 7  85
ROW -1 3 18
T 0  -135 8 2  86
T 0  -135 4 14  59
T 1  -357 44 10  87
T 1  255 22 3  60
T 1  405 44 2  88
T 1  405 22 14  61
T 2  38 65 110  89
T 2  38 13 1  62
T 2  119 55 10  90
T 2  -34 11 3  63
T 2  -405 286 2  91
T 2  -405 143 14  64
T 3  -4 65 110  92
T 3  -4 13 1  65
T 3  -7 55 10  93
T 3  2 11 3  66
T 3  9 143 2  94
T 3  18 143 14  67
ROW -1 4 14
T 0  -45 2 30  68
T 1  -153 44 66  95
T 1  357 44 10  70
T 1  135 11 30  72
T 2  19 65 429  96
T 2  19 65 55  74
T 2  51 55 66  97
T 2  -119 55 10  76
T 2  -270 143 30  78
T 3  -2 65 429  98
T 3  -2 65 55  80
T 3  -3 55 66  99
T 3  7 55 10  82
T 3  12 143 30  84
ROW -1 5 14
T 0  -45 8 330  86
T 1  -51 2 1  100
T 1  153 44 66  87
T 1  135 44 330  88
T 2  38 65 91  101
T 2  38 65 6  89
T 2  34 5 1  102
T 2  -51 55 66  90
T 2  -135 286 330  91
T 3  -4 65 91  103
T 3  -4 65 6  92
T 3  -2 5 1  104
T 3  3 55 66  93
T 3  3 143 330  94
ROW -1 6 7
T 1  51 2 1  95
T 2  19 130 910  105
T 2  19 130 26  96
T 2  -34 5 1  97
T 3  -1 65 910  106
T 3  -1 65 26  98
T 3  2 5 1  99
ROW 0 -6 5
T 1  51 1 1  100
T 2  19 65 91  101
T 2  -68 5 1  102
T 3  -2 65 91  103
T 3  4 5 1  104
ROW 0 -5 5
T 1  51 2 1  95
T 2  57 65 26  96
T 2  -34 5 1  97
T 3  -6 65 26  98
T 3  2 5 1  99
ROW 0 -4 9
T 0  135 4 5  86
T 1  51 11 1  87
T 1  -405 22 5  88
T 2  114 65 11  89
T 2  -68 55 1  90
T 2  405 143 5  91
T 3  -12 65 11  92
T 3  4 55 1  93
T 3  -18 143 5  94
ROW 0 -3 9
T 0  135 2 3  68
T 1  -255 22 1  70
T 1  -405 11 3  72
T 2  19 13 22  74
T 2  34 11 1  76
T 2  810 143 3  78
T 3  -2 13 22  80
T 3  -2 11 1  82
T 3  -36 143 3  84
ROW 0 -2 9
T 0  45 2 42  59
T 1  -255 11 1  60
T 1  -135 11 42  61
T 2  57 13 3  62
T 2  68 11 1  63
T 2  270 143 42  64
T 3  -6 13 3  65
T 3  -4 11 1  66
T 3  -12 143 42  67
ROW 0 -1 9
T 0  45 4 210  69
T 1  -663 22 1  71
T 1  -135 22 210  73
T 2  114 65 21  75
T 2  442 55 1  77
T 2  135 143 210  79
T 3  -12 65 21  81
T 3  -26 55 1  83
T 3  -6 143 210  85
ROW 0 0 9
T 0  675 4 1  50
T 1  -357 11 1  51
T 1  -2025 22 1  52
T 2  532 65 1  53
T 2  476 55 1  54
T 2  2025 143 1  55
T 3  -56 65 1  56
T 3  -28 55 1  57
T 3  -90 143 1  58
ROW 0 1 9
T 0  45 4 210  36
T 1  -663 22 1  37
T 1  -135 22 210  39
T 2  114 65 21  40
T 2  442 55 1  42
T 2  135 143 210  44
T 3  -12 65 21  45
T 3  -26 55 1  47
T 3  -6 143 210  49
ROW 0 2 9
T 0  45 2 42  22
T 1  -255 11 1  23
T 1  -135 11 42  25
T 2  57 13 3  26
T 2  68 11 1  28
T 2  270 143 42  30
T 3  -6 13 3  31
T 3  -4 11 1  33
T 3  -12 143 42  35
ROW 0 3 9
T 0  135 2 3  11
T 1  -255 22 1  12
T 1  -405 11 3  13
T 2  19 13 22  14
T 2  34 11 1  16
T 2  810 143 3  17
T 3  -2 13 22  18
T 3  -2 11 1  20
T 3  -36 143 3  21
ROW 0 4 9
T 0  135 4 5  0
T 1  51 11 1  1
T 1  -405 22 5  2
T 2  114 65 11  3
T 2  -68 55 1  5
T 2  405 143 5  6
T 3  -12 65 11  7
T 3  4 55 1  9
T 3  -18 143 5  10
ROW 0 5 5
T 1  51 2 1  38
T 2  57 65 26  41
T 2  -34 5 1  43
T 3  -6 65 26  46
T 3  2 5 1  48
ROW 0 6 5
T 1  51 1 1  24
T 2  19 65 91  27
T 2  -68 5 1  29
T 3  -2 65 91  32
T 3  4 5 1  34
ROW 1 -6 7
T 1  -51 2 1  95
T 2  19 130 910  105
T 2  -19 130 26  96
T 2  34 5 1  97
T 3  -1 65 910  106
T 3  1 65 26  98
T 3  -2 5 1  99
ROW 1 -5 14
T 0  45 8 330  86
T 1  -51 2 1  100
T 1  -153 44 66  87
T 1  -135 44 330  88
T 2  38 65 91  101
T 2  -38 65 6  89
T 2  34 5 1  102
T 2  51 55 66  90
T 2  135 286 330  91
T 3  -4 65 91  103
T 3  4 65 6  92
T 3  -2 5 1  104
T 3  -3 55 66  93
T 3  -3 143 330  94
ROW 1 -4 14
T 0  45 2 30  68
T 1  -153 44 66  95
T 1  -357 44 10  70
T 1  -135 11 30  72
T 2  19 65 429  96
T 2  -19 65 55  74
T 2  51 55 66  97
T 2  119 55 10  76
T 2  270 143 30  78
T 3  -2 65 429  98
T 3  2 65 55  80
T 3  -3 55 66  99
T 3  -7 55 10  82
T 3  -12 143 30  84
ROW 1 -3 18
T 0  -135 8 2  86
T 0  135 4 14  59
T 1  -357 44 10  87
T 1  -255 22 3  60
T 1  405 44 2  88
T 1  -405 22 14  61
T 2  38 65 110  89
T 2  -38 13 1  62
T 2  119 55 10  90
T 2  34 11 3  63
T 2  -405 286 2  91
T 2  405 143 14  64
T 3  -4 65 110  92
T 3  4 13 1  65
T 3  -7 55 10  93
T 3  -2 11 3  66
T 3  9 143 2  94
T 3  -18 143 14  67
ROW 1 -2 18
T 0  -45 1 1  68
T 0  45 1 7  69
T 1  -255 22 3  70
T 1  -51 22 30  71
T 1  270 11 1  72
T 1  -270 11 7  73
T 2  19 26 66  74
T 2  -57 130 70  75
T 2  34 11 3  76
T 2  34 55 30  77
T 2  -540 143 1  78
T 2  540 143 7  79
T 3  -1 13 66  80
T 3  3 65 70  81
T 3  -2 11 3  82
T 3  -2 55 30  83
T 3  24 143 1  84
T 3  -24 143 7  85
ROW 1 -1 9
T 0  -45 4 35  59
T 1  -51 22 30  60
T 1  135 22 35  61
T 2  114 65 10  62
T 2  34 55 30  63
T 2  -135 143 35  64
T 3  -12 65 10  65
T 3  -2 55 30  66
T 3  6 143 35  67
ROW 1 0 9
T 0  -45 2 30  36
T 1  -51 22 7  37
T 1  135 11 30  39
T 2  266 65 3  40
T 2  34 55 7  42
T 2  -270 143 30  44
T 3  -28 65 3  45
T 3  -2 55 7  47
T 3  12 143 30  49
ROW 1 1 18
T 0  225 4 7  50
T 0  -45 4 35  22
T 1  -51 22 7  51
T 1  -51 22 30  23
T 1  -675 22 7  52
T 1  135 22 35  25
T 2  -152 65 7  53
T 2  114 65 10  26
T 2  34 55 7  54
T 2  34 55 30  28
T 2  675 143 7  55
T 2  -135 143 35  30
T 3  16 65 7  56
T 3  -12 65 10  31
T 3  -2 55 7  57
T 3  -2 55 30  33
T 3  -30 143 7  58
T 3  6 143 35  35
ROW 1 2 18
T 0  45 1 7  36
T 0  -45 1 1  11
T 1  -51 22 30  37
T 1  -255 22 3  12
T 1  -270 11 7  39
T 1  270 11 1  13
T 2  -57 130 70  40
T 2  19 26 66  14
T 2  34 55 30  42
T 2  34 11 3  16
T 2  540 143 7  44
T 2  -540 143 1  17
T 3  3 65 70  45
T 3  -1 13 66  18
T 3  -2 55 30  47
T 3  -2 11 3  20
T 3  -24 143 7  49
T 3  24 143 1  21
ROW 1 3 18
T 0  135 4 14  22
T 0  -135 8 2  0
T 1  -255 22 3  23
T 1  -357 44 10  1
T 1  -405 22 14  25
T 1  405 44 2  2
T 2  -38 13 1  26
T 2  38 65 110  3
T 2  34 11 3  28
T 2  119 55 10  5
T 2  405 143 14  30
T 2  -405 286 2  6
T 3  4 13 1  31
T 3  -4 65 110  7
T 3  -2 11 3  33
T 3  -7 55 10  9
T 3  -18 143 14  35
T 3  9 143 2  10
ROW 1 4 14
T 0  45 2 30  11
T 1  -357 44 10  12
T 1  -153 44 66  38
T 1  -135 11 30  13
T 2  -19 65 55  14
T 2  19 65 429  41
T 2  119 55 10  16
T 2  51 55 66  43
T 2  270 143 30  17
T 3  2 65 55  18
T 3  -2 65 429  46
T 3  -7 55 10  20
T 3  -3 55 66  48
T 3  -12 143 30  21
ROW 1 5 14
T 0  45 8 330  0
T 1  -153 44 66  1
T 1  -51 2 1  24
T 1  -135 44 330  2
T 2  -38 65 6  3
T 2  38 65 91  27
T 2  51 55 66  5
T 2  34 5 1  29
T 2  135 286 330  6
T 3  4 65 6  7
T 3  -4 65 91  32
T 3  -3 55 66  9
T 3  -2 5 1  34
T 3  -3 143 330  10
ROW 1 6 7
T 1  -51 2 1  38
T 2  -19 130 26  41
T 2  19 130 910  15
T 2  34 5 1  43
T 3  1 65 26  46
T 3  -1 65 910  19
T 3  -2 5 1  48
ROW 2 -6 11
T 0  135 8 110  86
T 1  51 22 22  87
T 1  -405 44 110  88
T 2  19 65 910  107
T 2  19 130 2  89
T 2  -34 55 22  90
T 2  405 286 110  91
T 3  -2 65 910  108
T 3  -1 65 2  92
T 3  2 55 22  93
T 3  -9 143 110  94
ROW 2 -5 11
T 0  45 4 165  68
T 1  51 22 55  70
T 1  -135 22 165  72
T 2  19 130 2730  105
T 2  19 130 10  74
T 2  -34 55 55  76
T 2  135 143 165  78
T 3  -1 65 2730  106
T 3  -1 65 10  80
T 3  2 55 55  82
T 3  -6 143 165  84
ROW 2 -4 14
T 0  45 4 105  59
T 1  51 22 22  100
T 1  153 22 10  60
T 1  -135 22 105  61
T 2  19 130 2002  101
T 2  19 130 30  62
T 2  -34 55 22  102
T 2  -102 55 10  63
T 2  135 143 105  64
T 3  -1 65 2002  103
T 3  -1 65 30  65
T 3  2 55 22  104
T 3  6 55 10  66
T 3  -6 143 105  67
ROW 2 -3 14
T 0  135 4 7  69
T 1  51 22 55  95
T 1  51 11 30  71
T 1  -405 22 7  73
T 2  19 130 1430  96
T 2  19 130 70  75
T 2  -34 55 55  97
T 2  -68 55 30  77
T 2  405 143 7  79
T 3  -1 65 1430  98
T 3  -1 65 70  81
T 3  2 55 55  99
T 3  4 55 30  83
T 3  -18 143 7  85
ROW 2 -2 9
T 0  45 8 2  86
T 1  153 22 10  87
T 1  -135 44 2  88
T 2  57 130 110  89
T 2  -102 55 10  90
T 2  135 286 2  91
T 3  -3 65 110  92
T 3  6 55 10  93
T 3  -3 143 2  94
ROW 2 -1 18
T 0  45 8 10  68
T 0  45 8 70  69
T 1  51 11 30  70
T 1  357 22 3  71
T 1  -135 44 10  72
T 1  -135 44 70  73
T 2  19 65 165  74
T 2  57 65 7  75
T 2  -68 55 30  76
T 2  -238 55 3  77
T 2  135 286 10  78
T 2  135 286 70  79
T 3  -2 65 165  80
T 3  -6 65 7  81
T 3  4 55 30  82
T 3  14 55 3  83
T 3  -3 143 10  84
T 3  -3 143 70  85
ROW 2 0 9
T 0  45 4 15  22
T 1  51 11 70  23
T 1  -135 22 15  25
T 2  19 65 210  26
T 2  -68 55 70  28
T 2  135 143 15  30
T 3  -2 65 210  31
T 3  4 55 70  33
T 3  -6 143 15  35
ROW 2 1 18
T 0  -45 8 70  36
T 0  45 8 10  11
T 1  -357 22 3  37
T 1  51 11 30  12
T 1  135 44 70  39
T 1  -135 44 10  13
T 2  -57 65 7  40
T 2  19 65 165  14
T 2  238 55 3  42
T 2  -68 55 30  16
T 2  -135 286 70  44
T 2  135 286 10  17
T 3  6 65 7  45
T 3  -2 65 165  18
T 3  -14 55 3  47
T 3  4 55 30  20
T 3  3 143 70  49
T 3  -3 143 10  21
ROW 2 2 18
T 0  45 4 70  50
T 0  45 8 2  0
T 1  51 11 70  51
T 1  153 22 10  1
T 1  -135 22 70  52
T 1  -135 44 2  2
T 2  19 65 70  53
T 2  57 130 110  3
T 2  -68 55 70  54
T 2  -102 55 10  5
T 2  135 143 70  55
T 2  135 286 2  6
T 3  -2 65 70  56
T 3  -3 65 110  7
T 3  4 55 70  57
T 3  6 55 10  9
T 3  -6 143 70  58
T 3  -3 143 2  10
ROW 2 3 14
T 0  135 4 7  36
T 1  51 11 30  37
T 1  51 22 55  38
T 1  -405 22 7  39
T 2  19 130 70  40
T 2  19 130 1430  41
T 2  -68 55 30  42
T 2  -34 55 55  43
T 2  405 143 7  44
T 3  -1 65 70  45
T 3  -1 65 1430  46
T 3  4 55 30  47
T 3  2 55 55  48
T 3  -18 143 7  49
ROW 2 4 14
T 0  45 4 105  22
T 1  153 22 10  23
T 1  51 22 22  24
T 1  -135 22 105  25
T 2  19 130 30  26
T 2  19 130 2002  27
T 2  -102 55 10  28
T 2  -34 55 22  29
T 2  135 143 105  30
T 3  -1 65 30  31
T 3  -1 65 2002  32
T 3  6 55 10  33
T 3  2 55 22  34
T 3  -6 143 105  35
ROW 2 5 11
T 0  45 4 165  11
T 1  51 22 55  12
T 1  -135 22 165  13
T 2  19 130 10  14
T 2  19 130 2730  15
T 2  -34 55 55  16
T 2  135 143 165  17
T 3  -1 65 10  18
T 3  -1 65 2730  19
T 3  2 55 55  20
T 3  -6 143 165  21
ROW 2 6 11
T 0  135 8 110  0
T 1  51 22 22  1
T 1  -405 44 110  2
T 2  19 130 2  3
T 2  19 65 910  4
T 2  -34 55 22  5
T 2  405 286 110  6
T 3  -1 65 2  7
T 3  -2 65 910  8
T 3  2 55 22  9
T 3  -9 143 110  10
