FORMAT 1
KERNEL T
SOURCE (s|S|s)
SHELLS 1 5

# E <id> <alpha> <beta> <mu> <p>
E 0 4 0 1 -5
E 1 4 0 2 -5
E 2 4 0 3 -5

# G <id> <2k> <L> <M>
G 0 0 4 4
G 1 0 6 4
G 2 0 6 6
G 3 2 4 4
G 4 2 6 4
G 5 2 6 6
G 6 4 4 4
G 7 0 4 3
G 8 0 6 3
G 9 0 6 5
G 10 2 4 3
G 11 2 6 3
G 12 2 6 5
G 13 4 4 3
G 14 0 4 2
G 15 0 6 2
G 16 2 4 2
G 17 2 6 2
G 18 4 4 2
G 19 0 4 1
G 20 0 6 1
G 21 2 4 1
G 22 2 6 1
G 23 4 4 1
G 24 0 4 0
G 25 0 6 0
G 26 2 4 0
G 27 2 6 0
G 28 4 4 0
G 29 0 4 -1
G 30 0 6 -1
G 31 2 4 -1
G 32 2 6 -1
G 33 4 4 -1
G 34 0 4 -2
G 35 0 6 -2
G 36 2 4 -2
G 37 2 6 -2
G 38 4 4 -2
G 39 0 4 -3
G 40 0 6 -3
G 41 2 4 -3
G 42 2 6 -3
G 43 4 4 -3
G 44 0 4 -4
G 45 0 6 -4
G 46 2 4 -4
G 47 2 6 -4
G 48 4 4 -4
G 49 0 6 -5
G 50 2 6 -5
G 51 0 6 -6
G 52 2 6 -6

# TABLE <l> <l'> <rows> [SYMMETRIC]
# ROW <m> <m'> <terms>
# T <prefactor> <num> <den> <radicand> <geometry>

TABLE 1 5 33
ROW -1 -5 7
T 0  39 4 10  0
T 1  15 22 2  1
T 1  15 11 33  2
T 1  -39 11 10  3
T 2  -1 11 2  4
T 2  -2 11 33  5
T 2  3 11 10  6
ROW -1 -4 7
T 0  39 2 2  7
T 1  15 22 6  8
T 1  15 22 110  9
T 1  -78 11 2  10
T 2  -1 11 6  11
T 2  -1 11 110  12
T 2  6 11 2  13
ROW -1 -3 10
T 0  13 2 14  14
T 0  13 4 2  0
T 1  15 11 3  15
T 1  45 22 10  1
T 1  -26 11 14  16
T 1  -13 11 2  3
T 2  -2 11 3  17
T 2  -3 11 10  4
T 2  2 11 14  18
T 2  1 11 2  6
ROW -1 -2 10
T 0  13 4 42  19
T 0  13 4 6  7
T 1  15 11 5  20
T 1  45 11 2  8
T 1  -13 11 42  21
T 1  -13 11 6  10
T 2  -2 11 5  22
T 2  -6 11 2  11
T 2  1 11 42  23
T 2  1 11 6  13
ROW -1 -1 10
T 0  13 2 15  24
T 0  13 2 3  14
T 1  15 11 15  25
T 1  15 11 14  15
T 1  -26 11 15  26
T 1  -26 11 3  16
T 2  -2 11 15  27
T 2  -2 11 14  17
T 2  2 11 15  28
T 2  2 11 3  18
ROW -1 0 5
T 0  -13 2 10  29
T 1  -15 11 21  30
T 1  26 11 10  31
T 2  2 11 21  32
T 2  -2 11 10  33
ROW -1 1 5
T 0  -13 2 3  34
T 1  -15 11 14  35
T 1  26 11 3  36
T 2  2 11 14  37
T 2  -2 11 3  38
ROW -1 2 10
T 0  -13 4 6  39
T 0  -13 4 42  29
T 1  -45 11 2  40
T 1  -15 11 5  30
T 1  13 11 6  41
T 1  13 11 42  31
T 2  6 11 2  42
T 2  2 11 5  32
T 2  -1 11 6  43
T 2  -1 11 42  33
ROW -1 3 10
T 0  -13 4 2  44
T 0  -13 2 14  34
T 1  -45 22 10  45
T 1  -15 11 3  35
T 1  13 11 2  46
T 1  26 11 14  36
T 2  3 11 10  47
T 2  2 11 3  37
T 2  -1 11 2  48
T 2  -2 11 14  38
ROW -1 4 7
T 0  -39 2 2  39
T 1  -15 22 110  49
T 1  -15 22 6  40
T 1  78 11 2  41
T 2  1 11 110  50
T 2  1 11 6  42
T 2  -6 11 2  43
ROW -1 5 7
T 0  -39 4 10  44
T 1  -15 11 33  51
T 1  -15 22 2  45
T 1  39 11 10  46
T 2  2 11 33  52
T 2  1 11 2  47
T 2  -3 11 10  48
ROW 0 -5 2
T 1  -15 11 11  49
T 2  2 11 11  50
ROW 0 -4 5
T 0  39 2 1  44
T 1  -30 11 5  45
T 1  -78 11 1  46
T 2  4 11 5  47
T 2  6 11 1  48
ROW 0 -3 5
T 0  26 1 1  39
T 1  -45 11 3  40
T 1  -104 11 1  41
T 2  6 11 3  42
T 2  8 11 1  43
ROW 0 -2 5
T 0  13 2 21  34
T 1  -60 11 2  35
T 1  -26 11 21  36
T 2  8 11 2  37
T 2  2 11 21  38
ROW 0 -1 5
T 0  13 1 6  29
T 1  -15 11 35  30
T 1  -52 11 6  31
T 2  2 11 35  32
T 2  4 11 6  33
ROW 0 0 5
T 0  65 2 1  24
T 1  -90 11 1  25
T 1  -130 11 1  26
T 2  12 11 1  27
T 2  10 11 1  28
ROW 0 1 5
T 0  13 1 6  19
T 1  -15 11 35  20
T 1  -52 11 6  21
T 2  2 11 35  22
T 2  4 11 6  23
ROW 0 2 5
T 0  13 2 21  14
T 1  -60 11 2  15
T 1  -26 11 21  16
T 2  8 11 2  17
T 2  2 11 21  18
ROW 0 3 5
T 0  26 1 1  7
T 1  -45 11 3  8
T 1  -104 11 1  10
T 2  6 11 3  11
T 2  8 11 1  13
ROW 0 4 5
T 0  39 2 1  0
T 1  -30 11 5  1
T 1  -78 11 1  3
T 2  4 11 5  4
T 2  6 11 1  6
ROW 0 5 2
T 1  -15 11 11  9
T 2  2 11 11  12
ROW 1 -5 7
T 0  39 4 10  44
T 1  -15 11 33  51
T 1  15 22 2  45
T 1  -39 11 10  46
T 2  2 11 33  52
T 2  -1 11 2  47
T 2  3 11 10  48
ROW 1 -4 7
T 0  39 2 2  39
T 1  -15 22 110  49
T 1  15 22 6  40
T 1  -78 11 2  41
T 2  1 11 110  50
T 2  -1 11 6  42
T 2  6 11 2  43
ROW 1 -3 10
T 0  -13 4 2  44
T 0  13 2 14  34
T 1  -45 22 10  45
T 1  15 11 3  35
T 1  13 11 2  46
T 1  -26 11 14  36
T 2  3 11 10  47
T 2  -2 11 3  37
T 2  -1 11 2  48
T 2  2 11 14  38
ROW 1 -2 10
T 0  -13 4 6  39
T 0  13 4 42  29
T 1  -45 11 2  40
T 1  15 11 5  30
T 1  13 11 6  41
T 1  -13 11 42  31
T 2  6 11 2  42
T 2  -2 11 5  32
T 2  -1 11 6  43
T 2  1 11 42  33
ROW 1 -1 5
T 0  -13 2 3  34
T 1  -15 11 14  35
T 1  26 11 3  36
T 2  2 11 14  37
T 2  -2 11 3  38
ROW 1 0 5
T 0  -13 2 10  19
T 1  -15 11 21  20
T 1  26 11 10  21
T 2  2 11 21  22
T 2  -2 11 10  23
ROW 1 1 10
T 0  13 2 15  24
T 0  -13 2 3  14
T 1  15 11 15  25
T 1  -15 11 14  15
T 1  -26 11 15  26
T 1  26 11 3  16
T 2  -2 11 15  27
T 2  2 11 14  17
T 2  2 11 15  28
T 2  -2 11 3  18
ROW 1 2 10
T 0  13 4 42  19
T 0  -13 4 6  7
T 1  15 11 5  20
T 1  -45 11 2  8
T 1  -13 11 42  21
T 1  13 11 6  10
T 2  -2 11 5  22
T 2  6 11 2  11
T 2  1 11 42  23
T 2  -1 11 6  13
ROW 1 3 10
T 0  13 2 14  14
T 0  -13 4 2  0
T 1  15 11 3  15
T 1  -45 22 10  1
T 1  -26 11 14  16
T 1  13 11 2  3
T 2  -2 11 3  17
T 2  3 11 10  4
T 2  2 11 14  18
T 2  -1 11 2  6
ROW 1 4 7
T 0  39 2 2  7
T 1  15 22 6  8
T 1  -15 22 110  9
T 1  -78 11 2  10
T 2  -1 11 6  11
T 2  1 11 110  12
T 2  6 11 2  13
ROW 1 5 7
T 0  39 4 10  0
T 1  15 22 2  1
T 1  -15 11 33  2
T 1  -39 11 10  3
T 2  -1 11 2  4
T 2  2 11 33  5
T 2  3 11 10  6
