FORMAT 1
KERNEL S
SOURCE (s|S|s)
SHELLS 4 4

# E <id> <alpha> <beta> <mu> <p>
E 0 0 0 1 -4
E 1 0 0 2 -4
E 2 0 0 3 -4
E 3 0 0 4 -4
E 4 0 0 0 -4

# G <id> <2k> <L> <M>
G 0 0 2 0
G 1 2 0 0
G 2 0 4 0
G 3 2 2 0
G 4 4 0 0
G 5 0 6 0
G 6 2 4 0
G 7 4 2 0
G 8 6 0 0
G 9 0 8 0
G 10 0 8 8
G 11 2 6 0
G 12 4 4 0
G 13 6 2 0
G 14 8 0 0
G 15 0 0 0
G 16 0 2 1
G 17 0 4 1
G 18 2 2 1
G 19 0 6 1
G 20 2 4 1
G 21 4 2 1
G 22 0 8 1
G 23 0 8 7
G 24 2 6 1
G 25 4 4 1
G 26 6 2 1
G 27 0 2 2
G 28 0 4 2
G 29 2 2 2
G 30 0 6 2
G 31 0 6 6
G 32 2 4 2
G 33 4 2 2
G 34 0 8 2
G 35 0 8 6
G 36 2 6 2
G 37 2 6 6
G 38 4 4 2
G 39 6 2 2
G 40 0 4 3
G 41 0 6 3
G 42 0 6 5
G 43 2 4 3
G 44 0 8 3
G 45 0 8 5
G 46 2 6 3
G 47 2 6 5
G 48 4 4 3
G 49 0 4 -4
G 50 0 6 -4
G 51 2 4 -4
G 52 0 8 -4
G 53 2 6 -4
G 54 4 4 -4
G 55 0 4 -3
G 56 0 6 -5
G 57 0 6 -3
G 58 2 4 -3
G 59 0 8 -5
G 60 0 8 -3
G 61 2 6 -5
G 62 2 6 -3
G 63 4 4 -3
G 64 0 2 -2
G 65 0 4 -2
G 66 2 2 -2
G 67 0 6 -6
G 68 0 6 -2
G 69 2 4 -2
G 70 4 2 -2
G 71 0 8 -6
G 72 0 8 -2
G 73 2 6 -6
G 74 2 6 -2
G 75 4 4 -2
G 76 6 2 -2
G 77 0 2 -1
G 78 0 4 -1
G 79 2 2 -1
G 80 0 6 -1
G 81 2 4 -1
G 82 4 2 -1
G 83 0 8 -7
G 84 0 8 -1
G 85 2 6 -1
G 86 4 4 -1
G 87 6 2 -1
G 88 0 8 -8
G 89 0 4 4
G 90 0 6 4
G 91 2 4 4
G 92 0 8 4
G 93 2 6 4
G 94 4 4 4

# TABLE <l> <l'> <rows> [SYMMETRIC]
# ROW <m> <m'> <terms>
# T <prefactor> <num> <den> <radicand> <geometry>

TABLE 4 4 45 SYMMETRIC
ROW -4 -4 16
T 0  35 2 1  0
T 0  -35 2 1  1
T 1  9 2 1  2
T 1  -15 1 1  3
T 1  21 2 1  4
T 2  10 33 1  5
T 2  -18 11 1  6
T 2  10 3 1  7
T 2  -2 1 1  8
T 3  7 1287 1  9
T 3  -7 429 715  10
T 3  -4 99 1  11
T 3  18 143 1  12
T 3  -20 99 1  13
T 3  1 9 1  14
T 4  105 16 1  15
ROW -4 -3 11
T 0  -35 8 6  16
T 1  -9 4 5  17
T 1  15 4 6  18
T 2  -5 66 42  19
T 2  9 11 5  20
T 2  -5 6 6  21
T 3  -7 858 2  22
T 3  -7 858 1430  23
T 3  1 99 42  24
T 3  -9 143 5  25
T 3  5 99 6  26
ROW -4 -2 13
T 0  5 4 21  27
T 1  27 28 35  28
T 1  -15 14 21  29
T 2  5 33 30  30
T 2  -5 33 66  31
T 2  -27 77 35  32
T 2  5 21 21  33
T 3  7 858 10  34
T 3  -7 2574 6006  35
T 3  -2 99 30  36
T 3  2 99 66  37
T 3  27 1001 35  38
T 3  -10 693 21  39
ROW -4 -1 9
T 1  -9 4 5  40
T 2  -10 33 15  41
T 2  -5 11 11  42
T 2  9 11 5  43
T 3  -7 2574 330  44
T 3  -7 858 286  45
T 3  4 99 15  46
T 3  2 33 11  47
T 3  -9 143 5  48
ROW -4 0 6
T 1  9 2 1  49
T 2  10 11 5  50
T 2  -18 11 1  51
T 3  7 429 55  52
T 3  -4 33 5  53
T 3  18 143 1  54
ROW -4 1 9
T 1  -9 4 5  55
T 2  5 11 11  56
T 2  -10 33 15  57
T 2  9 11 5  58
T 3  7 858 286  59
T 3  -7 2574 330  60
T 3  -2 33 11  61
T 3  4 99 15  62
T 3  -9 143 5  63
ROW -4 2 13
T 0  5 4 21  64
T 1  27 28 35  65
T 1  -15 14 21  66
T 2  5 33 66  67
T 2  5 33 30  68
T 2  -27 77 35  69
T 2  5 21 21  70
T 3  7 2574 6006  71
T 3  7 858 10  72
T 3  -2 99 66  73
T 3  -2 99 30  74
T 3  27 1001 35  75
T 3  -10 693 21  76
ROW -4 3 11
T 0  -35 8 6  77
T 1  -9 4 5  78
T 1  15 4 6  79
T 2  -5 66 42  80
T 2  9 11 5  81
T 2  -5 6 6  82
T 3  7 858 1430  83
T 3  -7 858 2  84
T 3  1 99 42  85
T 3  -9 143 5  86
T 3  5 99 6  87
ROW -4 4 1
T 3  7 429 715  88
ROW -3 -3 18
T 0  35 8 1  0
T 0  -35 2 1  1
T 1  -27 4 1  2
T 1  -15 4 1  3
T 1  21 2 1  4
T 2  -85 66 1  5
T 2  5 66 462  31
T 2  27 11 1  6
T 2  5 6 1  7
T 2  -2 1 1  8
T 3  -56 1287 1  9
T 3  -14 1287 858  35
T 3  17 99 1  11
T 3  -1 99 462  37
T 3  -27 143 1  12
T 3  -5 99 1  13
T 3  1 9 1  14
T 4  105 16 1  15
ROW -3 -2 13
T 0  -25 16 42  16
T 1  9 28 35  17
T 1  75 56 42  18
T 2  65 132 6  19
T 2  5 22 11  42
T 2  -9 77 35  20
T 2  -25 84 42  21
T 3  7 429 14  22
T 3  -7 429 286  45
T 3  -13 198 6  24
T 3  -1 33 11  47
T 3  9 1001 35  25
T 3  25 1386 42  26
ROW -3 -1 16
T 0  15 8 21  27
T 1  9 28 35  28
T 1  9 4 5  89
T 1  -45 28 21  29
T 2  -5 22 30  30
T 2  -5 22 1  90
T 2  -9 77 35  32
T 2  -9 11 5  91
T 2  5 14 21  33
T 3  -14 429 10  34
T 3  -28 429 11  92
T 3  1 33 30  36
T 3  1 33 1  93
T 3  9 1001 35  38
T 3  9 143 5  94
T 3  -5 231 21  39
ROW -3 0 6
T 1  -27 4 1  55
T 2  25 33 3  57
T 2  27 11 1  58
T 3  35 1287 66  60
T 3  -10 99 3  62
T 3  -27 143 1  63
ROW -3 1 16
T 0  15 8 21  64
T 1  -9 4 5  49
T 1  9 28 35  65
T 1  -45 28 21  66
T 2  5 22 1  50
T 2  -5 22 30  68
T 2  9 11 5  51
T 2  -9 77 35  69
T 2  5 14 21  70
T 3  28 429 11  52
T 3  -14 429 10  72
T 3  -1 33 1  53
T 3  1 33 30  74
T 3  -9 143 5  54
T 3  9 1001 35  75
T 3  -5 231 21  76
ROW -3 2 13
T 0  -25 16 42  77
T 1  9 28 35  78
T 1  75 56 42  79
T 2  -5 22 11  56
T 2  65 132 6  80
T 2  -9 77 35  81
T 2  -25 84 42  82
T 3  7 429 286  59
T 3  7 429 14  84
T 3  1 33 11  61
T 3  -13 198 6  85
T 3  9 1001 35  86
T 3  25 1386 42  87
ROW -3 3 3
T 2  -5 66 462  67
T 3  14 1287 858  71
T 3  1 99 462  73
ROW -3 4 11
T 0  35 8 6  77
T 1  9 4 5  78
T 1  -15 4 6  79
T 2  5 66 42  80
T 2  -9 11 5  81
T 2  5 6 6  82
T 3  7 858 1430  83
T 3  7 858 2  84
T 3  -1 99 42  85
T 3  9 143 5  86
T 3  -5 99 6  87
ROW -2 -2 21
T 0  -5 1 1  0
T 0  -35 2 1  1
T 1  -99 28 1  2
T 1  -27 28 35  89
T 1  30 7 1  3
T 1  21 2 1  4
T 2  5 3 1  5
T 2  5 11 7  90
T 2  9 7 1  6
T 2  27 77 35  91
T 2  -20 21 1  7
T 2  -2 1 1  8
T 3  196 1287 1  9
T 3  -14 429 77  92
T 3  -2 9 1  11
T 3  -2 33 7  93
T 3  -9 91 1  12
T 3  -27 1001 35  94
T 3  40 693 1  13
T 3  1 9 1  14
T 4  105 16 1  15
ROW -2 -1 16
T 0  -45 16 6  16
T 1  27 14 5  17
T 1  -9 28 35  40
T 1  135 56 6  18
T 2  -5 44 42  19
T 2  5 66 105  41
T 2  -54 77 5  20
T 2  9 77 35  43
T 2  -15 28 6  21
T 3  -49 429 2  22
T 3  -7 1287 2310  44
T 3  1 66 42  24
T 3  -1 99 105  46
T 3  54 1001 5  25
T 3  -9 1001 35  48
T 3  5 154 6  26
ROW -2 0 8
T 0  15 4 15  64
T 1  -99 28 1  65
T 1  -45 14 15  66
T 2  9 7 1  69
T 2  5 7 15  70
T 3  35 429 14  72
T 3  -9 91 1  75
T 3  -10 231 15  76
ROW -2 1 16
T 0  -45 16 6  77
T 1  9 28 35  55
T 1  27 14 5  78
T 1  135 56 6  79
T 2  -5 66 105  57
T 2  -5 44 42  80
T 2  -9 77 35  58
T 2  -54 77 5  81
T 2  -15 28 6  82
T 3  7 1287 2310  60
T 3  -49 429 2  84
T 3  1 99 105  62
T 3  1 66 42  85
T 3  9 1001 35  63
T 3  54 1001 5  86
T 3  5 154 6  87
ROW -2 2 6
T 1  27 28 35  49
T 2  -5 11 7  50
T 2  -27 77 35  51
T 3  14 429 77  52
T 3  2 33 7  53
T 3  27 1001 35  54
ROW -2 3 13
T 0  25 16 42  77
T 1  -9 28 35  78
T 1  -75 56 42  79
T 2  -5 22 11  56
T 2  -65 132 6  80
T 2  9 77 35  81
T 2  25 84 42  82
T 3  7 429 286  59
T 3  -7 429 14  84
T 3  1 33 11  61
T 3  13 198 6  85
T 3  -9 1001 35  86
T 3  -25 1386 42  87
ROW -2 4 13
T 0  -5 4 21  64
T 1  -27 28 35  65
T 1  15 14 21  66
T 2  5 33 66  67
T 2  -5 33 30  68
T 2  27 77 35  69
T 2  -5 21 21  70
T 3  7 2574 6006  71
T 3  -7 858 10  72
T 3  -2 99 66  73
T 3  2 99 30  74
T 3  -27 1001 35  75
T 3  10 693 21  76
ROW -1 -1 25
T 0  -85 8 1  0
T 0  25 4 3  27
T 0  -35 2 1  1
T 1  81 28 1  2
T 1  -27 14 5  28
T 1  255 28 1  3
T 1  -75 14 3  29
T 1  21 2 1  4
T 2  5 66 1  5
T 2  5 66 210  30
T 2  -81 77 1  6
T 2  54 77 5  32
T 2  -85 42 1  7
T 2  25 21 3  33
T 2  -2 1 1  8
T 3  -392 1287 1  9
T 3  -14 429 70  34
T 3  -1 99 1  11
T 3  -1 99 210  36
T 3  81 1001 1  12
T 3  -54 1001 5  38
T 3  85 693 1  13
T 3  -50 693 3  39
T 3  1 9 1  14
T 4  105 16 1  15
ROW -1 0 10
T 0  -5 8 30  77
T 1  81 28 1  78
T 1  15 28 30  79
T 2  -5 66 210  80
T 2  -81 77 1  81
T 2  -5 42 30  82
T 3  49 429 10  84
T 3  1 99 210  85
T 3  81 1001 1  86
T 3  5 693 30  87
ROW -1 1 10
T 0  -25 4 3  64
T 1  27 14 5  65
T 1  75 14 3  66
T 2  -5 66 210  68
T 2  -54 77 5  69
T 2  -25 21 3  70
T 3  14 429 70  72
T 3  1 99 210  74
T 3  54 1001 5  75
T 3  50 693 3  76
ROW -1 2 16
T 0  45 16 6  77
T 1  9 28 35  55
T 1  -27 14 5  78
T 1  -135 56 6  79
T 2  -5 66 105  57
T 2  5 44 42  80
T 2  -9 77 35  58
T 2  54 77 5  81
T 2  15 28 6  82
T 3  7 1287 2310  60
T 3  49 429 2  84
T 3  1 99 105  62
T 3  -1 66 42  85
T 3  9 1001 35  63
T 3  -54 1001 5  86
T 3  -5 154 6  87
ROW -1 3 16
T 0  -15 8 21  64
T 1  -9 4 5  49
T 1  -9 28 35  65
T 1  45 28 21  66
T 2  5 22 1  50
T 2  5 22 30  68
T 2  9 11 5  51
T 2  9 77 35  69
T 2  -5 14 21  70
T 3  28 429 11  52
T 3  14 429 10  72
T 3  -1 33 1  53
T 3  -1 33 30  74
T 3  -9 143 5  54
T 3  -9 1001 35  75
T 3  5 231 21  76
ROW -1 4 9
T 1  9 4 5  55
T 2  5 11 11  56
T 2  10 33 15  57
T 2  -9 11 5  58
T 3  7 858 286  59
T 3  7 2574 330  60
T 3  -2 33 11  61
T 3  -4 99 15  62
T 3  9 143 5  63
ROW 0 0 15
T 0  -25 2 1  0
T 0  -35 2 1  1
T 1  81 14 1  2
T 1  75 7 1  3
T 1  21 2 1  4
T 2  -50 33 1  5
T 2  -162 77 1  6
T 2  -50 21 1  7
T 2  -2 1 1  8
T 3  490 1287 1  9
T 3  20 99 1  11
T 3  162 1001 1  12
T 3  100 693 1  13
T 3  1 9 1  14
T 4  105 16 1  15
ROW 0 1 10
T 0  -5 8 30  16
T 1  81 28 1  17
T 1  15 28 30  18
T 2  -5 66 210  19
T 2  -81 77 1  20
T 2  -5 42 30  21
T 3  49 429 10  22
T 3  1 99 210  24
T 3  81 1001 1  25
T 3  5 693 30  26
ROW 0 2 8
T 0  15 4 15  27
T 1  -99 28 1  28
T 1  -45 14 15  29
T 2  9 7 1  32
T 2  5 7 15  33
T 3  35 429 14  34
T 3  -9 91 1  38
T 3  -10 231 15  39
ROW 0 3 6
T 1  -27 4 1  40
T 2  25 33 3  41
T 2  27 11 1  43
T 3  35 1287 66  44
T 3  -10 99 3  46
T 3  -27 143 1  48
ROW 0 4 6
T 1  9 2 1  89
T 2  10 11 5  90
T 2  -18 11 1  91
T 3  7 429 55  92
T 3  -4 33 5  93
T 3  18 143 1  94
ROW 1 1 25
T 0  -85 8 1  0
T 0  -25 4 3  27
T 0  -35 2 1  1
T 1  81 28 1  2
T 1  27 14 5  28
T 1  255 28 1  3
T 1  75 14 3  29
T 1  21 2 1  4
T 2  5 66 1  5
T 2  -5 66 210  30
T 2  -81 77 1  6
T 2  -54 77 5  32
T 2  -85 42 1  7
T 2  -25 21 3  33
T 2  -2 1 1  8
T 3  -392 1287 1  9
T 3  14 429 70  34
T 3  -1 99 1  11
T 3  1 99 210  36
T 3  81 1001 1  12
T 3  54 1001 5  38
T 3  85 693 1  13
T 3  50 693 3  39
T 3  1 9 1  14
T 4  105 16 1  15
ROW 1 2 16
T 0  -45 16 6  16
T 1  27 14 5  17
T 1  9 28 35  40
T 1  135 56 6  18
T 2  -5 44 42  19
T 2  -5 66 105  41
T 2  -54 77 5  20
T 2  -9 77 35  43
T 2  -15 28 6  21
T 3  -49 429 2  22
T 3  7 1287 2310  44
T 3  1 66 42  24
T 3  1 99 105  46
T 3  54 1001 5  25
T 3  9 1001 35  48
T 3  5 154 6  26
ROW 1 3 16
T 0  15 8 21  27
T 1  9 28 35  28
T 1  -9 4 5  89
T 1  -45 28 21  29
T 2  -5 22 30  30
T 2  5 22 1  90
T 2  -9 77 35  32
T 2  9 11 5  91
T 2  5 14 21  33
T 3  -14 429 10  34
T 3  28 429 11  92
T 3  1 33 30  36
T 3  -1 33 1  93
T 3  9 1001 35  38
T 3  -9 143 5  94
T 3  -5 231 21  39
ROW 1 4 9
T 1  -9 4 5  40
T 2  -10 33 15  41
T 2  5 11 11  42
T 2  9 11 5  43
T 3  -7 2574 330  44
T 3  7 858 286  45
T 3  4 99 15  46
T 3  -2 33 11  47
T 3  -9 143 5  48
ROW 2 2 21
T 0  -5 1 1  0
T 0  -35 2 1  1
T 1  -99 28 1  2
T 1  27 28 35  89
T 1  30 7 1  3
T 1  21 2 1  4
T 2  5 3 1  5
T 2  -5 11 7  90
T 2  9 7 1  6
T 2  -27 77 35  91
T 2  -20 21 1  7
T 2  -2 1 1  8
T 3  196 1287 1  9
T 3  14 429 77  92
T 3  -2 9 1  11
T 3  2 33 7  93
T 3  -9 91 1  12
T 3  27 1001 35  94
T 3  40 693 1  13
T 3  1 9 1  14
T 4  105 16 1  15
ROW 2 3 13
T 0  -25 16 42  16
T 1  9 28 35  17
T 1  75 56 42  18
T 2  65 132 6  19
T 2  -5 22 11  42
T 2  -9 77 35  20
T 2  -25 84 42  21
T 3  7 429 14  22
T 3  7 429 286  45
T 3  -13 198 6  24
T 3  1 33 11  47
T 3  9 1001 35  25
T 3  25 1386 42  26
ROW 2 4 13
T 0  5 4 21  27
T 1  27 28 35  28
T 1  -15 14 21  29
T 2  5 33 30  30
T 2  5 33 66  31
T 2  -27 77 35  32
T 2  5 21 21  33
T 3  7 858 10  34
T 3  7 2574 6006  35
T 3  -2 99 30  36
T 3  -2 99 66  37
T 3  27 1001 35  38
T 3  -10 693 21  39
ROW 3 3 18
T 0  35 8 1  0
T 0  -35 2 1  1
T 1  -27 4 1  2
T 1  -15 4 1  3
T 1  21 2 1  4
T 2  -85 66 1  5
T 2  -5 66 462  31
T 2  27 11 1  6
T 2  5 6 1  7
T 2  -2 1 1  8
T 3  -56 1287 1  9
T 3  14 1287 858  35
T 3  17 99 1  11
T 3  1 99 462  37
T 3  -27 143 1  12
T 3  -5 99 1  13
T 3  1 9 1  14
T 4  105 16 1  15
ROW 3 4 11
T 0  -35 8 6  16
T 1  -9 4 5  17
T 1  15 4 6  18
T 2  -5 66 42  19
T 2  9 11 5  20
T 2  -5 6 6  21
T 3  -7 858 2  22
T 3  7 858 1430  23
T 3  1 99 42  24
T 3  -9 143 5  25
T 3  5 99 6  26
ROW 4 4 16
T 0  35 2 1  0
T 0  -35 2 1  1
T 1  9 2 1  2
T 1  -15 1 1  3
T 1  21 2 1  4
T 2  10 33 1  5
T 2  -18 11 1  6
T 2  10 3 1  7
T 2  -2 1 1  8
T 3  7 1287 1  9
T 3  7 429 715  10
T 3  -4 99 1  11
T 3  18 143 1  12
T 3  -20 99 1  13
T 3  1 9 1  14
T 4  105 16 1  15
