FORMAT 1
KERNEL S
SOURCE (s|S|s)
SHELLS 3 6

# E <id> <alpha> <beta> <mu> <p>
E 0 3 0 1 -6
E 1 3 0 2 -6
E 2 3 0 3 -6
E 3 3 0 0 -6

# G <id> <2k> <L> <M>
G 0 0 5 3
G 1 2 3 3
G 2 0 7 3
G 3 2 5 3
G 4 4 3 3
G 5 0 9 3
G 6 0 9 9
G 7 2 7 3
G 8 4 5 3
G 9 6 3 3
G 10 0 3 3
G 11 0 5 2
G 12 2 3 2
G 13 0 7 2
G 14 2 5 2
G 15 4 3 2
G 16 0 9 2
G 17 0 9 8
G 18 2 7 2
G 19 4 5 2
G 20 6 3 2
G 21 0 3 2
G 22 0 5 1
G 23 2 3 1
G 24 0 7 1
G 25 0 7 7
G 26 2 5 1
G 27 4 3 1
G 28 0 9 1
G 29 0 9 7
G 30 2 7 1
G 31 2 7 7
G 32 4 5 1
G 33 6 3 1
G 34 0 3 1
G 35 0 5 0
G 36 2 3 0
G 37 0 7 0
G 38 0 7 6
G 39 2 5 0
G 40 4 3 0
G 41 0 9 0
G 42 0 9 6
G 43 2 7 0
G 44 2 7 6
G 45 4 5 0
G 46 6 3 0
G 47 0 3 0
G 48 0 5 5
G 49 0 7 5
G 50 2 5 5
G 51 0 9 5
G 52 2 7 5
G 53 4 5 5
G 54 0 5 4
G 55 0 7 4
G 56 2 5 4
G 57 0 9 4
G 58 2 7 4
G 59 4 5 4
G 60 0 5 -3
G 61 2 3 -3
G 62 0 7 -3
G 63 2 5 -3
G 64 4 3 -3
G 65 0 9 -3
G 66 2 7 -3
G 67 4 5 -3
G 68 6 3 -3
G 69 0 3 -3
G 70 0 5 -4
G 71 0 5 -2
G 72 2 3 -2
G 73 0 7 -4
G 74 0 7 -2
G 75 2 5 -4
G 76 2 5 -2
G 77 4 3 -2
G 78 0 9 -4
G 79 0 9 -2
G 80 2 7 -4
G 81 2 7 -2
G 82 4 5 -4
G 83 4 5 -2
G 84 6 3 -2
G 85 0 3 -2
G 86 0 5 -5
G 87 0 5 -1
G 88 2 3 -1
G 89 0 7 -5
G 90 0 7 -1
G 91 2 5 -5
G 92 2 5 -1
G 93 4 3 -1
G 94 0 9 -5
G 95 0 9 -1
G 96 2 7 -5
G 97 2 7 -1
G 98 4 5 -5
G 99 4 5 -1
G 100 6 3 -1
G 101 0 3 -1
G 102 0 7 -6
G 103 0 9 -6
G 104 2 7 -6
G 105 0 7 -7
G 106 0 9 -7
G 107 2 7 -7
G 108 0 9 -8
G 109 0 9 -9

# TABLE <l> <l'> <rows> [SYMMETRIC]
# ROW <m> <m'> <terms>
# T <prefactor> <num> <den> <radicand> <geometry>

TABLE 3 6 91
ROW -3 -6 11
T 0  5 8 66  0
T 0  -5 4 462  1
T 1  9 286 55  2
T 1  -5 26 66  3
T 1  5 22 462  4
T 2  1 442 2  5
T 2  1 221 9282  6
T 2  -9 2431 55  7
T 2  1 78 66  8
T 2  -5 429 462  9
T 3  15 8 462  10
ROW -3 -5 11
T 0  5 4 33  11
T 0  -5 4 231  12
T 1  15 572 330  13
T 1  -5 13 33  14
T 1  5 22 231  15
T 2  1 442 14  16
T 2  2 221 1547  17
T 2  -15 4862 330  18
T 2  1 39 33  19
T 2  -5 429 231  20
T 3  15 8 231  21
ROW -3 -4 13
T 0  5 4 42  22
T 0  -5 4 105  23
T 1  135 572 10  24
T 1  3 572 30030  25
T 1  -5 13 42  26
T 1  5 22 105  27
T 2  1 221 14  28
T 2  2 221 1001  29
T 2  -135 4862 10  30
T 2  -3 4862 30030  31
T 2  1 39 42  32
T 2  -5 429 105  33
T 3  15 8 105  34
ROW -3 -3 13
T 0  5 2 21  35
T 0  -5 2 21  36
T 1  45 143 21  37
T 1  45 572 286  38
T 1  -10 13 21  39
T 1  5 11 21  40
T 2  2 221 21  41
T 2  1 442 10010  42
T 2  -90 2431 21  43
T 2  -45 4862 286  44
T 2  2 39 21  45
T 2  -10 429 21  46
T 3  15 4 21  47
ROW -3 -2 16
T 0  -5 4 35  22
T 0  5 8 6  48
T 0  5 4 14  23
T 1  -105 143 3  24
T 1  135 286 11  49
T 1  5 13 35  26
T 1  -5 26 6  50
T 1  -5 22 14  27
T 2  -1 221 105  28
T 2  1 442 6006  51
T 2  210 2431 3  30
T 2  -135 2431 11  52
T 2  -1 39 35  32
T 2  1 78 6  53
T 2  5 429 14  33
T 3  -15 8 14  34
ROW -3 -1 16
T 0  35 8 2  11
T 0  5 4 6  54
T 0  -5 8 14  12
T 1  189 286 5  13
T 1  45 286 110  55
T 1  -35 26 2  14
T 1  -5 13 6  56
T 1  5 44 14  15
T 2  1 221 231  16
T 2  1 221 858  57
T 2  -189 2431 5  18
T 2  -45 2431 110  58
T 2  7 78 2  19
T 2  1 39 6  59
T 2  -5 858 14  20
T 3  15 16 14  21
ROW -3 0 10
T 0  -5 2 7  60
T 0  5 4 1  61
T 1  -45 286 210  62
T 1  10 13 7  63
T 1  -5 22 1  64
T 2  -2 221 231  65
T 2  45 2431 210  66
T 2  -2 39 7  67
T 2  5 429 1  68
T 3  -15 8 1  69
ROW -3 1 16
T 0  -5 4 6  70
T 0  35 8 2  71
T 0  -5 8 14  72
T 1  -45 286 110  73
T 1  189 286 5  74
T 1  5 13 6  75
T 1  -35 26 2  76
T 1  5 44 14  77
T 2  -1 221 858  78
T 2  1 221 231  79
T 2  45 2431 110  80
T 2  -189 2431 5  81
T 2  -1 39 6  82
T 2  7 78 2  83
T 2  -5 858 14  84
T 3  15 16 14  85
ROW -3 2 16
T 0  -5 8 6  86
T 0  -5 4 35  87
T 0  5 4 14  88
T 1  -135 286 11  89
T 1  -105 143 3  90
T 1  5 26 6  91
T 1  5 13 35  92
T 1  -5 22 14  93
T 2  -1 442 6006  94
T 2  -1 221 105  95
T 2  135 2431 11  96
T 2  210 2431 3  97
T 2  -1 78 6  98
T 2  -1 39 35  99
T 2  5 429 14  100
T 3  -15 8 14  101
ROW -3 3 3
T 1  -45 572 286  102
T 2  -1 442 10010  103
T 2  45 4862 286  104
ROW -3 4 13
T 0  -5 4 42  87
T 0  5 4 105  88
T 1  -3 572 30030  105
T 1  -135 572 10  90
T 1  5 13 42  92
T 1  -5 22 105  93
T 2  -2 221 1001  106
T 2  -1 221 14  95
T 2  3 4862 30030  107
T 2  135 4862 10  97
T 2  -1 39 42  99
T 2  5 429 105  100
T 3  -15 8 105  101
ROW -3 5 11
T 0  -5 4 33  71
T 0  5 4 231  72
T 1  -15 572 330  74
T 1  5 13 33  76
T 1  -5 22 231  77
T 2  -2 221 1547  108
T 2  -1 442 14  79
T 2  15 4862 330  81
T 2  -1 39 33  83
T 2  5 429 231  84
T 3  -15 8 231  85
ROW -3 6 11
T 0  -5 8 66  60
T 0  5 4 462  61
T 1  -9 286 55  62
T 1  5 26 66  63
T 1  -5 22 462  64
T 2  -1 221 9282  109
T 2  -1 442 2  65
T 2  9 2431 55  66
T 2  -1 78 66  67
T 2  5 429 462  68
T 3  -15 8 462  69
ROW -2 -6 7
T 0  -15 8 22  54
T 1  -3 26 30  55
T 1  15 26 22  56
T 2  -1 442 26  57
T 2  1 221 3094  17
T 2  3 221 30  58
T 2  -1 26 22  59
ROW -2 -5 13
T 0  -5 4 33  0
T 0  -5 4 231  1
T 1  -57 572 110  2
T 1  -3 52 910  25
T 1  5 13 33  3
T 1  5 22 231  4
T 2  -6 221 1  5
T 2  4 221 273  29
T 2  57 4862 110  7
T 2  3 442 910  31
T 2  -1 39 33  8
T 2  -5 429 231  9
T 3  15 8 231  10
ROW -2 -4 13
T 0  -15 4 1  11
T 0  -15 2 7  12
T 1  -60 143 10  13
T 1  -6 143 1430  38
T 1  15 13 1  14
T 1  15 11 7  15
T 2  -1 442 462  16
T 2  3 442 2002  42
T 2  120 2431 10  18
T 2  12 2431 1430  44
T 2  -1 13 1  19
T 2  -10 143 7  20
T 3  45 4 7  21
ROW -2 -3 13
T 0  -15 4 1  48
T 0  -15 4 21  23
T 1  -45 44 2  24
T 1  -75 572 66  49
T 1  15 13 1  50
T 1  15 22 21  27
T 2  -2 221 70  28
T 2  2 221 1001  51
T 2  45 374 2  30
T 2  75 4862 66  52
T 2  -1 13 1  53
T 2  -5 143 21  33
T 3  45 8 21  34
ROW -2 -2 16
T 0  5 4 14  35
T 0  -15 8 10  54
T 0  -5 1 14  36
T 1  -75 143 14  37
T 1  -15 286 66  55
T 1  -5 13 14  39
T 1  15 26 10  56
T 1  10 11 14  40
T 2  -9 221 14  41
T 2  3 442 1430  57
T 2  150 2431 14  43
T 2  15 2431 66  58
T 2  1 39 14  45
T 2  -1 26 10  59
T 2  -20 429 14  46
T 3  15 2 14  47
ROW -2 -1 20
T 0  -5 4 21  22
T 0  -5 1 2  0
T 0  5 8 210  23
T 0  5 8 14  1
T 1  147 286 5  24
T 1  15 286 15  2
T 1  5 13 21  26
T 1  20 13 2  3
T 1  -5 44 210  27
T 1  -5 44 14  4
T 2  12 221 7  28
T 2  6 221 66  5
T 2  -147 2431 5  30
T 2  -15 2431 15  7
T 2  -1 39 21  32
T 2  -4 39 2  8
T 2  5 858 210  33
T 2  5 858 14  9
T 3  -15 16 210  34
T 3  -15 16 14  10
ROW -2 0 10
T 0  15 4 7  71
T 0  -15 2 1  72
T 1  -18 143 70  74
T 1  -15 13 7  76
T 1  15 11 1  77
T 2  -7 221 66  79
T 2  36 2431 70  81
T 2  1 13 7  83
T 2  -10 143 1  84
T 3  45 4 1  85
ROW -2 1 20
T 0  5 1 2  60
T 0  -5 4 21  87
T 0  -5 8 14  61
T 0  5 8 210  88
T 1  -15 286 15  62
T 1  147 286 5  90
T 1  -20 13 2  63
T 1  5 13 21  92
T 1  5 44 14  64
T 1  -5 44 210  93
T 2  -6 221 66  65
T 2  12 221 7  95
T 2  15 2431 15  66
T 2  -147 2431 5  97
T 2  4 39 2  67
T 2  -1 39 21  99
T 2  -5 858 14  68
T 2  5 858 210  100
T 3  15 16 14  69
T 3  -15 16 210  101
ROW -2 2 6
T 0  15 8 10  70
T 1  15 286 66  73
T 1  -15 26 10  75
T 2  -3 442 1430  78
T 2  -15 2431 66  80
T 2  1 26 10  82
ROW -2 3 13
T 0  15 4 1  86
T 0  15 4 21  88
T 1  75 572 66  89
T 1  45 44 2  90
T 1  -15 13 1  91
T 1  -15 22 21  93
T 2  -2 221 1001  94
T 2  2 221 70  95
T 2  -75 4862 66  96
T 2  -45 374 2  97
T 2  1 13 1  98
T 2  5 143 21  100
T 3  -45 8 21  101
ROW -2 4 13
T 0  15 4 1  71
T 0  15 2 7  72
T 1  6 143 1430  102
T 1  60 143 10  74
T 1  -15 13 1  76
T 1  -15 11 7  77
T 2  -3 442 2002  103
T 2  1 442 462  79
T 2  -12 2431 1430  104
T 2  -120 2431 10  81
T 2  1 13 1  83
T 2  10 143 7  84
T 3  -45 4 7  85
ROW -2 5 13
T 0  5 4 33  60
T 0  5 4 231  61
T 1  3 52 910  105
T 1  57 572 110  62
T 1  -5 13 33  63
T 1  -5 22 231  64
T 2  -4 221 273  106
T 2  6 221 1  65
T 2  -3 442 910  107
T 2  -57 4862 110  66
T 2  1 39 33  67
T 2  5 429 231  68
T 3  -15 8 231  69
ROW -2 6 7
T 0  15 8 22  70
T 1  3 26 30  73
T 1  -15 26 22  75
T 2  -1 221 3094  108
T 2  1 442 26  78
T 2  -3 221 30  80
T 2  1 26 22  82
ROW -1 -6 9
T 0  15 8 22  48
T 1  9 13 3  49
T 1  3 26 273  25
T 1  -15 26 22  50
T 2  1 442 182  51
T 2  1 221 910  29
T 2  -18 221 3  52
T 2  -3 221 273  31
T 2  1 26 22  53
ROW -1 -5 6
T 1  3 2 1  55
T 1  3 52 26  38
T 2  1 221 195  57
T 2  3 442 910  42
T 2  -3 17 1  58
T 2  -3 442 26  44
ROW -1 -4 16
T 0  -5 4 15  0
T 0  15 4 3  48
T 0  -5 4 105  1
T 1  573 572 2  2
T 1  -87 572 22  49
T 1  5 13 15  3
T 1  -15 13 3  50
T 1  5 22 105  4
T 2  3 221 55  5
T 2  1 221 3003  51
T 2  -573 4862 2  7
T 2  87 4862 22  52
T 2  -1 39 15  8
T 2  1 13 3  53
T 2  -5 429 105  9
T 3  15 8 105  10
ROW -1 -3 16
T 0  -15 4 3  11
T 0  15 2 1  54
T 0  -15 4 21  12
T 1  111 572 30  13
T 1  -27 286 165  55
T 1  15 13 3  14
T 1  -30 13 1  56
T 1  15 22 21  15
T 2  5 442 154  16
T 2  5 221 143  57
T 2  -111 4862 30  18
T 2  27 2431 165  58
T 2  -1 13 3  19
T 2  2 13 1  59
T 2  -5 143 21  20
T 3  45 8 21  21
ROW -1 -2 20
T 0  -5 4 21  22
T 0  35 8 2  0
T 0  -5 4 210  23
T 0  -5 4 14  1
T 1  69 286 5  24
T 1  -48 143 15  2
T 1  5 13 21  26
T 1  -35 26 2  3
T 1  5 22 210  27
T 1  5 22 14  4
T 2  15 221 7  28
T 2  15 442 66  5
T 2  -69 2431 5  30
T 2  96 2431 15  7
T 2  -1 39 21  32
T 2  7 78 2  8
T 2  -5 429 210  33
T 2  -5 429 14  9
T 3  15 8 210  34
T 3  15 8 14  10
ROW -1 -1 20
T 0  -5 4 14  35
T 0  5 8 30  11
T 0  -25 4 14  36
T 0  -5 8 210  12
T 1  -3 143 14  37
T 1  -177 286 3  13
T 1  5 13 14  39
T 1  -5 26 30  14
T 1  25 22 14  40
T 1  5 44 210  15
T 2  18 221 14  41
T 2  3 221 385  16
T 2  6 2431 14  43
T 2  177 2431 3  18
T 2  -1 39 14  45
T 2  1 78 30  19
T 2  -25 429 14  46
T 2  -5 858 210  20
T 3  75 8 14  47
T 3  15 16 210  21
ROW -1 0 7
T 0  75 4 1  88
T 1  3 22 42  90
T 1  -75 22 1  93
T 2  -14 221 30  95
T 2  -3 187 42  97
T 2  25 143 1  100
T 3  -225 8 1  101
ROW -1 1 10
T 0  -5 8 30  71
T 0  5 8 210  72
T 1  177 286 3  74
T 1  5 26 30  76
T 1  -5 44 210  77
T 2  -3 221 385  79
T 2  -177 2431 3  81
T 2  -1 78 30  83
T 2  5 858 210  84
T 3  -15 16 210  85
ROW -1 2 20
T 0  -35 8 2  60
T 0  5 4 21  87
T 0  5 4 14  61
T 0  5 4 210  88
T 1  48 143 15  62
T 1  -69 286 5  90
T 1  35 26 2  63
T 1  -5 13 21  92
T 1  -5 22 14  64
T 1  -5 22 210  93
T 2  -15 442 66  65
T 2  -15 221 7  95
T 2  -96 2431 15  66
T 2  69 2431 5  97
T 2  -7 78 2  67
T 2  1 39 21  99
T 2  5 429 14  68
T 2  5 429 210  100
T 3  -15 8 14  69
T 3  -15 8 210  101
ROW -1 3 16
T 0  -15 2 1  70
T 0  15 4 3  71
T 0  15 4 21  72
T 1  27 286 165  73
T 1  -111 572 30  74
T 1  30 13 1  75
T 1  -15 13 3  76
T 1  -15 22 21  77
T 2  -5 221 143  78
T 2  -5 442 154  79
T 2  -27 2431 165  80
T 2  111 4862 30  81
T 2  -2 13 1  82
T 2  1 13 3  83
T 2  5 143 21  84
T 3  -45 8 21  85
ROW -1 4 16
T 0  -15 4 3  86
T 0  5 4 15  60
T 0  5 4 105  61
T 1  87 572 22  89
T 1  -573 572 2  62
T 1  15 13 3  91
T 1  -5 13 15  63
T 1  -5 22 105  64
T 2  -1 221 3003  94
T 2  -3 221 55  65
T 2  -87 4862 22  96
T 2  573 4862 2  66
T 2  -1 13 3  98
T 2  1 39 15  67
T 2  5 429 105  68
T 3  -15 8 105  69
ROW -1 5 6
T 1  -3 52 26  102
T 1  -3 2 1  73
T 2  -3 442 910  103
T 2  -1 221 195  78
T 2  3 442 26  104
T 2  3 17 1  80
ROW -1 6 9
T 0  -15 8 22  86
T 1  -3 26 273  105
T 1  -9 13 3  89
T 1  15 26 22  91
T 2  -1 221 910  106
T 2  -1 442 182  94
T 2  3 221 273  107
T 2  18 221 3  96
T 2  -1 26 22  98
ROW 0 -6 3
T 1  -9 13 13  102
T 2  -1 221 455  103
T 2  18 221 13  104
ROW 0 -5 6
T 0  15 4 11  86
T 1  -21 26 6  89
T 1  -15 13 11  91
T 2  -4 221 91  94
T 2  21 221 6  96
T 2  1 13 11  98
ROW 0 -4 6
T 0  15 4 5  70
T 1  -24 143 33  73
T 1  -15 13 5  75
T 2  -2 221 715  78
T 2  48 2431 33  80
T 2  1 13 5  82
ROW 0 -3 10
T 0  5 4 3  60
T 0  -5 2 21  61
T 1  9 286 10  62
T 1  -5 13 3  63
T 1  5 11 21  64
T 2  -20 221 11  65
T 2  -9 2431 10  66
T 2  1 39 3  67
T 2  -10 429 21  68
T 3  15 4 21  69
ROW 0 -2 10
T 0  -5 2 2  71
T 0  -5 1 14  72
T 1  63 143 5  74
T 1  10 13 2  76
T 1  10 11 14  77
T 2  -5 221 231  79
T 2  -126 2431 5  81
T 2  -2 39 2  83
T 2  -20 429 14  84
T 3  15 2 14  85
ROW 0 -1 10
T 0  -5 4 35  87
T 0  -25 4 14  88
T 1  129 143 3  90
T 1  5 13 35  92
T 1  25 22 14  93
T 2  -8 221 105  95
T 2  -258 2431 3  97
T 2  -1 39 35  99
T 2  -25 429 14  100
T 3  75 8 14  101
ROW 0 0 10
T 0  -35 4 1  35
T 0  -25 1 1  36
T 1  252 143 1  37
T 1  35 13 1  39
T 1  50 11 1  40
T 2  -84 221 1  41
T 2  -504 2431 1  43
T 2  -7 39 1  45
T 2  -100 429 1  46
T 3  75 2 1  47
ROW 0 1 10
T 0  -5 4 35  22
T 0  -25 4 14  23
T 1  129 143 3  24
T 1  5 13 35  26
T 1  25 22 14  27
T 2  -8 221 105  28
T 2  -258 2431 3  30
T 2  -1 39 35  32
T 2  -25 429 14  33
T 3  75 8 14  34
ROW 0 2 10
T 0  -5 2 2  11
T 0  -5 1 14  12
T 1  63 143 5  13
T 1  10 13 2  14
T 1  10 11 14  15
T 2  -5 221 231  16
T 2  -126 2431 5  18
T 2  -2 39 2  19
T 2  -20 429 14  20
T 3  15 2 14  21
ROW 0 3 10
T 0  5 4 3  0
T 0  -5 2 21  1
T 1  9 286 10  2
T 1  -5 13 3  3
T 1  5 11 21  4
T 2  -20 221 11  5
T 2  -9 2431 10  7
T 2  1 39 3  8
T 2  -10 429 21  9
T 3  15 4 21  10
ROW 0 4 6
T 0  15 4 5  54
T 1  -24 143 33  55
T 1  -15 13 5  56
T 2  -2 221 715  57
T 2  48 2431 33  58
T 2  1 13 5  59
ROW 0 5 6
T 0  15 4 11  48
T 1  -21 26 6  49
T 1  -15 13 11  50
T 2  -4 221 91  51
T 2  21 221 6  52
T 2  1 13 11  53
ROW 0 6 3
T 1  -9 13 13  38
T 2  -1 221 455  42
T 2  18 221 13  44
ROW 1 -6 9
T 0  15 8 22  86
T 1  -3 26 273  105
T 1  9 13 3  89
T 1  -15 26 22  91
T 2  -1 221 910  106
T 2  1 442 182  94
T 2  3 221 273  107
T 2  -18 221 3  96
T 2  1 26 22  98
ROW 1 -5 6
T 1  -3 52 26  102
T 1  3 2 1  73
T 2  -3 442 910  103
T 2  1 221 195  78
T 2  3 442 26  104
T 2  -3 17 1  80
ROW 1 -4 16
T 0  -15 4 3  86
T 0  -5 4 15  60
T 0  -5 4 105  61
T 1  87 572 22  89
T 1  573 572 2  62
T 1  15 13 3  91
T 1  5 13 15  63
T 1  5 22 105  64
T 2  -1 221 3003  94
T 2  3 221 55  65
T 2  -87 4862 22  96
T 2  -573 4862 2  66
T 2  -1 13 3  98
T 2  -1 39 15  67
T 2  -5 429 105  68
T 3  15 8 105  69
ROW 1 -3 16
T 0  -15 2 1  70
T 0  -15 4 3  71
T 0  -15 4 21  72
T 1  27 286 165  73
T 1  111 572 30  74
T 1  30 13 1  75
T 1  15 13 3  76
T 1  15 22 21  77
T 2  -5 221 143  78
T 2  5 442 154  79
T 2  -27 2431 165  80
T 2  -111 4862 30  81
T 2  -2 13 1  82
T 2  -1 13 3  83
T 2  -5 143 21  84
T 3  45 8 21  85
ROW 1 -2 20
T 0  -35 8 2  60
T 0  -5 4 21  87
T 0  5 4 14  61
T 0  -5 4 210  88
T 1  48 143 15  62
T 1  69 286 5  90
T 1  35 26 2  63
T 1  5 13 21  92
T 1  -5 22 14  64
T 1  5 22 210  93
T 2  -15 442 66  65
T 2  15 221 7  95
T 2  -96 2431 15  66
T 2  -69 2431 5  97
T 2  -7 78 2  67
T 2  -1 39 21  99
T 2  5 429 14  68
T 2  -5 429 210  100
T 3  -15 8 14  69
T 3  15 8 210  101
ROW 1 -1 10
T 0  -5 8 30  71
T 0  5 8 210  72
T 1  177 286 3  74
T 1  5 26 30  76
T 1  -5 44 210  77
T 2  -3 221 385  79
T 2  -177 2431 3  81
T 2  -1 78 30  83
T 2  5 858 210  84
T 3  -15 16 210  85
ROW 1 0 7
T 0  75 4 1  23
T 1  3 22 42  24
T 1  -75 22 1  27
T 2  -14 221 30  28
T 2  -3 187 42  30
T 2  25 143 1  33
T 3  -225 8 1  34
ROW 1 1 20
T 0  -5 4 14  35
T 0  -5 8 30  11
T 0  -25 4 14  36
T 0  5 8 210  12
T 1  -3 143 14  37
T 1  177 286 3  13
T 1  5 13 14  39
T 1  5 26 30  14
T 1  25 22 14  40
T 1  -5 44 210  15
T 2  18 221 14  41
T 2  -3 221 385  16
T 2  6 2431 14  43
T 2  -177 2431 3  18
T 2  -1 39 14  45
T 2  -1 78 30  19
T 2  -25 429 14  46
T 2  5 858 210  20
T 3  75 8 14  47
T 3  -15 16 210  21
ROW 1 2 20
T 0  -5 4 21  22
T 0  -35 8 2  0
T 0  -5 4 210  23
T 0  5 4 14  1
T 1  69 286 5  24
T 1  48 143 15  2
T 1  5 13 21  26
T 1  35 26 2  3
T 1  5 22 210  27
T 1  -5 22 14  4
T 2  15 221 7  28
T 2  -15 442 66  5
T 2  -69 2431 5  30
T 2  -96 2431 15  7
T 2  -1 39 21  32
T 2  -7 78 2  8
T 2  -5 429 210  33
T 2  5 429 14  9
T 3  15 8 210  34
T 3  -15 8 14  10
ROW 1 3 16
T 0  -15 4 3  11
T 0  -15 2 1  54
T 0  -15 4 21  12
T 1  111 572 30  13
T 1  27 286 165  55
T 1  15 13 3  14
T 1  30 13 1  56
T 1  15 22 21  15
T 2  5 442 154  16
T 2  -5 221 143  57
T 2  -111 4862 30  18
T 2  -27 2431 165  58
T 2  -1 13 3  19
T 2  -2 13 1  59
T 2  -5 143 21  20
T 3  45 8 21  21
ROW 1 4 16
T 0  -5 4 15  0
T 0  -15 4 3  48
T 0  -5 4 105  1
T 1  573 572 2  2
T 1  87 572 22  49
T 1  5 13 15  3
T 1  15 13 3  50
T 1  5 22 105  4
T 2  3 221 55  5
T 2  -1 221 3003  51
T 2  -573 4862 2  7
T 2  -87 4862 22  52
T 2  -1 39 15  8
T 2  -1 13 3  53
T 2  -5 429 105  9
T 3  15 8 105  10
ROW 1 5 6
T 1  3 2 1  55
T 1  -3 52 26  38
T 2  1 221 195  57
T 2  -3 442 910  42
T 2  -3 17 1  58
T 2  3 442 26  44
ROW 1 6 9
T 0  15 8 22  48
T 1  9 13 3  49
T 1  -3 26 273  25
T 1  -15 26 22  50
T 2  1 442 182  51
T 2  -1 221 910  29
T 2  -18 221 3  52
T 2  3 221 273  31
T 2  1 26 22  53
ROW 2 -6 7
T 0  -15 8 22  70
T 1  -3 26 30  73
T 1  15 26 22  75
T 2  -1 221 3094  108
T 2  -1 442 26  78
T 2  3 221 30  80
T 2  -1 26 22  82
ROW 2 -5 13
T 0  -5 4 33  60
T 0  -5 4 231  61
T 1  3 52 910  105
T 1  -57 572 110  62
T 1  5 13 33  63
T 1  5 22 231  64
T 2  -4 221 273  106
T 2  -6 221 1  65
T 2  -3 442 910  107
T 2  57 4862 110  66
T 2  -1 39 33  67
T 2  -5 429 231  68
T 3  15 8 231  69
ROW 2 -4 13
T 0  -15 4 1  71
T 0  -15 2 7  72
T 1  6 143 1430  102
T 1  -60 143 10  74
T 1  15 13 1  76
T 1  15 11 7  77
T 2  -3 442 2002  103
T 2  -1 442 462  79
T 2  -12 2431 1430  104
T 2  120 2431 10  81
T 2  -1 13 1  83
T 2  -10 143 7  84
T 3  45 4 7  85
ROW 2 -3 13
T 0  15 4 1  86
T 0  -15 4 21  88
T 1  75 572 66  89
T 1  -45 44 2  90
T 1  -15 13 1  91
T 1  15 22 21  93
T 2  -2 221 1001  94
T 2  -2 221 70  95
T 2  -75 4862 66  96
T 2  45 374 2  97
T 2  1 13 1  98
T 2  -5 143 21  100
T 3  45 8 21  101
ROW 2 -2 6
T 0  15 8 10  70
T 1  15 286 66  73
T 1  -15 26 10  75
T 2  -3 442 1430  78
T 2  -15 2431 66  80
T 2  1 26 10  82
ROW 2 -1 20
T 0  5 1 2  60
T 0  5 4 21  87
T 0  -5 8 14  61
T 0  -5 8 210  88
T 1  -15 286 15  62
T 1  -147 286 5  90
T 1  -20 13 2  63
T 1  -5 13 21  92
T 1  5 44 14  64
T 1  5 44 210  93
T 2  -6 221 66  65
T 2  -12 221 7  95
T 2  15 2431 15  66
T 2  147 2431 5  97
T 2  4 39 2  67
T 2  1 39 21  99
T 2  -5 858 14  68
T 2  -5 858 210  100
T 3  15 16 14  69
T 3  15 16 210  101
ROW 2 0 10
T 0  15 4 7  11
T 0  -15 2 1  12
T 1  -18 143 70  13
T 1  -15 13 7  14
T 1  15 11 1  15
T 2  -7 221 66  16
T 2  36 2431 70  18
T 2  1 13 7  19
T 2  -10 143 1  20
T 3  45 4 1  21
ROW 2 1 20
T 0  -5 4 21  22
T 0  5 1 2  0
T 0  5 8 210  23
T 0  -5 8 14  1
T 1  147 286 5  24
T 1  -15 286 15  2
T 1  5 13 21  26
T 1  -20 13 2  3
T 1  -5 44 210  27
T 1  5 44 14  4
T 2  12 221 7  28
T 2  -6 221 66  5
T 2  -147 2431 5  30
T 2  15 2431 15  7
T 2  -1 39 21  32
T 2  4 39 2  8
T 2  5 858 210  33
T 2  -5 858 14  9
T 3  -15 16 210  34
T 3  15 16 14  10
ROW 2 2 16
T 0  5 4 14  35
T 0  15 8 10  54
T 0  -5 1 14  36
T 1  -75 143 14  37
T 1  15 286 66  55
T 1  -5 13 14  39
T 1  -15 26 10  56
T 1  10 11 14  40
T 2  -9 221 14  41
T 2  -3 442 1430  57
T 2  150 2431 14  43
T 2  -15 2431 66  58
T 2  1 39 14  45
T 2  1 26 10  59
T 2  -20 429 14  46
T 3  15 2 14  47
ROW 2 3 13
T 0  15 4 1  48
T 0  -15 4 21  23
T 1  -45 44 2  24
T 1  75 572 66  49
T 1  -15 13 1  50
T 1  15 22 21  27
T 2  -2 221 70  28
T 2  -2 221 1001  51
T 2  45 374 2  30
T 2  -75 4862 66  52
T 2  1 13 1  53
T 2  -5 143 21  33
T 3  45 8 21  34
ROW 2 4 13
T 0  -15 4 1  11
T 0  -15 2 7  12
T 1  -60 143 10  13
T 1  6 143 1430  38
T 1  15 13 1  14
T 1  15 11 7  15
T 2  -1 442 462  16
T 2  -3 442 2002  42
T 2  120 2431 10  18
T 2  -12 2431 1430  44
T 2  -1 13 1  19
T 2  -10 143 7  20
T 3  45 4 7  21
ROW 2 5 13
T 0  -5 4 33  0
T 0  -5 4 231  1
T 1  -57 572 110  2
T 1  3 52 910  25
T 1  5 13 33  3
T 1  5 22 231  4
T 2  -6 221 1  5
T 2  -4 221 273  29
T 2  57 4862 110  7
T 2  -3 442 910  31
T 2  -1 39 33  8
T 2  -5 429 231  9
T 3  15 8 231  10
ROW 2 6 7
T 0  -15 8 22  54
T 1  -3 26 30  55
T 1  15 26 22  56
T 2  -1 442 26  57
T 2  -1 221 3094  17
T 2  3 221 30  58
T 2  -1 26 22  59
ROW 3 -6 11
T 0  5 8 66  60
T 0  -5 4 462  61
T 1  9 286 55  62
T 1  -5 26 66  63
T 1  5 22 462  64
T 2  -1 221 9282  109
T 2  1 442 2  65
T 2  -9 2431 55  66
T 2  1 78 66  67
T 2  -5 429 462  68
T 3  15 8 462  69
ROW 3 -5 11
T 0  5 4 33  71
T 0  -5 4 231  72
T 1  15 572 330  74
T 1  -5 13 33  76
T 1  5 22 231  77
T 2  -2 221 1547  108
T 2  1 442 14  79
T 2  -15 4862 330  81
T 2  1 39 33  83
T 2  -5 429 231  84
T 3  15 8 231  85
ROW 3 -4 13
T 0  5 4 42  87
T 0  -5 4 105  88
T 1  -3 572 30030  105
T 1  135 572 10  90
T 1  -5 13 42  92
T 1  5 22 105  93
T 2  -2 221 1001  106
T 2  1 221 14  95
T 2  3 4862 30030  107
T 2  -135 4862 10  97
T 2  1 39 42  99
T 2  -5 429 105  100
T 3  15 8 105  101
ROW 3 -3 3
T 1  -45 572 286  102
T 2  -1 442 10010  103
T 2  45 4862 286  104
ROW 3 -2 16
T 0  -5 8 6  86
T 0  5 4 35  87
T 0  -5 4 14  88
T 1  -135 286 11  89
T 1  105 143 3  90
T 1  5 26 6  91
T 1  -5 13 35  92
T 1  5 22 14  93
T 2  -1 442 6006  94
T 2  1 221 105  95
T 2  135 2431 11  96
T 2  -210 2431 3  97
T 2  -1 78 6  98
T 2  1 39 35  99
T 2  -5 429 14  100
T 3  15 8 14  101
ROW 3 -1 16
T 0  -5 4 6  70
T 0  -35 8 2  71
T 0  5 8 14  72
T 1  -45 286 110  73
T 1  -189 286 5  74
T 1  5 13 6  75
T 1  35 26 2  76
T 1  -5 44 14  77
T 2  -1 221 858  78
T 2  -1 221 231  79
T 2  45 2431 110  80
T 2  189 2431 5  81
T 2  -1 39 6  82
T 2  -7 78 2  83
T 2  5 858 14  84
T 3  -15 16 14  85
ROW 3 0 10
T 0  -5 2 7  0
T 0  5 4 1  1
T 1  -45 286 210  2
T 1  10 13 7  3
T 1  -5 22 1  4
T 2  -2 221 231  5
T 2  45 2431 210  7
T 2  -2 39 7  8
T 2  5 429 1  9
T 3  -15 8 1  10
ROW 3 1 16
T 0  35 8 2  11
T 0  -5 4 6  54
T 0  -5 8 14  12
T 1  189 286 5  13
T 1  -45 286 110  55
T 1  -35 26 2  14
T 1  5 13 6  56
T 1  5 44 14  15
T 2  1 221 231  16
T 2  -1 221 858  57
T 2  -189 2431 5  18
T 2  45 2431 110  58
T 2  7 78 2  19
T 2  -1 39 6  59
T 2  -5 858 14  20
T 3  15 16 14  21
ROW 3 2 16
T 0  -5 4 35  22
T 0  -5 8 6  48
T 0  5 4 14  23
T 1  -105 143 3  24
T 1  -135 286 11  49
T 1  5 13 35  26
T 1  5 26 6  50
T 1  -5 22 14  27
T 2  -1 221 105  28
T 2  -1 442 6006  51
T 2  210 2431 3  30
T 2  135 2431 11  52
T 2  -1 39 35  32
T 2  -1 78 6  53
T 2  5 429 14  33
T 3  -15 8 14  34
ROW 3 3 13
T 0  5 2 21  35
T 0  -5 2 21  36
T 1  45 143 21  37
T 1  -45 572 286  38
T 1  -10 13 21  39
T 1  5 11 21  40
T 2  2 221 21  41
T 2  -1 442 10010  42
T 2  -90 2431 21  43
T 2  45 4862 286  44
T 2  2 39 21  45
T 2  -10 429 21  46
T 3  15 4 21  47
ROW 3 4 13
T 0  5 4 42  22
T 0  -5 4 105  23
T 1  135 572 10  24
T 1  -3 572 30030  25
T 1  -5 13 42  26
T 1  5 22 105  27
T 2  1 221 14  28
T 2  -2 221 1001  29
T 2  -135 4862 10  30
T 2  3 4862 30030  31
T 2  1 39 42  32
T 2  -5 429 105  33
T 3  15 8 105  34
ROW 3 5 11
T 0  5 4 33  11
T 0  -5 4 231  12
T 1  15 572 330  13
T 1  -5 13 33  14
T 1  5 22 231  15
T 2  1 442 14  16
T 2  -2 221 1547  17
T 2  -15 4862 330  18
T 2  1 39 33  19
T 2  -5 429 231  20
T 3  15 8 231  21
ROW 3 6 11
T 0  5 8 66  0
T 0  -5 4 462  1
T 1  9 286 55  2
T 1  -5 26 66  3
T 1  5 22 462  4
T 2  1 442 2  5
T 2  -1 221 9282  6
T 2  -9 2431 55  7
T 2  1 78 66  8
T 2  -5 429 462  9
T 3  15 8 462  10
