FORMAT 1
KERNEL S
SOURCE (s|S|s)
SHELLS 5 3

# E <id> <alpha> <beta> <mu> <p>
E 0 0 2 1 -5
E 1 0 2 2 -5
E 2 0 2 3 -5
E 3 0 2 0 -5

# G <id> <2k> <L> <M>
G 0 0 4 2
G 1 2 2 2
G 2 0 6 2
G 3 2 4 2
G 4 4 2 2
G 5 0 8 2
G 6 0 8 8
G 7 2 6 2
G 8 4 4 2
G 9 6 2 2
G 10 0 2 2
G 11 0 4 3
G 12 0 6 3
G 13 2 4 3
G 14 0 8 3
G 15 0 8 7
G 16 2 6 3
G 17 4 4 3
G 18 0 4 4
G 19 0 6 4
G 20 0 6 6
G 21 2 4 4
G 22 0 8 4
G 23 0 8 6
G 24 2 6 4
G 25 2 6 6
G 26 4 4 4
G 27 0 6 -5
G 28 0 8 -5
G 29 2 6 -5
G 30 0 4 -4
G 31 0 6 -6
G 32 0 6 -4
G 33 2 4 -4
G 34 0 8 -6
G 35 0 8 -4
G 36 2 6 -6
G 37 2 6 -4
G 38 4 4 -4
G 39 0 4 -3
G 40 0 6 -3
G 41 2 4 -3
G 42 0 8 -7
G 43 0 8 -3
G 44 2 6 -3
G 45 4 4 -3
G 46 0 4 -2
G 47 2 2 -2
G 48 0 6 -2
G 49 2 4 -2
G 50 4 2 -2
G 51 0 8 -8
G 52 0 8 -2
G 53 2 6 -2
G 54 4 4 -2
G 55 6 2 -2
G 56 0 2 -2
G 57 0 4 1
G 58 2 2 1
G 59 0 6 1
G 60 2 4 1
G 61 4 2 1
G 62 0 8 1
G 63 2 6 1
G 64 4 4 1
G 65 6 2 1
G 66 0 2 1
G 67 0 8 5
G 68 0 4 -1
G 69 2 2 -1
G 70 0 6 -1
G 71 2 4 -1
G 72 4 2 -1
G 73 0 8 -1
G 74 2 6 -1
G 75 4 4 -1
G 76 6 2 -1
G 77 0 2 -1
G 78 0 4 0
G 79 2 2 0
G 80 0 6 0
G 81 2 4 0
G 82 4 2 0
G 83 0 8 0
G 84 2 6 0
G 85 4 4 0
G 86 6 2 0
G 87 0 2 0
G 88 0 6 5
G 89 2 6 5

# TABLE <l> <l'> <rows> [SYMMETRIC]
# ROW <m> <m'> <terms>
# T <prefactor> <num> <den> <radicand> <geometry>

TABLE 5 3 77
ROW -5 -3 11
T 0  45 28 7  0
T 0  -45 28 105  1
T 1  5 44 6  2
T 1  -45 77 7  3
T 1  5 14 105  4
T 2  1 286 2  5
T 2  2 143 1001  6
T 2  -1 66 6  7
T 2  45 1001 7  8
T 2  -5 231 105  9
T 3  15 8 105  10
ROW -5 -2 7
T 0  -15 4 3  11
T 1  -15 22 1  12
T 1  15 11 3  13
T 2  -1 286 22  14
T 2  1 286 6006  15
T 2  1 11 1  16
T 2  -15 143 3  17
ROW -5 -1 9
T 0  3 2 15  18
T 1  15 22 3  19
T 1  15 44 22  20
T 1  -6 11 15  21
T 2  1 143 33  22
T 2  1 286 2002  23
T 2  -1 11 3  24
T 2  -1 22 22  25
T 2  6 143 15  26
ROW -5 0 3
T 1  -15 22 11  27
T 2  -1 143 286  28
T 2  1 11 11  29
ROW -5 1 9
T 0  3 2 15  30
T 1  -15 44 22  31
T 1  15 22 3  32
T 1  -6 11 15  33
T 2  -1 286 2002  34
T 2  1 143 33  35
T 2  1 22 22  36
T 2  -1 11 3  37
T 2  6 143 15  38
ROW -5 2 7
T 0  -15 4 3  39
T 1  -15 22 1  40
T 1  15 11 3  41
T 2  -1 286 6006  42
T 2  -1 286 22  43
T 2  1 11 1  44
T 2  -15 143 3  45
ROW -5 3 11
T 0  45 28 7  46
T 0  -45 28 105  47
T 1  5 44 6  48
T 1  -45 77 7  49
T 1  5 14 105  50
T 2  -2 143 1001  51
T 2  1 286 2  52
T 2  -1 66 6  53
T 2  45 1001 7  54
T 2  -5 231 105  55
T 3  15 8 105  56
ROW -4 -3 11
T 0  27 28 35  57
T 0  -45 28 42  58
T 1  5 22 6  59
T 1  -27 77 35  60
T 1  5 14 42  61
T 2  1 286 14  62
T 2  1 286 10010  15
T 2  -1 33 6  63
T 2  27 1001 35  64
T 2  -5 231 42  65
T 3  15 8 42  66
ROW -4 -2 13
T 0  -3 7 105  0
T 0  -135 28 7  1
T 1  -15 44 10  2
T 1  -15 44 22  20
T 1  12 77 105  3
T 1  15 14 7  4
T 2  -1 143 30  5
T 2  1 143 2002  23
T 2  1 22 10  7
T 2  1 22 22  25
T 2  -12 1001 105  8
T 2  -5 77 7  9
T 3  45 8 7  10
ROW -4 -1 7
T 0  -3 4 3  11
T 1  15 11 1  12
T 1  3 11 3  13
T 2  5 286 22  14
T 2  1 286 4290  67
T 2  -2 11 1  16
T 2  -3 143 3  17
ROW -4 0 6
T 0  9 1 1  30
T 1  -15 22 5  32
T 1  -36 11 1  33
T 2  -4 143 55  35
T 2  1 11 5  37
T 2  36 143 1  38
ROW -4 1 7
T 0  -3 4 3  39
T 1  15 11 1  40
T 1  3 11 3  41
T 2  -1 286 4290  28
T 2  5 286 22  43
T 2  -2 11 1  44
T 2  -3 143 3  45
ROW -4 2 13
T 0  -3 7 105  46
T 0  -135 28 7  47
T 1  15 44 22  31
T 1  -15 44 10  48
T 1  12 77 105  49
T 1  15 14 7  50
T 2  -1 143 2002  34
T 2  -1 143 30  52
T 2  -1 22 22  36
T 2  1 22 10  53
T 2  -12 1001 105  54
T 2  -5 77 7  55
T 3  45 8 7  56
ROW -4 3 11
T 0  27 28 35  68
T 0  -45 28 42  69
T 1  5 22 6  70
T 1  -27 77 35  71
T 1  5 14 42  72
T 2  -1 286 10010  42
T 2  1 286 14  73
T 2  -1 33 6  74
T 2  27 1001 35  75
T 2  -5 231 42  76
T 3  15 8 42  77
ROW -3 -3 13
T 0  45 14 7  78
T 0  -45 14 7  79
T 1  5 11 7  80
T 1  5 44 66  20
T 1  -90 77 7  81
T 1  5 7 7  82
T 2  2 143 7  83
T 2  1 286 6006  23
T 2  -2 33 7  84
T 2  -1 66 66  25
T 2  90 1001 7  85
T 2  -10 231 7  86
T 3  15 4 7  87
ROW -3 -2 13
T 0  -3 28 105  57
T 0  -45 14 14  58
T 1  -10 11 2  59
T 1  -5 22 33  88
T 1  3 77 105  60
T 1  5 7 14  61
T 2  -3 286 42  62
T 2  3 286 858  67
T 2  4 33 2  63
T 2  1 33 33  89
T 2  -3 1001 105  64
T 2  -10 231 14  65
T 3  15 4 14  66
ROW -3 -1 16
T 0  -27 28 21  0
T 0  3 1 3  18
T 0  -45 28 35  1
T 1  35 44 2  2
T 1  -5 22 15  19
T 1  27 77 21  3
T 1  -12 11 3  21
T 1  5 14 35  4
T 2  15 286 6  5
T 2  3 143 165  22
T 2  -7 66 2  7
T 2  1 33 15  24
T 2  -27 1001 21  8
T 2  12 143 3  26
T 2  -5 231 35  9
T 3  15 8 35  10
ROW -3 0 6
T 0  9 2 1  39
T 1  -5 22 3  40
T 1  -18 11 1  41
T 2  -5 143 66  43
T 2  1 33 3  44
T 2  18 143 1  45
ROW -3 1 16
T 0  -3 1 3  30
T 0  -27 28 21  46
T 0  -45 28 35  47
T 1  5 22 15  32
T 1  35 44 2  48
T 1  12 11 3  33
T 1  27 77 21  49
T 1  5 14 35  50
T 2  -3 143 165  35
T 2  15 286 6  52
T 2  -1 33 15  37
T 2  -7 66 2  53
T 2  -12 143 3  38
T 2  -27 1001 21  54
T 2  -5 231 35  55
T 3  15 8 35  56
ROW -3 2 13
T 0  -3 28 105  68
T 0  -45 14 14  69
T 1  5 22 33  27
T 1  -10 11 2  70
T 1  3 77 105  71
T 1  5 7 14  72
T 2  -3 286 858  28
T 2  -3 286 42  73
T 2  -1 33 33  29
T 2  4 33 2  74
T 2  -3 1001 105  75
T 2  -10 231 14  76
T 3  15 4 14  77
ROW -3 3 3
T 1  -5 44 66  31
T 2  -1 286 6006  34
T 2  1 66 66  36
ROW -2 -3 13
T 0  -15 28 105  57
T 0  45 56 14  58
T 1  -35 44 2  59
T 1  5 22 33  88
T 1  15 77 105  60
T 1  -5 28 14  61
T 2  -1 143 42  62
T 2  1 143 858  67
T 2  7 66 2  63
T 2  -1 33 33  89
T 2  -15 1001 105  64
T 2  5 462 14  65
T 3  -15 16 14  66
ROW -2 -2 16
T 0  15 14 7  78
T 0  -3 2 5  18
T 0  -135 28 7  79
T 1  -15 22 7  80
T 1  -15 22 1  19
T 1  -30 77 7  81
T 1  6 11 5  21
T 1  15 14 7  82
T 2  -8 143 7  83
T 2  12 143 11  22
T 2  1 11 7  84
T 2  1 11 1  24
T 2  30 1001 7  85
T 2  -6 143 5  26
T 2  -5 77 7  86
T 3  45 8 7  87
ROW -2 -1 16
T 0  -12 7 7  57
T 0  21 4 1  11
T 0  -45 56 210  58
T 1  5 44 30  59
T 1  -15 22 3  12
T 1  48 77 7  60
T 1  -21 11 1  13
T 1  5 28 210  61
T 2  3 143 70  62
T 2  5 143 66  14
T 2  -1 66 30  63
T 2  1 11 3  16
T 2  -48 1001 7  64
T 2  21 143 1  17
T 2  -5 462 210  65
T 3  15 16 210  66
ROW -2 0 10
T 0  -3 14 21  46
T 0  -45 28 35  47
T 1  5 11 2  48
T 1  6 77 21  49
T 1  5 14 35  50
T 2  -20 143 6  52
T 2  -2 33 2  53
T 2  -6 1001 21  54
T 2  -5 231 35  55
T 3  15 8 35  56
ROW -2 1 16
T 0  -21 4 1  39
T 0  -12 7 7  68
T 0  -45 56 210  69
T 1  15 22 3  40
T 1  5 44 30  70
T 1  21 11 1  41
T 1  48 77 7  71
T 1  5 28 210  72
T 2  -5 143 66  43
T 2  3 143 70  73
T 2  -1 11 3  44
T 2  -1 66 30  74
T 2  -21 143 1  45
T 2  -48 1001 7  75
T 2  -5 462 210  76
T 3  15 16 210  77
ROW -2 2 6
T 0  3 2 5  30
T 1  15 22 1  32
T 1  -6 11 5  33
T 2  -12 143 11  35
T 2  -1 11 1  37
T 2  6 143 5  38
ROW -2 3 13
T 0  15 28 105  68
T 0  -45 56 14  69
T 1  -5 22 33  27
T 1  35 44 2  70
T 1  -15 77 105  71
T 1  5 28 14  72
T 2  -1 143 858  28
T 2  1 143 42  73
T 2  1 33 33  29
T 2  -7 66 2  74
T 2  15 1001 105  75
T 2  -5 462 14  76
T 3  15 16 14  77
ROW -1 -3 16
T 0  45 56 30  0
T 0  3 28 210  18
T 0  -45 56 2  1
T 1  5 22 35  2
T 1  5 22 42  19
T 1  -45 154 30  3
T 1  -3 77 210  21
T 1  5 28 2  4
T 2  1 143 105  5
T 2  1 143 462  22
T 2  -1 33 35  7
T 2  -1 33 42  24
T 2  45 2002 30  8
T 2  3 1001 210  26
T 2  -5 462 2  9
T 3  15 16 2  10
ROW -1 -2 14
T 0  -75 56 10  57
T 0  -33 56 70  11
T 0  45 14 3  58
T 1  5 22 21  59
T 1  75 154 10  60
T 1  3 14 70  13
T 1  -5 7 3  61
T 2  21 143 1  62
T 2  1 143 1155  14
T 2  -1 33 21  63
T 2  -75 2002 10  64
T 2  -3 182 70  17
T 2  10 231 3  65
T 3  -15 4 3  66
ROW -1 -1 18
T 0  -33 28 10  78
T 0  129 56 2  0
T 0  -135 28 10  79
T 0  -45 56 30  1
T 1  -5 22 21  2
T 1  3 7 10  81
T 1  -129 154 2  3
T 1  15 14 10  82
T 1  5 28 30  4
T 2  14 143 10  83
T 2  15 143 7  5
T 2  1 33 21  7
T 2  -3 91 10  85
T 2  129 2002 2  8
T 2  -5 77 10  86
T 2  -5 462 30  9
T 3  45 8 10  87
T 3  15 16 30  10
ROW -1 0 10
T 0  -57 28 6  68
T 0  -45 7 5  69
T 1  5 22 35  70
T 1  57 77 6  71
T 1  10 7 5  72
T 2  -14 143 15  73
T 2  -1 33 35  74
T 2  -57 1001 6  75
T 2  -20 231 5  76
T 3  15 2 5  77
ROW -1 1 10
T 0  -129 56 2  46
T 0  45 56 30  47
T 1  5 22 21  48
T 1  129 154 2  49
T 1  -5 28 30  50
T 2  -15 143 7  52
T 2  -1 33 21  53
T 2  -129 2002 2  54
T 2  5 462 30  55
T 3  -15 16 30  56
ROW -1 2 14
T 0  33 56 70  39
T 0  75 56 10  68
T 0  -45 14 3  69
T 1  -5 22 21  70
T 1  -3 14 70  41
T 1  -75 154 10  71
T 1  5 7 3  72
T 2  -1 143 1155  43
T 2  -21 143 1  73
T 2  1 33 21  74
T 2  3 182 70  45
T 2  75 2002 10  75
T 2  -10 231 3  76
T 3  15 4 3  77
ROW -1 3 16
T 0  -3 28 210  30
T 0  -45 56 30  46
T 0  45 56 2  47
T 1  -5 22 42  32
T 1  -5 22 35  48
T 1  3 77 210  33
T 1  45 154 30  49
T 1  -5 28 2  50
T 2  -1 143 462  35
T 2  -1 143 105  52
T 2  1 33 42  37
T 2  1 33 35  53
T 2  -3 1001 210  38
T 2  -45 2002 30  54
T 2  5 462 2  55
T 3  -15 16 2  56
ROW 0 -3 6
T 0  -45 28 7  39
T 1  -5 11 21  40
T 1  45 77 7  41
T 2  -1 143 462  43
T 2  2 33 21  44
T 2  -45 1001 7  45
ROW 0 -2 10
T 0  30 7 3  46
T 0  -45 28 5  47
T 1  -5 22 14  48
T 1  -120 77 3  49
T 1  5 14 5  50
T 2  -6 143 42  52
T 2  1 33 14  53
T 2  120 1001 3  54
T 2  -5 231 5  55
T 3  15 8 5  56
ROW 0 -1 10
T 0  -3 28 15  68
T 0  225 28 2  69
T 1  5 22 14  70
T 1  3 77 15  71
T 1  -25 14 2  72
T 2  -21 143 6  73
T 2  -1 33 14  74
T 2  -3 1001 15  75
T 2  25 231 2  76
T 3  -75 8 2  77
ROW 0 0 10
T 0  -45 7 1  78
T 0  -225 14 1  79
T 1  35 22 1  80
T 1  180 77 1  81
T 1  25 7 1  82
T 2  -56 143 1  83
T 2  -7 33 1  84
T 2  -180 1001 1  85
T 2  -50 231 1  86
T 3  75 4 1  87
ROW 0 1 10
T 0  -3 28 15  57
T 0  225 28 2  58
T 1  5 22 14  59
T 1  3 77 15  60
T 1  -25 14 2  61
T 2  -21 143 6  62
T 2  -1 33 14  63
T 2  -3 1001 15  64
T 2  25 231 2  65
T 3  -75 8 2  66
ROW 0 2 10
T 0  30 7 3  0
T 0  -45 28 5  1
T 1  -5 22 14  2
T 1  -120 77 3  3
T 1  5 14 5  4
T 2  -6 143 42  5
T 2  1 33 14  7
T 2  120 1001 3  8
T 2  -5 231 5  9
T 3  15 8 5  10
ROW 0 3 6
T 0  -45 28 7  11
T 1  -5 11 21  12
T 1  45 77 7  13
T 2  -1 143 462  14
T 2  2 33 21  16
T 2  -45 1001 7  17
ROW 1 -3 16
T 0  -3 28 210  30
T 0  45 56 30  46
T 0  -45 56 2  47
T 1  -5 22 42  32
T 1  5 22 35  48
T 1  3 77 210  33
T 1  -45 154 30  49
T 1  5 28 2  50
T 2  -1 143 462  35
T 2  1 143 105  52
T 2  1 33 42  37
T 2  -1 33 35  53
T 2  -3 1001 210  38
T 2  45 2002 30  54
T 2  -5 462 2  55
T 3  15 16 2  56
ROW 1 -2 14
T 0  33 56 70  39
T 0  -75 56 10  68
T 0  45 14 3  69
T 1  5 22 21  70
T 1  -3 14 70  41
T 1  75 154 10  71
T 1  -5 7 3  72
T 2  -1 143 1155  43
T 2  21 143 1  73
T 2  -1 33 21  74
T 2  3 182 70  45
T 2  -75 2002 10  75
T 2  10 231 3  76
T 3  -15 4 3  77
ROW 1 -1 10
T 0  -129 56 2  46
T 0  45 56 30  47
T 1  5 22 21  48
T 1  129 154 2  49
T 1  -5 28 30  50
T 2  -15 143 7  52
T 2  -1 33 21  53
T 2  -129 2002 2  54
T 2  5 462 30  55
T 3  -15 16 30  56
ROW 1 0 10
T 0  -57 28 6  57
T 0  -45 7 5  58
T 1  5 22 35  59
T 1  57 77 6  60
T 1  10 7 5  61
T 2  -14 143 15  62
T 2  -1 33 35  63
T 2  -57 1001 6  64
T 2  -20 231 5  65
T 3  15 2 5  66
ROW 1 1 18
T 0  -33 28 10  78
T 0  -129 56 2  0
T 0  -135 28 10  79
T 0  45 56 30  1
T 1  5 22 21  2
T 1  3 7 10  81
T 1  129 154 2  3
T 1  15 14 10  82
T 1  -5 28 30  4
T 2  14 143 10  83
T 2  -15 143 7  5
T 2  -1 33 21  7
T 2  -3 91 10  85
T 2  -129 2002 2  8
T 2  -5 77 10  86
T 2  5 462 30  9
T 3  45 8 10  87
T 3  -15 16 30  10
ROW 1 2 14
T 0  -75 56 10  57
T 0  33 56 70  11
T 0  45 14 3  58
T 1  5 22 21  59
T 1  75 154 10  60
T 1  -3 14 70  13
T 1  -5 7 3  61
T 2  21 143 1  62
T 2  -1 143 1155  14
T 2  -1 33 21  63
T 2  -75 2002 10  64
T 2  3 182 70  17
T 2  10 231 3  65
T 3  -15 4 3  66
ROW 1 3 16
T 0  45 56 30  0
T 0  -3 28 210  18
T 0  -45 56 2  1
T 1  5 22 35  2
T 1  -5 22 42  19
T 1  -45 154 30  3
T 1  3 77 210  21
T 1  5 28 2  4
T 2  1 143 105  5
T 2  -1 143 462  22
T 2  -1 33 35  7
T 2  1 33 42  24
T 2  45 2002 30  8
T 2  -3 1001 210  26
T 2  -5 462 2  9
T 3  15 16 2  10
ROW 2 -3 13
T 0  -15 28 105  68
T 0  45 56 14  69
T 1  -5 22 33  27
T 1  -35 44 2  70
T 1  15 77 105  71
T 1  -5 28 14  72
T 2  -1 143 858  28
T 2  -1 143 42  73
T 2  1 33 33  29
T 2  7 66 2  74
T 2  -15 1001 105  75
T 2  5 462 14  76
T 3  -15 16 14  77
ROW 2 -2 6
T 0  3 2 5  30
T 1  15 22 1  32
T 1  -6 11 5  33
T 2  -12 143 11  35
T 2  -1 11 1  37
T 2  6 143 5  38
ROW 2 -1 16
T 0  -21 4 1  39
T 0  12 7 7  68
T 0  45 56 210  69
T 1  15 22 3  40
T 1  -5 44 30  70
T 1  21 11 1  41
T 1  -48 77 7  71
T 1  -5 28 210  72
T 2  -5 143 66  43
T 2  -3 143 70  73
T 2  -1 11 3  44
T 2  1 66 30  74
T 2  -21 143 1  45
T 2  48 1001 7  75
T 2  5 462 210  76
T 3  -15 16 210  77
ROW 2 0 10
T 0  -3 14 21  0
T 0  -45 28 35  1
T 1  5 11 2  2
T 1  6 77 21  3
T 1  5 14 35  4
T 2  -20 143 6  5
T 2  -2 33 2  7
T 2  -6 1001 21  8
T 2  -5 231 35  9
T 3  15 8 35  10
ROW 2 1 16
T 0  -12 7 7  57
T 0  -21 4 1  11
T 0  -45 56 210  58
T 1  5 44 30  59
T 1  15 22 3  12
T 1  48 77 7  60
T 1  21 11 1  13
T 1  5 28 210  61
T 2  3 143 70  62
T 2  -5 143 66  14
T 2  -1 66 30  63
T 2  -1 11 3  16
T 2  -48 1001 7  64
T 2  -21 143 1  17
T 2  -5 462 210  65
T 3  15 16 210  66
ROW 2 2 16
T 0  15 14 7  78
T 0  3 2 5  18
T 0  -135 28 7  79
T 1  -15 22 7  80
T 1  15 22 1  19
T 1  -30 77 7  81
T 1  -6 11 5  21
T 1  15 14 7  82
T 2  -8 143 7  83
T 2  -12 143 11  22
T 2  1 11 7  84
T 2  -1 11 1  24
T 2  30 1001 7  85
T 2  6 143 5  26
T 2  -5 77 7  86
T 3  45 8 7  87
ROW 2 3 13
T 0  -15 28 105  57
T 0  45 56 14  58
T 1  -35 44 2  59
T 1  -5 22 33  88
T 1  15 77 105  60
T 1  -5 28 14  61
T 2  -1 143 42  62
T 2  -1 143 858  67
T 2  7 66 2  63
T 2  1 33 33  89
T 2  -15 1001 105  64
T 2  5 462 14  65
T 3  -15 16 14  66
ROW 3 -3 3
T 1  -5 44 66  31
T 2  -1 286 6006  34
T 2  1 66 66  36
ROW 3 -2 13
T 0  3 28 105  68
T 0  45 14 14  69
T 1  5 22 33  27
T 1  10 11 2  70
T 1  -3 77 105  71
T 1  -5 7 14  72
T 2  -3 286 858  28
T 2  3 286 42  73
T 2  -1 33 33  29
T 2  -4 33 2  74
T 2  3 1001 105  75
T 2  10 231 14  76
T 3  -15 4 14  77
ROW 3 -1 16
T 0  -3 1 3  30
T 0  27 28 21  46
T 0  45 28 35  47
T 1  5 22 15  32
T 1  -35 44 2  48
T 1  12 11 3  33
T 1  -27 77 21  49
T 1  -5 14 35  50
T 2  -3 143 165  35
T 2  -15 286 6  52
T 2  -1 33 15  37
T 2  7 66 2  53
T 2  -12 143 3  38
T 2  27 1001 21  54
T 2  5 231 35  55
T 3  -15 8 35  56
ROW 3 0 6
T 0  9 2 1  11
T 1  -5 22 3  12
T 1  -18 11 1  13
T 2  -5 143 66  14
T 2  1 33 3  16
T 2  18 143 1  17
ROW 3 1 16
T 0  -27 28 21  0
T 0  -3 1 3  18
T 0  -45 28 35  1
T 1  35 44 2  2
T 1  5 22 15  19
T 1  27 77 21  3
T 1  12 11 3  21
T 1  5 14 35  4
T 2  15 286 6  5
T 2  -3 143 165  22
T 2  -7 66 2  7
T 2  -1 33 15  24
T 2  -27 1001 21  8
T 2  -12 143 3  26
T 2  -5 231 35  9
T 3  15 8 35  10
ROW 3 2 13
T 0  -3 28 105  57
T 0  -45 14 14  58
T 1  -10 11 2  59
T 1  5 22 33  88
T 1  3 77 105  60
T 1  5 7 14  61
T 2  -3 286 42  62
T 2  -3 286 858  67
T 2  4 33 2  63
T 2  -1 33 33  89
T 2  -3 1001 105  64
T 2  -10 231 14  65
T 3  15 4 14  66
ROW 3 3 13
T 0  45 14 7  78
T 0  -45 14 7  79
T 1  5 11 7  80
T 1  -5 44 66  20
T 1  -90 77 7  81
T 1  5 7 7  82
T 2  2 143 7  83
T 2  -1 286 6006  23
T 2  -2 33 7  84
T 2  1 66 66  25
T 2  90 1001 7  85
T 2  -10 231 7  86
T 3  15 4 7  87
ROW 4 -3 11
T 0  -27 28 35  68
T 0  45 28 42  69
T 1  -5 22 6  70
T 1  27 77 35  71
T 1  -5 14 42  72
T 2  -1 286 10010  42
T 2  -1 286 14  73
T 2  1 33 6  74
T 2  -27 1001 35  75
T 2  5 231 42  76
T 3  -15 8 42  77
ROW 4 -2 13
T 0  3 7 105  46
T 0  135 28 7  47
T 1  15 44 22  31
T 1  15 44 10  48
T 1  -12 77 105  49
T 1  -15 14 7  50
T 2  -1 143 2002  34
T 2  1 143 30  52
T 2  -1 22 22  36
T 2  -1 22 10  53
T 2  12 1001 105  54
T 2  5 77 7  55
T 3  -45 8 7  56
ROW 4 -1 7
T 0  3 4 3  39
T 1  -15 11 1  40
T 1  -3 11 3  41
T 2  -1 286 4290  28
T 2  -5 286 22  43
T 2  2 11 1  44
T 2  3 143 3  45
ROW 4 0 6
T 0  9 1 1  18
T 1  -15 22 5  19
T 1  -36 11 1  21
T 2  -4 143 55  22
T 2  1 11 5  24
T 2  36 143 1  26
ROW 4 1 7
T 0  -3 4 3  11
T 1  15 11 1  12
T 1  3 11 3  13
T 2  5 286 22  14
T 2  -1 286 4290  67
T 2  -2 11 1  16
T 2  -3 143 3  17
ROW 4 2 13
T 0  -3 7 105  0
T 0  -135 28 7  1
T 1  -15 44 10  2
T 1  15 44 22  20
T 1  12 77 105  3
T 1  15 14 7  4
T 2  -1 143 30  5
T 2  -1 143 2002  23
T 2  1 22 10  7
T 2  -1 22 22  25
T 2  -12 1001 105  8
T 2  -5 77 7  9
T 3  45 8 7  10
ROW 4 3 11
T 0  27 28 35  57
T 0  -45 28 42  58
T 1  5 22 6  59
T 1  -27 77 35  60
T 1  5 14 42  61
T 2  1 286 14  62
T 2  -1 286 10010  15
T 2  -1 33 6  63
T 2  27 1001 35  64
T 2  -5 231 42  65
T 3  15 8 42  66
ROW 5 -3 11
T 0  -45 28 7  46
T 0  45 28 105  47
T 1  -5 44 6  48
T 1  45 77 7  49
T 1  -5 14 105  50
T 2  -2 143 1001  51
T 2  -1 286 2  52
T 2  1 66 6  53
T 2  -45 1001 7  54
T 2  5 231 105  55
T 3  -15 8 105  56
ROW 5 -2 7
T 0  15 4 3  39
T 1  15 22 1  40
T 1  -15 11 3  41
T 2  -1 286 6006  42
T 2  1 286 22  43
T 2  -1 11 1  44
T 2  15 143 3  45
ROW 5 -1 9
T 0  -3 2 15  30
T 1  -15 44 22  31
T 1  -15 22 3  32
T 1  6 11 15  33
T 2  -1 286 2002  34
T 2  -1 143 33  35
T 2  1 22 22  36
T 2  1 11 3  37
T 2  -6 143 15  38
ROW 5 0 3
T 1  -15 22 11  88
T 2  -1 143 286  67
T 2  1 11 11  89
ROW 5 1 9
T 0  3 2 15  18
T 1  15 22 3  19
T 1  -15 44 22  20
T 1  -6 11 15  21
T 2  1 143 33  22
T 2  -1 286 2002  23
T 2  -1 11 3  24
T 2  1 22 22  25
T 2  6 143 15  26
ROW 5 2 7
T 0  -15 4 3  11
T 1  -15 22 1  12
T 1  15 11 3  13
T 2  -1 286 22  14
T 2  -1 286 6006  15
T 2  1 11 1  16
T 2  -15 143 3  17
ROW 5 3 11
T 0  45 28 7  0
T 0  -45 28 105  1
T 1  5 44 6  2
T 1  -45 77 7  3
T 1  5 14 105  4
T 2  1 286 2  5
T 2  -2 143 1001  6
T 2  -1 66 6  7
T 2  45 1001 7  8
T 2  -5 231 105  9
T 3  15 8 105  10
