FORMAT 1
KERNEL S
SOURCE (s|S|s)
SHELLS 6 3

# E <id> <alpha> <beta> <mu> <p>
E 0 0 3 1 -6
E 1 0 3 2 -6
E 2 0 3 3 -6
E 3 0 3 0 -6

# G <id> <2k> <L> <M>
G 0 0 5 3
G 1 2 3 3
G 2 0 7 3
G 3 2 5 3
G 4 4 3 3
G 5 0 9 3
G 6 0 9 9
G 7 2 7 3
G 8 4 5 3
G 9 6 3 3
G 10 0 3 3
G 11 0 5 4
G 12 0 7 4
G 13 2 5 4
G 14 0 9 4
G 15 0 9 8
G 16 2 7 4
G 17 4 5 4
G 18 0 5 5
G 19 0 7 5
G 20 0 7 7
G 21 2 5 5
G 22 0 9 5
G 23 0 9 7
G 24 2 7 5
G 25 2 7 7
G 26 4 5 5
G 27 0 7 -6
G 28 0 9 -6
G 29 2 7 -6
G 30 0 5 -5
G 31 0 7 -7
G 32 0 7 -5
G 33 2 5 -5
G 34 0 9 -7
G 35 0 9 -5
G 36 2 7 -7
G 37 2 7 -5
G 38 4 5 -5
G 39 0 5 -4
G 40 0 7 -4
G 41 2 5 -4
G 42 0 9 -8
G 43 0 9 -4
G 44 2 7 -4
G 45 4 5 -4
G 46 0 5 -3
G 47 2 3 -3
G 48 0 7 -3
G 49 2 5 -3
G 50 4 3 -3
G 51 0 9 -9
G 52 0 9 -3
G 53 2 7 -3
G 54 4 5 -3
G 55 6 3 -3
G 56 0 3 -3
G 57 0 5 2
G 58 2 3 2
G 59 0 7 2
G 60 2 5 2
G 61 4 3 2
G 62 0 9 2
G 63 2 7 2
G 64 4 5 2
G 65 6 3 2
G 66 0 3 2
G 67 0 7 6
G 68 0 9 6
G 69 2 7 6
G 70 0 5 -2
G 71 2 3 -2
G 72 0 7 -2
G 73 2 5 -2
G 74 4 3 -2
G 75 0 9 -2
G 76 2 7 -2
G 77 4 5 -2
G 78 6 3 -2
G 79 0 3 -2
G 80 0 5 1
G 81 2 3 1
G 82 0 7 1
G 83 2 5 1
G 84 4 3 1
G 85 0 9 1
G 86 2 7 1
G 87 4 5 1
G 88 6 3 1
G 89 0 3 1
G 90 0 5 -1
G 91 2 3 -1
G 92 0 7 -1
G 93 2 5 -1
G 94 4 3 -1
G 95 0 9 -1
G 96 2 7 -1
G 97 4 5 -1
G 98 6 3 -1
G 99 0 3 -1
G 100 0 5 0
G 101 2 3 0
G 102 0 7 0
G 103 2 5 0
G 104 4 3 0
G 105 0 9 0
G 106 2 7 0
G 107 4 5 0
G 108 6 3 0
G 109 0 3 0

# TABLE <l> <l'> <rows> [SYMMETRIC]
# ROW <m> <m'> <terms>
# T <prefactor> <num> <den> <radicand> <geometry>

TABLE 6 3 91
ROW -6 -3 11
T 0  -5 8 66  0
T 0  5 4 462  1
T 1  -9 286 55  2
T 1  5 26 66  3
T 1  -5 22 462  4
T 2  -1 442 2  5
T 2  -1 221 9282  6
T 2  9 2431 55  7
T 2  -1 78 66  8
T 2  5 429 462  9
T 3  -15 8 462  10
ROW -6 -2 7
T 0  15 8 22  11
T 1  3 26 30  12
T 1  -15 26 22  13
T 2  1 442 26  14
T 2  -1 221 3094  15
T 2  -3 221 30  16
T 2  1 26 22  17
ROW -6 -1 9
T 0  -15 8 22  18
T 1  -9 13 3  19
T 1  -3 26 273  20
T 1  15 26 22  21
T 2  -1 442 182  22
T 2  -1 221 910  23
T 2  18 221 3  24
T 2  3 221 273  25
T 2  -1 26 22  26
ROW -6 0 3
T 1  9 13 13  27
T 2  1 221 455  28
T 2  -18 221 13  29
ROW -6 1 9
T 0  -15 8 22  30
T 1  3 26 273  31
T 1  -9 13 3  32
T 1  15 26 22  33
T 2  1 221 910  34
T 2  -1 442 182  35
T 2  -3 221 273  36
T 2  18 221 3  37
T 2  -1 26 22  38
ROW -6 2 7
T 0  15 8 22  39
T 1  3 26 30  40
T 1  -15 26 22  41
T 2  1 221 3094  42
T 2  1 442 26  43
T 2  -3 221 30  44
T 2  1 26 22  45
ROW -6 3 11
T 0  -5 8 66  46
T 0  5 4 462  47
T 1  -9 286 55  48
T 1  5 26 66  49
T 1  -5 22 462  50
T 2  1 221 9282  51
T 2  -1 442 2  52
T 2  9 2431 55  53
T 2  -1 78 66  54
T 2  5 429 462  55
T 3  -15 8 462  56
ROW -5 -3 11
T 0  -5 4 33  57
T 0  5 4 231  58
T 1  -15 572 330  59
T 1  5 13 33  60
T 1  -5 22 231  61
T 2  -1 442 14  62
T 2  -2 221 1547  15
T 2  15 4862 330  63
T 2  -1 39 33  64
T 2  5 429 231  65
T 3  -15 8 231  66
ROW -5 -2 13
T 0  5 4 33  0
T 0  5 4 231  1
T 1  57 572 110  2
T 1  3 52 910  20
T 1  -5 13 33  3
T 1  -5 22 231  4
T 2  6 221 1  5
T 2  -4 221 273  23
T 2  -57 4862 110  7
T 2  -3 442 910  25
T 2  1 39 33  8
T 2  5 429 231  9
T 3  -15 8 231  10
ROW -5 -1 6
T 1  -3 2 1  12
T 1  -3 52 26  67
T 2  -1 221 195  14
T 2  -3 442 910  68
T 2  3 17 1  16
T 2  3 442 26  69
ROW -5 0 6
T 0  -15 4 11  30
T 1  21 26 6  32
T 1  15 13 11  33
T 2  4 221 91  35
T 2  -21 221 6  37
T 2  -1 13 11  38
ROW -5 1 6
T 1  3 52 26  27
T 1  -3 2 1  40
T 2  3 442 910  28
T 2  -1 221 195  43
T 2  -3 442 26  29
T 2  3 17 1  44
ROW -5 2 13
T 0  5 4 33  46
T 0  5 4 231  47
T 1  -3 52 910  31
T 1  57 572 110  48
T 1  -5 13 33  49
T 1  -5 22 231  50
T 2  4 221 273  34
T 2  6 221 1  52
T 2  3 442 910  36
T 2  -57 4862 110  53
T 2  1 39 33  54
T 2  5 429 231  55
T 3  -15 8 231  56
ROW -5 3 11
T 0  -5 4 33  70
T 0  5 4 231  71
T 1  -15 572 330  72
T 1  5 13 33  73
T 1  -5 22 231  74
T 2  2 221 1547  42
T 2  -1 442 14  75
T 2  15 4862 330  76
T 2  -1 39 33  77
T 2  5 429 231  78
T 3  -15 8 231  79
ROW -4 -3 13
T 0  -5 4 42  80
T 0  5 4 105  81
T 1  -135 572 10  82
T 1  -3 572 30030  20
T 1  5 13 42  83
T 1  -5 22 105  84
T 2  -1 221 14  85
T 2  -2 221 1001  23
T 2  135 4862 10  86
T 2  3 4862 30030  25
T 2  -1 39 42  87
T 2  5 429 105  88
T 3  -15 8 105  89
ROW -4 -2 13
T 0  15 4 1  57
T 0  15 2 7  58
T 1  60 143 10  59
T 1  6 143 1430  67
T 1  -15 13 1  60
T 1  -15 11 7  61
T 2  1 442 462  62
T 2  -3 442 2002  68
T 2  -120 2431 10  63
T 2  -12 2431 1430  69
T 2  1 13 1  64
T 2  10 143 7  65
T 3  -45 4 7  66
ROW -4 -1 16
T 0  5 4 15  0
T 0  -15 4 3  18
T 0  5 4 105  1
T 1  -573 572 2  2
T 1  87 572 22  19
T 1  -5 13 15  3
T 1  15 13 3  21
T 1  -5 22 105  4
T 2  -3 221 55  5
T 2  -1 221 3003  22
T 2  573 4862 2  7
T 2  -87 4862 22  24
T 2  1 39 15  8
T 2  -1 13 3  26
T 2  5 429 105  9
T 3  -15 8 105  10
ROW -4 0 6
T 0  -15 4 5  39
T 1  24 143 33  40
T 1  15 13 5  41
T 2  2 221 715  43
T 2  -48 2431 33  44
T 2  -1 13 5  45
ROW -4 1 16
T 0  15 4 3  30
T 0  5 4 15  46
T 0  5 4 105  47
T 1  -87 572 22  32
T 1  -573 572 2  48
T 1  -15 13 3  33
T 1  -5 13 15  49
T 1  -5 22 105  50
T 2  1 221 3003  35
T 2  -3 221 55  52
T 2  87 4862 22  37
T 2  573 4862 2  53
T 2  1 13 3  38
T 2  1 39 15  54
T 2  5 429 105  55
T 3  -15 8 105  56
ROW -4 2 13
T 0  15 4 1  70
T 0  15 2 7  71
T 1  -6 143 1430  27
T 1  60 143 10  72
T 1  -15 13 1  73
T 1  -15 11 7  74
T 2  3 442 2002  28
T 2  1 442 462  75
T 2  12 2431 1430  29
T 2  -120 2431 10  76
T 2  1 13 1  77
T 2  10 143 7  78
T 3  -45 4 7  79
ROW -4 3 13
T 0  -5 4 42  90
T 0  5 4 105  91
T 1  3 572 30030  31
T 1  -135 572 10  92
T 1  5 13 42  93
T 1  -5 22 105  94
T 2  2 221 1001  34
T 2  -1 221 14  95
T 2  -3 4862 30030  36
T 2  135 4862 10  96
T 2  -1 39 42  97
T 2  5 429 105  98
T 3  -15 8 105  99
ROW -3 -3 13
T 0  -5 2 21  100
T 0  5 2 21  101
T 1  -45 143 21  102
T 1  -45 572 286  67
T 1  10 13 21  103
T 1  -5 11 21  104
T 2  -2 221 21  105
T 2  -1 442 10010  68
T 2  90 2431 21  106
T 2  45 4862 286  69
T 2  -2 39 21  107
T 2  10 429 21  108
T 3  -15 4 21  109
ROW -3 -2 13
T 0  15 4 1  18
T 0  15 4 21  81
T 1  45 44 2  82
T 1  75 572 66  19
T 1  -15 13 1  21
T 1  -15 22 21  84
T 2  2 221 70  85
T 2  -2 221 1001  22
T 2  -45 374 2  86
T 2  -75 4862 66  24
T 2  1 13 1  26
T 2  5 143 21  88
T 3  -45 8 21  89
ROW -3 -1 16
T 0  15 4 3  57
T 0  -15 2 1  11
T 0  15 4 21  58
T 1  -111 572 30  59
T 1  27 286 165  12
T 1  -15 13 3  60
T 1  30 13 1  13
T 1  -15 22 21  61
T 2  -5 442 154  62
T 2  -5 221 143  14
T 2  111 4862 30  63
T 2  -27 2431 165  16
T 2  1 13 3  64
T 2  -2 13 1  17
T 2  5 143 21  65
T 3  -45 8 21  66
ROW -3 0 10
T 0  -5 4 3  46
T 0  5 2 21  47
T 1  -9 286 10  48
T 1  5 13 3  49
T 1  -5 11 21  50
T 2  20 221 11  52
T 2  9 2431 10  53
T 2  -1 39 3  54
T 2  10 429 21  55
T 3  -15 4 21  56
ROW -3 1 16
T 0  15 2 1  39
T 0  15 4 3  70
T 0  15 4 21  71
T 1  -27 286 165  40
T 1  -111 572 30  72
T 1  -30 13 1  41
T 1  -15 13 3  73
T 1  -15 22 21  74
T 2  5 221 143  43
T 2  -5 442 154  75
T 2  27 2431 165  44
T 2  111 4862 30  76
T 2  2 13 1  45
T 2  1 13 3  77
T 2  5 143 21  78
T 3  -45 8 21  79
ROW -3 2 13
T 0  -15 4 1  30
T 0  15 4 21  91
T 1  -75 572 66  32
T 1  45 44 2  92
T 1  15 13 1  33
T 1  -15 22 21  94
T 2  2 221 1001  35
T 2  2 221 70  95
T 2  75 4862 66  37
T 2  -45 374 2  96
T 2  -1 13 1  38
T 2  5 143 21  98
T 3  -45 8 21  99
ROW -3 3 3
T 1  45 572 286  27
T 2  1 442 10010  28
T 2  -45 4862 286  29
ROW -2 -3 16
T 0  5 4 35  80
T 0  -5 8 6  18
T 0  -5 4 14  81
T 1  105 143 3  82
T 1  -135 286 11  19
T 1  -5 13 35  83
T 1  5 26 6  21
T 1  5 22 14  84
T 2  1 221 105  85
T 2  -1 442 6006  22
T 2  -210 2431 3  86
T 2  135 2431 11  24
T 2  1 39 35  87
T 2  -1 78 6  26
T 2  -5 429 14  88
T 3  15 8 14  89
ROW -2 -2 16
T 0  -5 4 14  100
T 0  15 8 10  11
T 0  5 1 14  101
T 1  75 143 14  102
T 1  15 286 66  12
T 1  5 13 14  103
T 1  -15 26 10  13
T 1  -10 11 14  104
T 2  9 221 14  105
T 2  -3 442 1430  14
T 2  -150 2431 14  106
T 2  -15 2431 66  16
T 2  -1 39 14  107
T 2  1 26 10  17
T 2  20 429 14  108
T 3  -15 2 14  109
ROW -2 -1 20
T 0  5 4 21  80
T 0  -35 8 2  0
T 0  5 4 210  81
T 0  5 4 14  1
T 1  -69 286 5  82
T 1  48 143 15  2
T 1  -5 13 21  83
T 1  35 26 2  3
T 1  -5 22 210  84
T 1  -5 22 14  4
T 2  -15 221 7  85
T 2  -15 442 66  5
T 2  69 2431 5  86
T 2  -96 2431 15  7
T 2  1 39 21  87
T 2  -7 78 2  8
T 2  5 429 210  88
T 2  5 429 14  9
T 3  -15 8 210  89
T 3  -15 8 14  10
ROW -2 0 10
T 0  5 2 2  70
T 0  5 1 14  71
T 1  -63 143 5  72
T 1  -10 13 2  73
T 1  -10 11 14  74
T 2  5 221 231  75
T 2  126 2431 5  76
T 2  2 39 2  77
T 2  20 429 14  78
T 3  -15 2 14  79
ROW -2 1 20
T 0  35 8 2  46
T 0  5 4 21  90
T 0  -5 4 14  47
T 0  5 4 210  91
T 1  -48 143 15  48
T 1  -69 286 5  92
T 1  -35 26 2  49
T 1  -5 13 21  93
T 1  5 22 14  50
T 1  -5 22 210  94
T 2  15 442 66  52
T 2  -15 221 7  95
T 2  96 2431 15  53
T 2  69 2431 5  96
T 2  7 78 2  54
T 2  1 39 21  97
T 2  -5 429 14  55
T 2  5 429 210  98
T 3  15 8 14  56
T 3  -15 8 210  99
ROW -2 2 6
T 0  -15 8 10  39
T 1  -15 286 66  40
T 1  15 26 10  41
T 2  3 442 1430  43
T 2  15 2431 66  44
T 2  -1 26 10  45
ROW -2 3 16
T 0  5 8 6  30
T 0  -5 4 35  90
T 0  5 4 14  91
T 1  135 286 11  32
T 1  -105 143 3  92
T 1  -5 26 6  33
T 1  5 13 35  93
T 1  -5 22 14  94
T 2  1 442 6006  35
T 2  -1 221 105  95
T 2  -135 2431 11  37
T 2  210 2431 3  96
T 2  1 78 6  38
T 2  -1 39 35  97
T 2  5 429 14  98
T 3  -15 8 14  99
ROW -1 -3 16
T 0  -35 8 2  57
T 0  -5 4 6  11
T 0  5 8 14  58
T 1  -189 286 5  59
T 1  -45 286 110  12
T 1  35 26 2  60
T 1  5 13 6  13
T 1  -5 44 14  61
T 2  -1 221 231  62
T 2  -1 221 858  14
T 2  189 2431 5  63
T 2  45 2431 110  16
T 2  -7 78 2  64
T 2  -1 39 6  17
T 2  5 858 14  65
T 3  -15 16 14  66
ROW -1 -2 20
T 0  5 4 21  80
T 0  5 1 2  0
T 0  -5 8 210  81
T 0  -5 8 14  1
T 1  -147 286 5  82
T 1  -15 286 15  2
T 1  -5 13 21  83
T 1  -20 13 2  3
T 1  5 44 210  84
T 1  5 44 14  4
T 2  -12 221 7  85
T 2  -6 221 66  5
T 2  147 2431 5  86
T 2  15 2431 15  7
T 2  1 39 21  87
T 2  4 39 2  8
T 2  -5 858 210  88
T 2  -5 858 14  9
T 3  15 16 210  89
T 3  15 16 14  10
ROW -1 -1 20
T 0  5 4 14  100
T 0  -5 8 30  57
T 0  25 4 14  101
T 0  5 8 210  58
T 1  3 143 14  102
T 1  177 286 3  59
T 1  -5 13 14  103
T 1  5 26 30  60
T 1  -25 22 14  104
T 1  -5 44 210  61
T 2  -18 221 14  105
T 2  -3 221 385  62
T 2  -6 2431 14  106
T 2  -177 2431 3  63
T 2  1 39 14  107
T 2  -1 78 30  64
T 2  25 429 14  108
T 2  5 858 210  65
T 3  -75 8 14  109
T 3  -15 16 210  66
ROW -1 0 10
T 0  5 4 35  90
T 0  25 4 14  91
T 1  -129 143 3  92
T 1  -5 13 35  93
T 1  -25 22 14  94
T 2  8 221 105  95
T 2  258 2431 3  96
T 2  1 39 35  97
T 2  25 429 14  98
T 3  -75 8 14  99
ROW -1 1 10
T 0  5 8 30  70
T 0  -5 8 210  71
T 1  -177 286 3  72
T 1  -5 26 30  73
T 1  5 44 210  74
T 2  3 221 385  75
T 2  177 2431 3  76
T 2  1 78 30  77
T 2  -5 858 210  78
T 3  15 16 210  79
ROW -1 2 20
T 0  -5 1 2  46
T 0  -5 4 21  90
T 0  5 8 14  47
T 0  5 8 210  91
T 1  15 286 15  48
T 1  147 286 5  92
T 1  20 13 2  49
T 1  5 13 21  93
T 1  -5 44 14  50
T 1  -5 44 210  94
T 2  6 221 66  52
T 2  12 221 7  95
T 2  -15 2431 15  53
T 2  -147 2431 5  96
T 2  -4 39 2  54
T 2  -1 39 21  97
T 2  5 858 14  55
T 2  5 858 210  98
T 3  -15 16 14  56
T 3  -15 16 210  99
ROW -1 3 16
T 0  5 4 6  39
T 0  35 8 2  70
T 0  -5 8 14  71
T 1  45 286 110  40
T 1  189 286 5  72
T 1  -5 13 6  41
T 1  -35 26 2  73
T 1  5 44 14  74
T 2  1 221 858  43
T 2  1 221 231  75
T 2  -45 2431 110  44
T 2  -189 2431 5  76
T 2  1 39 6  45
T 2  7 78 2  77
T 2  -5 858 14  78
T 3  15 16 14  79
ROW 0 -3 10
T 0  5 2 7  46
T 0  -5 4 1  47
T 1  45 286 210  48
T 1  -10 13 7  49
T 1  5 22 1  50
T 2  2 221 231  52
T 2  -45 2431 210  53
T 2  2 39 7  54
T 2  -5 429 1  55
T 3  15 8 1  56
ROW 0 -2 10
T 0  -15 4 7  70
T 0  15 2 1  71
T 1  18 143 70  72
T 1  15 13 7  73
T 1  -15 11 1  74
T 2  7 221 66  75
T 2  -36 2431 70  76
T 2  -1 13 7  77
T 2  10 143 1  78
T 3  -45 4 1  79
ROW 0 -1 7
T 0  -75 4 1  91
T 1  -3 22 42  92
T 1  75 22 1  94
T 2  14 221 30  95
T 2  3 187 42  96
T 2  -25 143 1  98
T 3  225 8 1  99
ROW 0 0 10
T 0  35 4 1  100
T 0  25 1 1  101
T 1  -252 143 1  102
T 1  -35 13 1  103
T 1  -50 11 1  104
T 2  84 221 1  105
T 2  504 2431 1  106
T 2  7 39 1  107
T 2  100 429 1  108
T 3  -75 2 1  109
ROW 0 1 7
T 0  -75 4 1  81
T 1  -3 22 42  82
T 1  75 22 1  84
T 2  14 221 30  85
T 2  3 187 42  86
T 2  -25 143 1  88
T 3  225 8 1  89
ROW 0 2 10
T 0  -15 4 7  57
T 0  15 2 1  58
T 1  18 143 70  59
T 1  15 13 7  60
T 1  -15 11 1  61
T 2  7 221 66  62
T 2  -36 2431 70  63
T 2  -1 13 7  64
T 2  10 143 1  65
T 3  -45 4 1  66
ROW 0 3 10
T 0  5 2 7  0
T 0  -5 4 1  1
T 1  45 286 210  2
T 1  -10 13 7  3
T 1  5 22 1  4
T 2  2 221 231  5
T 2  -45 2431 210  7
T 2  2 39 7  8
T 2  -5 429 1  9
T 3  15 8 1  10
ROW 1 -3 16
T 0  5 4 6  39
T 0  -35 8 2  70
T 0  5 8 14  71
T 1  45 286 110  40
T 1  -189 286 5  72
T 1  -5 13 6  41
T 1  35 26 2  73
T 1  -5 44 14  74
T 2  1 221 858  43
T 2  -1 221 231  75
T 2  -45 2431 110  44
T 2  189 2431 5  76
T 2  1 39 6  45
T 2  -7 78 2  77
T 2  5 858 14  78
T 3  -15 16 14  79
ROW 1 -2 20
T 0  -5 1 2  46
T 0  5 4 21  90
T 0  5 8 14  47
T 0  -5 8 210  91
T 1  15 286 15  48
T 1  -147 286 5  92
T 1  20 13 2  49
T 1  -5 13 21  93
T 1  -5 44 14  50
T 1  5 44 210  94
T 2  6 221 66  52
T 2  -12 221 7  95
T 2  -15 2431 15  53
T 2  147 2431 5  96
T 2  -4 39 2  54
T 2  1 39 21  97
T 2  5 858 14  55
T 2  -5 858 210  98
T 3  -15 16 14  56
T 3  15 16 210  99
ROW 1 -1 10
T 0  5 8 30  70
T 0  -5 8 210  71
T 1  -177 286 3  72
T 1  -5 26 30  73
T 1  5 44 210  74
T 2  3 221 385  75
T 2  177 2431 3  76
T 2  1 78 30  77
T 2  -5 858 210  78
T 3  15 16 210  79
ROW 1 0 10
T 0  5 4 35  80
T 0  25 4 14  81
T 1  -129 143 3  82
T 1  -5 13 35  83
T 1  -25 22 14  84
T 2  8 221 105  85
T 2  258 2431 3  86
T 2  1 39 35  87
T 2  25 429 14  88
T 3  -75 8 14  89
ROW 1 1 20
T 0  5 4 14  100
T 0  5 8 30  57
T 0  25 4 14  101
T 0  -5 8 210  58
T 1  3 143 14  102
T 1  -177 286 3  59
T 1  -5 13 14  103
T 1  -5 26 30  60
T 1  -25 22 14  104
T 1  5 44 210  61
T 2  -18 221 14  105
T 2  3 221 385  62
T 2  -6 2431 14  106
T 2  177 2431 3  63
T 2  1 39 14  107
T 2  1 78 30  64
T 2  25 429 14  108
T 2  -5 858 210  65
T 3  -75 8 14  109
T 3  15 16 210  66
ROW 1 2 20
T 0  5 4 21  80
T 0  -5 1 2  0
T 0  -5 8 210  81
T 0  5 8 14  1
T 1  -147 286 5  82
T 1  15 286 15  2
T 1  -5 13 21  83
T 1  20 13 2  3
T 1  5 44 210  84
T 1  -5 44 14  4
T 2  -12 221 7  85
T 2  6 221 66  5
T 2  147 2431 5  86
T 2  -15 2431 15  7
T 2  1 39 21  87
T 2  -4 39 2  8
T 2  -5 858 210  88
T 2  5 858 14  9
T 3  15 16 210  89
T 3  -15 16 14  10
ROW 1 3 16
T 0  -35 8 2  57
T 0  5 4 6  11
T 0  5 8 14  58
T 1  -189 286 5  59
T 1  45 286 110  12
T 1  35 26 2  60
T 1  -5 13 6  13
T 1  -5 44 14  61
T 2  -1 221 231  62
T 2  1 221 858  14
T 2  189 2431 5  63
T 2  -45 2431 110  16
T 2  -7 78 2  64
T 2  1 39 6  17
T 2  5 858 14  65
T 3  -15 16 14  66
ROW 2 -3 16
T 0  5 8 6  30
T 0  5 4 35  90
T 0  -5 4 14  91
T 1  135 286 11  32
T 1  105 143 3  92
T 1  -5 26 6  33
T 1  -5 13 35  93
T 1  5 22 14  94
T 2  1 442 6006  35
T 2  1 221 105  95
T 2  -135 2431 11  37
T 2  -210 2431 3  96
T 2  1 78 6  38
T 2  1 39 35  97
T 2  -5 429 14  98
T 3  15 8 14  99
ROW 2 -2 6
T 0  -15 8 10  39
T 1  -15 286 66  40
T 1  15 26 10  41
T 2  3 442 1430  43
T 2  15 2431 66  44
T 2  -1 26 10  45
ROW 2 -1 20
T 0  35 8 2  46
T 0  -5 4 21  90
T 0  -5 4 14  47
T 0  -5 4 210  91
T 1  -48 143 15  48
T 1  69 286 5  92
T 1  -35 26 2  49
T 1  5 13 21  93
T 1  5 22 14  50
T 1  5 22 210  94
T 2  15 442 66  52
T 2  15 221 7  95
T 2  96 2431 15  53
T 2  -69 2431 5  96
T 2  7 78 2  54
T 2  -1 39 21  97
T 2  -5 429 14  55
T 2  -5 429 210  98
T 3  15 8 14  56
T 3  15 8 210  99
ROW 2 0 10
T 0  5 2 2  57
T 0  5 1 14  58
T 1  -63 143 5  59
T 1  -10 13 2  60
T 1  -10 11 14  61
T 2  5 221 231  62
T 2  126 2431 5  63
T 2  2 39 2  64
T 2  20 429 14  65
T 3  -15 2 14  66
ROW 2 1 20
T 0  5 4 21  80
T 0  35 8 2  0
T 0  5 4 210  81
T 0  -5 4 14  1
T 1  -69 286 5  82
T 1  -48 143 15  2
T 1  -5 13 21  83
T 1  -35 26 2  3
T 1  -5 22 210  84
T 1  5 22 14  4
T 2  -15 221 7  85
T 2  15 442 66  5
T 2  69 2431 5  86
T 2  96 2431 15  7
T 2  1 39 21  87
T 2  7 78 2  8
T 2  5 429 210  88
T 2  -5 429 14  9
T 3  -15 8 210  89
T 3  15 8 14  10
ROW 2 2 16
T 0  -5 4 14  100
T 0  -15 8 10  11
T 0  5 1 14  101
T 1  75 143 14  102
T 1  -15 286 66  12
T 1  5 13 14  103
T 1  15 26 10  13
T 1  -10 11 14  104
T 2  9 221 14  105
T 2  3 442 1430  14
T 2  -150 2431 14  106
T 2  15 2431 66  16
T 2  -1 39 14  107
T 2  -1 26 10  17
T 2  20 429 14  108
T 3  -15 2 14  109
ROW 2 3 16
T 0  5 4 35  80
T 0  5 8 6  18
T 0  -5 4 14  81
T 1  105 143 3  82
T 1  135 286 11  19
T 1  -5 13 35  83
T 1  -5 26 6  21
T 1  5 22 14  84
T 2  1 221 105  85
T 2  1 442 6006  22
T 2  -210 2431 3  86
T 2  -135 2431 11  24
T 2  1 39 35  87
T 2  1 78 6  26
T 2  -5 429 14  88
T 3  15 8 14  89
ROW 3 -3 3
T 1  45 572 286  27
T 2  1 442 10010  28
T 2  -45 4862 286  29
ROW 3 -2 13
T 0  -15 4 1  30
T 0  -15 4 21  91
T 1  -75 572 66  32
T 1  -45 44 2  92
T 1  15 13 1  33
T 1  15 22 21  94
T 2  2 221 1001  35
T 2  -2 221 70  95
T 2  75 4862 66  37
T 2  45 374 2  96
T 2  -1 13 1  38
T 2  -5 143 21  98
T 3  45 8 21  99
ROW 3 -1 16
T 0  15 2 1  39
T 0  -15 4 3  70
T 0  -15 4 21  71
T 1  -27 286 165  40
T 1  111 572 30  72
T 1  -30 13 1  41
T 1  15 13 3  73
T 1  15 22 21  74
T 2  5 221 143  43
T 2  5 442 154  75
T 2  27 2431 165  44
T 2  -111 4862 30  76
T 2  2 13 1  45
T 2  -1 13 3  77
T 2  -5 143 21  78
T 3  45 8 21  79
ROW 3 0 10
T 0  -5 4 3  0
T 0  5 2 21  1
T 1  -9 286 10  2
T 1  5 13 3  3
T 1  -5 11 21  4
T 2  20 221 11  5
T 2  9 2431 10  7
T 2  -1 39 3  8
T 2  10 429 21  9
T 3  -15 4 21  10
ROW 3 1 16
T 0  15 4 3  57
T 0  15 2 1  11
T 0  15 4 21  58
T 1  -111 572 30  59
T 1  -27 286 165  12
T 1  -15 13 3  60
T 1  -30 13 1  13
T 1  -15 22 21  61
T 2  -5 442 154  62
T 2  5 221 143  14
T 2  111 4862 30  63
T 2  27 2431 165  16
T 2  1 13 3  64
T 2  2 13 1  17
T 2  5 143 21  65
T 3  -45 8 21  66
ROW 3 2 13
T 0  -15 4 1  18
T 0  15 4 21  81
T 1  45 44 2  82
T 1  -75 572 66  19
T 1  15 13 1  21
T 1  -15 22 21  84
T 2  2 221 70  85
T 2  2 221 1001  22
T 2  -45 374 2  86
T 2  75 4862 66  24
T 2  -1 13 1  26
T 2  5 143 21  88
T 3  -45 8 21  89
ROW 3 3 13
T 0  -5 2 21  100
T 0  5 2 21  101
T 1  -45 143 21  102
T 1  45 572 286  67
T 1  10 13 21  103
T 1  -5 11 21  104
T 2  -2 221 21  105
T 2  1 442 10010  68
T 2  90 2431 21  106
T 2  -45 4862 286  69
T 2  -2 39 21  107
T 2  10 429 21  108
T 3  -15 4 21  109
ROW 4 -3 13
T 0  5 4 42  90
T 0  -5 4 105  91
T 1  3 572 30030  31
T 1  135 572 10  92
T 1  -5 13 42  93
T 1  5 22 105  94
T 2  2 221 1001  34
T 2  1 221 14  95
T 2  -3 4862 30030  36
T 2  -135 4862 10  96
T 2  1 39 42  97
T 2  -5 429 105  98
T 3  15 8 105  99
ROW 4 -2 13
T 0  -15 4 1  70
T 0  -15 2 7  71
T 1  -6 143 1430  27
T 1  -60 143 10  72
T 1  15 13 1  73
T 1  15 11 7  74
T 2  3 442 2002  28
T 2  -1 442 462  75
T 2  12 2431 1430  29
T 2  120 2431 10  76
T 2  -1 13 1  77
T 2  -10 143 7  78
T 3  45 4 7  79
ROW 4 -1 16
T 0  15 4 3  30
T 0  -5 4 15  46
T 0  -5 4 105  47
T 1  -87 572 22  32
T 1  573 572 2  48
T 1  -15 13 3  33
T 1  5 13 15  49
T 1  5 22 105  50
T 2  1 221 3003  35
T 2  3 221 55  52
T 2  87 4862 22  37
T 2  -573 4862 2  53
T 2  1 13 3  38
T 2  -1 39 15  54
T 2  -5 429 105  55
T 3  15 8 105  56
ROW 4 0 6
T 0  -15 4 5  11
T 1  24 143 33  12
T 1  15 13 5  13
T 2  2 221 715  14
T 2  -48 2431 33  16
T 2  -1 13 5  17
ROW 4 1 16
T 0  5 4 15  0
T 0  15 4 3  18
T 0  5 4 105  1
T 1  -573 572 2  2
T 1  -87 572 22  19
T 1  -5 13 15  3
T 1  -15 13 3  21
T 1  -5 22 105  4
T 2  -3 221 55  5
T 2  1 221 3003  22
T 2  573 4862 2  7
T 2  87 4862 22  24
T 2  1 39 15  8
T 2  1 13 3  26
T 2  5 429 105  9
T 3  -15 8 105  10
ROW 4 2 13
T 0  15 4 1  57
T 0  15 2 7  58
T 1  60 143 10  59
T 1  -6 143 1430  67
T 1  -15 13 1  60
T 1  -15 11 7  61
T 2  1 442 462  62
T 2  3 442 2002  68
T 2  -120 2431 10  63
T 2  12 2431 1430  69
T 2  1 13 1  64
T 2  10 143 7  65
T 3  -45 4 7  66
ROW 4 3 13
T 0  -5 4 42  80
T 0  5 4 105  81
T 1  -135 572 10  82
T 1  3 572 30030  20
T 1  5 13 42  83
T 1  -5 22 105  84
T 2  -1 221 14  85
T 2  2 221 1001  23
T 2  135 4862 10  86
T 2  -3 4862 30030  25
T 2  -1 39 42  87
T 2  5 429 105  88
T 3  -15 8 105  89
ROW 5 -3 11
T 0  5 4 33  70
T 0  -5 4 231  71
T 1  15 572 330  72
T 1  -5 13 33  73
T 1  5 22 231  74
T 2  2 221 1547  42
T 2  1 442 14  75
T 2  -15 4862 330  76
T 2  1 39 33  77
T 2  -5 429 231  78
T 3  15 8 231  79
ROW 5 -2 13
T 0  -5 4 33  46
T 0  -5 4 231  47
T 1  -3 52 910  31
T 1  -57 572 110  48
T 1  5 13 33  49
T 1  5 22 231  50
T 2  4 221 273  34
T 2  -6 221 1  52
T 2  3 442 910  36
T 2  57 4862 110  53
T 2  -1 39 33  54
T 2  -5 429 231  55
T 3  15 8 231  56
ROW 5 -1 6
T 1  3 52 26  27
T 1  3 2 1  40
T 2  3 442 910  28
T 2  1 221 195  43
T 2  -3 442 26  29
T 2  -3 17 1  44
ROW 5 0 6
T 0  -15 4 11  18
T 1  21 26 6  19
T 1  15 13 11  21
T 2  4 221 91  22
T 2  -21 221 6  24
T 2  -1 13 11  26
ROW 5 1 6
T 1  -3 2 1  12
T 1  3 52 26  67
T 2  -1 221 195  14
T 2  3 442 910  68
T 2  3 17 1  16
T 2  -3 442 26  69
ROW 5 2 13
T 0  5 4 33  0
T 0  5 4 231  1
T 1  57 572 110  2
T 1  -3 52 910  20
T 1  -5 13 33  3
T 1  -5 22 231  4
T 2  6 221 1  5
T 2  4 221 273  23
T 2  -57 4862 110  7
T 2  3 442 910  25
T 2  1 39 33  8
T 2  5 429 231  9
T 3  -15 8 231  10
ROW 5 3 11
T 0  -5 4 33  57
T 0  5 4 231  58
T 1  -15 572 330  59
T 1  5 13 33  60
T 1  -5 22 231  61
T 2  -1 442 14  62
T 2  2 221 1547  15
T 2  15 4862 330  63
T 2  -1 39 33  64
T 2  5 429 231  65
T 3  -15 8 231  66
ROW 6 -3 11
T 0  5 8 66  46
T 0  -5 4 462  47
T 1  9 286 55  48
T 1  -5 26 66  49
T 1  5 22 462  50
T 2  1 221 9282  51
T 2  1 442 2  52
T 2  -9 2431 55  53
T 2  1 78 66  54
T 2  -5 429 462  55
T 3  15 8 462  56
ROW 6 -2 7
T 0  -15 8 22  39
T 1  -3 26 30  40
T 1  15 26 22  41
T 2  1 221 3094  42
T 2  -1 442 26  43
T 2  3 221 30  44
T 2  -1 26 22  45
ROW 6 -1 9
T 0  15 8 22  30
T 1  3 26 273  31
T 1  9 13 3  32
T 1  -15 26 22  33
T 2  1 221 910  34
T 2  1 442 182  35
T 2  -3 221 273  36
T 2  -18 221 3  37
T 2  1 26 22  38
ROW 6 0 3
T 1  9 13 13  67
T 2  1 221 455  68
T 2  -18 221 13  69
ROW 6 1 9
T 0  -15 8 22  18
T 1  -9 13 3  19
T 1  3 26 273  20
T 1  15 26 22  21
T 2  -1 442 182  22
T 2  1 221 910  23
T 2  18 221 3  24
T 2  -3 221 273  25
T 2  -1 26 22  26
ROW 6 2 7
T 0  15 8 22  11
T 1  3 26 30  12
T 1  -15 26 22  13
T 2  1 442 26  14
T 2  1 221 3094  15
T 2  -3 221 30  16
T 2  1 26 22  17
ROW 6 3 11
T 0  -5 8 66  0
T 0  5 4 462  1
T 1  -9 286 55  2
T 1  5 26 66  3
T 1  -5 22 462  4
T 2  -1 442 2  5
T 2  1 221 9282  6
T 2  9 2431 55  7
T 2  -1 78 66  8
T 2  5 429 462  9
T 3  -15 8 462  10
