FORMAT 1
KERNEL S
SOURCE (s|S|s)
SHELLS 3 4

# E <id> <alpha> <beta> <mu> <p>
E 0 1 0 1 -4
E 1 1 0 2 -4
E 2 1 0 3 -4
E 3 1 0 0 -4

# G <id> <2k> <L> <M>
G 0 0 3 1
G 1 2 1 1
G 2 0 5 1
G 3 2 3 1
G 4 4 1 1
G 5 0 7 1
G 6 0 7 7
G 7 2 5 1
G 8 4 3 1
G 9 6 1 1
G 10 0 1 1
G 11 0 3 0
G 12 2 1 0
G 13 0 5 0
G 14 2 3 0
G 15 4 1 0
G 16 0 7 0
G 17 0 7 6
G 18 2 5 0
G 19 4 3 0
G 20 6 1 0
G 21 0 1 0
G 22 0 5 5
G 23 0 7 5
G 24 2 5 5
G 25 0 3 2
G 26 0 5 2
G 27 0 5 4
G 28 2 3 2
G 29 0 7 2
G 30 0 7 4
G 31 2 5 2
G 32 2 5 4
G 33 4 3 2
G 34 0 3 -3
G 35 0 5 -3
G 36 2 3 -3
G 37 0 7 -3
G 38 2 5 -3
G 39 4 3 -3
G 40 0 3 -2
G 41 0 5 -4
G 42 0 5 -2
G 43 2 3 -2
G 44 0 7 -4
G 45 0 7 -2
G 46 2 5 -4
G 47 2 5 -2
G 48 4 3 -2
G 49 0 3 -1
G 50 2 1 -1
G 51 0 5 -5
G 52 0 5 -1
G 53 2 3 -1
G 54 4 1 -1
G 55 0 7 -5
G 56 0 7 -1
G 57 2 5 -5
G 58 2 5 -1
G 59 4 3 -1
G 60 6 1 -1
G 61 0 1 -1
G 62 0 7 -6
G 63 0 7 -7
G 64 0 3 3
G 65 0 5 3
G 66 2 3 3
G 67 0 7 3
G 68 2 5 3
G 69 4 3 3

# TABLE <l> <l'> <rows> [SYMMETRIC]
# ROW <m> <m'> <terms>
# T <prefactor> <num> <den> <radicand> <geometry>

TABLE 3 4 63
ROW -3 -4 11
T 0  3 4 21  0
T 0  -9 4 14  1
T 1  1 42 210  2
T 1  -1 3 21  3
T 1  9 14 14  4
T 2  5 858 2  5
T 2  5 858 6006  6
T 2  -1 273 210  7
T 2  1 33 21  8
T 2  -1 21 14  9
T 3  15 8 14  10
ROW -3 -3 11
T 0  9 4 7  11
T 0  -9 4 7  12
T 1  5 14 7  13
T 1  -1 1 7  14
T 1  9 14 7  15
T 2  5 429 7  16
T 2  5 429 858  17
T 2  -5 91 7  18
T 2  1 11 7  19
T 2  -1 21 7  20
T 3  15 8 7  21
ROW -3 -2 13
T 0  -9 4 3  0
T 0  9 8 2  1
T 1  -5 28 30  2
T 1  5 14 7  22
T 1  1 1 3  3
T 1  -9 28 2  4
T 2  -5 429 14  5
T 2  5 429 462  23
T 2  5 182 30  7
T 2  -5 91 7  24
T 2  -1 11 3  8
T 2  1 42 2  9
T 3  -15 16 2  10
ROW -3 -1 9
T 0  3 4 15  25
T 1  5 42 105  26
T 1  3 14 35  27
T 1  -1 3 15  28
T 2  5 429 42  29
T 2  5 429 231  30
T 2  -5 273 105  31
T 2  -3 91 35  32
T 2  1 33 15  33
ROW -3 0 6
T 0  -9 4 1  34
T 1  -5 7 7  35
T 1  1 1 1  36
T 2  -5 429 210  37
T 2  10 91 7  38
T 2  -1 11 1  39
ROW -3 1 9
T 0  3 4 15  40
T 1  -3 14 35  41
T 1  5 42 105  42
T 1  -1 3 15  43
T 2  -5 429 231  44
T 2  5 429 42  45
T 2  3 91 35  46
T 2  -5 273 105  47
T 2  1 33 15  48
ROW -3 2 13
T 0  -9 4 3  49
T 0  9 8 2  50
T 1  -5 14 7  51
T 1  -5 28 30  52
T 1  1 1 3  53
T 1  -9 28 2  54
T 2  -5 429 462  55
T 2  -5 429 14  56
T 2  5 91 7  57
T 2  5 182 30  58
T 2  -1 11 3  59
T 2  1 42 2  60
T 3  -15 16 2  61
ROW -3 3 1
T 2  -5 429 858  62
ROW -3 4 11
T 0  -3 4 21  49
T 0  9 4 14  50
T 1  -1 42 210  52
T 1  1 3 21  53
T 1  -9 14 14  54
T 2  -5 858 6006  63
T 2  -5 858 2  56
T 2  1 273 210  58
T 2  -1 33 21  59
T 2  1 21 14  60
T 3  -15 8 14  61
ROW -2 -4 7
T 0  -3 4 35  25
T 1  -1 3 5  26
T 1  1 3 35  28
T 2  -5 286 2  29
T 2  5 286 286  17
T 2  2 39 5  31
T 2  -1 33 35  33
ROW -2 -3 13
T 0  -3 4 7  0
T 0  -9 8 42  1
T 1  -11 84 70  2
T 1  -5 6 3  22
T 1  1 3 7  3
T 1  9 28 42  4
T 2  -10 429 6  5
T 2  10 143 22  23
T 2  11 546 70  7
T 2  5 39 3  24
T 2  -1 33 7  8
T 2  -1 42 42  9
T 3  15 16 42  10
ROW -2 -2 13
T 0  3 4 3  11
T 0  -9 2 3  12
T 1  -20 21 3  13
T 1  -2 21 105  27
T 1  -1 3 3  14
T 1  9 7 3  15
T 2  -35 429 3  16
T 2  5 143 77  30
T 2  40 273 3  18
T 2  4 273 105  32
T 2  1 33 3  19
T 2  -2 21 3  20
T 3  15 4 3  21
ROW -2 -1 16
T 0  -3 1 1  0
T 0  -3 4 15  64
T 0  9 8 6  1
T 1  25 84 10  2
T 1  -1 42 105  65
T 1  4 3 1  3
T 1  1 3 15  66
T 1  -9 28 6  4
T 2  10 429 42  5
T 2  10 143 14  67
T 2  -25 546 10  7
T 2  1 273 105  68
T 2  -4 33 1  8
T 2  -1 33 15  69
T 2  1 42 6  9
T 3  -15 16 6  10
ROW -2 0 6
T 0  21 4 1  40
T 1  -5 21 7  42
T 1  -7 3 1  43
T 2  -5 143 70  45
T 2  10 273 7  47
T 2  7 33 1  48
ROW -2 1 16
T 0  3 4 15  34
T 0  -3 1 1  49
T 0  9 8 6  50
T 1  1 42 105  35
T 1  25 84 10  52
T 1  -1 3 15  36
T 1  4 3 1  53
T 1  -9 28 6  54
T 2  -10 143 14  37
T 2  10 429 42  56
T 2  -1 273 105  38
T 2  -25 546 10  58
T 2  1 33 15  39
T 2  -4 33 1  59
T 2  1 42 6  60
T 3  -15 16 6  61
ROW -2 2 3
T 1  2 21 105  41
T 2  -5 143 77  44
T 2  -4 273 105  46
ROW -2 3 13
T 0  3 4 7  49
T 0  9 8 42  50
T 1  5 6 3  51
T 1  11 84 70  52
T 1  -1 3 7  53
T 1  -9 28 42  54
T 2  -10 143 22  55
T 2  10 429 6  56
T 2  -5 39 3  57
T 2  -11 546 70  58
T 2  1 33 7  59
T 2  1 42 42  60
T 3  -15 16 42  61
ROW -2 4 7
T 0  3 4 35  40
T 1  1 3 5  42
T 1  -1 3 35  43
T 2  -5 286 286  62
T 2  5 286 2  45
T 2  -2 39 5  47
T 2  1 33 35  48
ROW -1 -4 9
T 0  3 4 21  64
T 1  2 3 3  65
T 1  1 3 15  22
T 1  -1 3 21  66
T 2  5 286 10  67
T 2  5 286 110  23
T 2  -4 39 3  68
T 2  -2 39 15  24
T 2  1 33 21  69
ROW -1 -3 9
T 0  -3 4 7  25
T 1  7 6 1  26
T 1  -1 6 3  27
T 1  1 3 7  28
T 2  5 143 10  29
T 2  5 143 55  30
T 2  -7 39 1  31
T 2  1 39 3  32
T 2  -1 33 7  33
ROW -1 -2 16
T 0  -3 2 5  0
T 0  9 4 3  64
T 0  -9 8 30  1
T 1  43 84 2  2
T 1  -3 14 21  65
T 1  2 3 5  3
T 1  -1 1 3  66
T 1  9 28 30  4
T 2  5 429 210  5
T 2  5 143 70  67
T 2  -43 546 2  7
T 2  3 91 21  68
T 2  -2 33 5  8
T 2  1 11 3  69
T 2  -1 42 30  9
T 3  15 16 30  10
ROW -1 -1 16
T 0  -3 4 15  11
T 0  3 1 1  25
T 0  -9 4 15  12
T 1  1 42 15  13
T 1  -8 21 7  26
T 1  1 3 15  14
T 1  -4 3 1  28
T 1  9 14 15  15
T 2  35 429 15  16
T 2  5 143 70  29
T 2  -1 273 15  18
T 2  16 273 7  31
T 2  -1 33 15  19
T 2  4 33 1  33
T 2  -1 21 15  20
T 3  15 8 15  21
ROW -1 0 10
T 0  -3 4 1  49
T 0  9 4 6  50
T 1  11 42 10  52
T 1  1 3 1  53
T 1  -9 14 6  54
T 2  -25 429 42  56
T 2  -11 273 10  58
T 2  -1 33 1  59
T 2  1 21 6  60
T 3  -15 8 6  61
ROW -1 1 6
T 0  -3 1 1  40
T 1  8 21 7  42
T 1  4 3 1  43
T 2  -5 143 70  45
T 2  -16 273 7  47
T 2  -4 33 1  48
ROW -1 2 16
T 0  -9 4 3  34
T 0  3 2 5  49
T 0  9 8 30  50
T 1  3 14 21  35
T 1  -43 84 2  52
T 1  1 1 3  36
T 1  -2 3 5  53
T 1  -9 28 30  54
T 2  -5 143 70  37
T 2  -5 429 210  56
T 2  -3 91 21  38
T 2  43 546 2  58
T 2  -1 11 3  39
T 2  2 33 5  59
T 2  1 42 30  60
T 3  -15 16 30  61
ROW -1 3 9
T 0  3 4 7  40
T 1  1 6 3  41
T 1  -7 6 1  42
T 1  -1 3 7  43
T 2  -5 143 55  44
T 2  -5 143 10  45
T 2  -1 39 3  46
T 2  7 39 1  47
T 2  1 33 7  48
ROW -1 4 9
T 0  -3 4 21  34
T 1  -1 3 15  51
T 1  -2 3 3  35
T 1  1 3 21  36
T 2  -5 286 110  55
T 2  -5 286 10  37
T 2  2 39 15  57
T 2  4 39 3  38
T 2  -1 33 21  39
ROW 0 -4 3
T 1  -2 1 1  41
T 2  -5 429 165  44
T 2  4 13 1  46
ROW 0 -3 6
T 0  9 4 7  34
T 1  -1 1 1  35
T 1  -1 1 7  36
T 2  -20 429 30  37
T 2  2 13 1  38
T 2  1 11 7  39
ROW 0 -2 6
T 0  3 4 3  40
T 1  1 21 21  42
T 1  -1 3 3  43
T 2  -10 429 210  45
T 2  -2 273 21  47
T 2  1 33 3  48
ROW 0 -1 10
T 0  -3 4 15  49
T 0  -9 4 10  50
T 1  19 42 6  52
T 1  1 3 15  53
T 1  9 14 10  54
T 2  -20 429 70  56
T 2  -19 273 6  58
T 2  -1 33 15  59
T 2  -1 21 10  60
T 3  15 8 10  61
ROW 0 0 10
T 0  -9 2 1  11
T 0  -9 1 1  12
T 1  10 7 1  13
T 1  2 1 1  14
T 1  18 7 1  15
T 2  -175 429 1  16
T 2  -20 91 1  18
T 2  -2 11 1  19
T 2  -4 21 1  20
T 3  15 2 1  21
ROW 0 1 10
T 0  -3 4 15  0
T 0  -9 4 10  1
T 1  19 42 6  2
T 1  1 3 15  3
T 1  9 14 10  4
T 2  -20 429 70  5
T 2  -19 273 6  7
T 2  -1 33 15  8
T 2  -1 21 10  9
T 3  15 8 10  10
ROW 0 2 6
T 0  3 4 3  25
T 1  1 21 21  26
T 1  -1 3 3  28
T 2  -10 429 210  29
T 2  -2 273 21  31
T 2  1 33 3  33
ROW 0 3 6
T 0  9 4 7  64
T 1  -1 1 1  65
T 1  -1 1 7  66
T 2  -20 429 30  67
T 2  2 13 1  68
T 2  1 11 7  69
ROW 0 4 3
T 1  -2 1 1  27
T 2  -5 429 165  30
T 2  4 13 1  32
ROW 1 -4 9
T 0  3 4 21  34
T 1  -1 3 15  51
T 1  2 3 3  35
T 1  -1 3 21  36
T 2  -5 286 110  55
T 2  5 286 10  37
T 2  2 39 15  57
T 2  -4 39 3  38
T 2  1 33 21  39
ROW 1 -3 9
T 0  -3 4 7  40
T 1  1 6 3  41
T 1  7 6 1  42
T 1  1 3 7  43
T 2  -5 143 55  44
T 2  5 143 10  45
T 2  -1 39 3  46
T 2  -7 39 1  47
T 2  -1 33 7  48
ROW 1 -2 16
T 0  -9 4 3  34
T 0  -3 2 5  49
T 0  -9 8 30  50
T 1  3 14 21  35
T 1  43 84 2  52
T 1  1 1 3  36
T 1  2 3 5  53
T 1  9 28 30  54
T 2  -5 143 70  37
T 2  5 429 210  56
T 2  -3 91 21  38
T 2  -43 546 2  58
T 2  -1 11 3  39
T 2  -2 33 5  59
T 2  -1 42 30  60
T 3  15 16 30  61
ROW 1 -1 6
T 0  -3 1 1  40
T 1  8 21 7  42
T 1  4 3 1  43
T 2  -5 143 70  45
T 2  -16 273 7  47
T 2  -4 33 1  48
ROW 1 0 10
T 0  -3 4 1  0
T 0  9 4 6  1
T 1  11 42 10  2
T 1  1 3 1  3
T 1  -9 14 6  4
T 2  -25 429 42  5
T 2  -11 273 10  7
T 2  -1 33 1  8
T 2  1 21 6  9
T 3  -15 8 6  10
ROW 1 1 16
T 0  -3 4 15  11
T 0  -3 1 1  25
T 0  -9 4 15  12
T 1  1 42 15  13
T 1  8 21 7  26
T 1  1 3 15  14
T 1  4 3 1  28
T 1  9 14 15  15
T 2  35 429 15  16
T 2  -5 143 70  29
T 2  -1 273 15  18
T 2  -16 273 7  31
T 2  -1 33 15  19
T 2  -4 33 1  33
T 2  -1 21 15  20
T 3  15 8 15  21
ROW 1 2 16
T 0  -3 2 5  0
T 0  -9 4 3  64
T 0  -9 8 30  1
T 1  43 84 2  2
T 1  3 14 21  65
T 1  2 3 5  3
T 1  1 1 3  66
T 1  9 28 30  4
T 2  5 429 210  5
T 2  -5 143 70  67
T 2  -43 546 2  7
T 2  -3 91 21  68
T 2  -2 33 5  8
T 2  -1 11 3  69
T 2  -1 42 30  9
T 3  15 16 30  10
ROW 1 3 9
T 0  -3 4 7  25
T 1  7 6 1  26
T 1  1 6 3  27
T 1  1 3 7  28
T 2  5 143 10  29
T 2  -5 143 55  30
T 2  -7 39 1  31
T 2  -1 39 3  32
T 2  -1 33 7  33
ROW 1 4 9
T 0  3 4 21  64
T 1  2 3 3  65
T 1  -1 3 15  22
T 1  -1 3 21  66
T 2  5 286 10  67
T 2  -5 286 110  23
T 2  -4 39 3  68
T 2  2 39 15  24
T 2  1 33 21  69
ROW 2 -4 7
T 0  -3 4 35  40
T 1  -1 3 5  42
T 1  1 3 35  43
T 2  -5 286 286  62
T 2  -5 286 2  45
T 2  2 39 5  47
T 2  -1 33 35  48
ROW 2 -3 13
T 0  -3 4 7  49
T 0  -9 8 42  50
T 1  5 6 3  51
T 1  -11 84 70  52
T 1  1 3 7  53
T 1  9 28 42  54
T 2  -10 143 22  55
T 2  -10 429 6  56
T 2  -5 39 3  57
T 2  11 546 70  58
T 2  -1 33 7  59
T 2  -1 42 42  60
T 3  15 16 42  61
ROW 2 -2 3
T 1  2 21 105  41
T 2  -5 143 77  44
T 2  -4 273 105  46
ROW 2 -1 16
T 0  3 4 15  34
T 0  3 1 1  49
T 0  -9 8 6  50
T 1  1 42 105  35
T 1  -25 84 10  52
T 1  -1 3 15  36
T 1  -4 3 1  53
T 1  9 28 6  54
T 2  -10 143 14  37
T 2  -10 429 42  56
T 2  -1 273 105  38
T 2  25 546 10  58
T 2  1 33 15  39
T 2  4 33 1  59
T 2  -1 42 6  60
T 3  15 16 6  61
ROW 2 0 6
T 0  21 4 1  25
T 1  -5 21 7  26
T 1  -7 3 1  28
T 2  -5 143 70  29
T 2  10 273 7  31
T 2  7 33 1  33
ROW 2 1 16
T 0  -3 1 1  0
T 0  3 4 15  64
T 0  9 8 6  1
T 1  25 84 10  2
T 1  1 42 105  65
T 1  4 3 1  3
T 1  -1 3 15  66
T 1  -9 28 6  4
T 2  10 429 42  5
T 2  -10 143 14  67
T 2  -25 546 10  7
T 2  -1 273 105  68
T 2  -4 33 1  8
T 2  1 33 15  69
T 2  1 42 6  9
T 3  -15 16 6  10
ROW 2 2 13
T 0  3 4 3  11
T 0  -9 2 3  12
T 1  -20 21 3  13
T 1  2 21 105  27
T 1  -1 3 3  14
T 1  9 7 3  15
T 2  -35 429 3  16
T 2  -5 143 77  30
T 2  40 273 3  18
T 2  -4 273 105  32
T 2  1 33 3  19
T 2  -2 21 3  20
T 3  15 4 3  21
ROW 2 3 13
T 0  -3 4 7  0
T 0  -9 8 42  1
T 1  -11 84 70  2
T 1  5 6 3  22
T 1  1 3 7  3
T 1  9 28 42  4
T 2  -10 429 6  5
T 2  -10 143 22  23
T 2  11 546 70  7
T 2  -5 39 3  24
T 2  -1 33 7  8
T 2  -1 42 42  9
T 3  15 16 42  10
ROW 2 4 7
T 0  -3 4 35  25
T 1  -1 3 5  26
T 1  1 3 35  28
T 2  -5 286 2  29
T 2  -5 286 286  17
T 2  2 39 5  31
T 2  -1 33 35  33
ROW 3 -4 11
T 0  3 4 21  49
T 0  -9 4 14  50
T 1  1 42 210  52
T 1  -1 3 21  53
T 1  9 14 14  54
T 2  -5 858 6006  63
T 2  5 858 2  56
T 2  -1 273 210  58
T 2  1 33 21  59
T 2  -1 21 14  60
T 3  15 8 14  61
ROW 3 -3 1
T 2  -5 429 858  62
ROW 3 -2 13
T 0  9 4 3  49
T 0  -9 8 2  50
T 1  -5 14 7  51
T 1  5 28 30  52
T 1  -1 1 3  53
T 1  9 28 2  54
T 2  -5 429 462  55
T 2  5 429 14  56
T 2  5 91 7  57
T 2  -5 182 30  58
T 2  1 11 3  59
T 2  -1 42 2  60
T 3  15 16 2  61
ROW 3 -1 9
T 0  -3 4 15  40
T 1  -3 14 35  41
T 1  -5 42 105  42
T 1  1 3 15  43
T 2  -5 429 231  44
T 2  -5 429 42  45
T 2  3 91 35  46
T 2  5 273 105  47
T 2  -1 33 15  48
ROW 3 0 6
T 0  -9 4 1  64
T 1  -5 7 7  65
T 1  1 1 1  66
T 2  -5 429 210  67
T 2  10 91 7  68
T 2  -1 11 1  69
ROW 3 1 9
T 0  3 4 15  25
T 1  5 42 105  26
T 1  -3 14 35  27
T 1  -1 3 15  28
T 2  5 429 42  29
T 2  -5 429 231  30
T 2  -5 273 105  31
T 2  3 91 35  32
T 2  1 33 15  33
ROW 3 2 13
T 0  -9 4 3  0
T 0  9 8 2  1
T 1  -5 28 30  2
T 1  -5 14 7  22
T 1  1 1 3  3
T 1  -9 28 2  4
T 2  -5 429 14  5
T 2  -5 429 462  23
T 2  5 182 30  7
T 2  5 91 7  24
T 2  -1 11 3  8
T 2  1 42 2  9
T 3  -15 16 2  10
ROW 3 3 11
T 0  9 4 7  11
T 0  -9 4 7  12
T 1  5 14 7  13
T 1  -1 1 7  14
T 1  9 14 7  15
T 2  5 429 7  16
T 2  -5 429 858  17
T 2  -5 91 7  18
T 2  1 11 7  19
T 2  -1 21 7  20
T 3  15 8 7  21
ROW 3 4 11
T 0  3 4 21  0
T 0  -9 4 14  1
T 1  1 42 210  2
T 1  -1 3 21  3
T 1  9 14 14  4
T 2  5 858 2  5
T 2  -5 858 6006  6
T 2  -1 273 210  7
T 2  1 33 21  8
T 2  -1 21 14  9
T 3  15 8 14  10
