FORMAT 1
KERNEL S
SOURCE (s|S|s)
SHELLS 5 2

# E <id> <alpha> <beta> <mu> <p>
E 0 0 3 1 -5
E 1 0 3 2 -5
E 2 0 3 0 -5

# G <id> <2k> <L> <M>
G 0 0 5 3
G 1 2 3 3
G 2 0 7 3
G 3 0 7 7
G 4 2 5 3
G 5 4 3 3
G 6 0 3 3
G 7 0 5 4
G 8 0 7 4
G 9 0 7 6
G 10 2 5 4
G 11 0 5 -5
G 12 0 7 -5
G 13 2 5 -5
G 14 0 5 -4
G 15 0 7 -6
G 16 0 7 -4
G 17 2 5 -4
G 18 0 5 -3
G 19 2 3 -3
G 20 0 7 -7
G 21 0 7 -3
G 22 2 5 -3
G 23 4 3 -3
G 24 0 3 -3
G 25 0 5 2
G 26 2 3 2
G 27 0 7 2
G 28 2 5 2
G 29 4 3 2
G 30 0 3 2
G 31 0 5 5
G 32 0 7 5
G 33 2 5 5
G 34 0 5 -2
G 35 2 3 -2
G 36 0 7 -2
G 37 2 5 -2
G 38 4 3 -2
G 39 0 3 -2
G 40 0 5 1
G 41 2 3 1
G 42 0 7 1
G 43 2 5 1
G 44 4 3 1
G 45 0 3 1
G 46 0 5 -1
G 47 2 3 -1
G 48 0 7 -1
G 49 2 5 -1
G 50 4 3 -1
G 51 0 3 -1
G 52 0 5 0
G 53 2 3 0
G 54 0 7 0
G 55 2 5 0
G 56 4 3 0
G 57 0 3 0

# TABLE <l> <l'> <rows> [SYMMETRIC]
# ROW <m> <m'> <terms>
# T <prefactor> <num> <den> <radicand> <geometry>

TABLE 5 2 55
ROW -5 -2 7
T 0  -1 6 15  0
T 0  1 3 105  1
T 1  -3 286 2  2
T 1  3 286 2002  3
T 1  1 39 15  4
T 1  -1 33 105  5
T 2  -3 4 105  6
ROW -5 -1 4
T 0  1 4 30  7
T 1  3 286 22  8
T 1  3 143 143  9
T 1  -1 26 30  10
ROW -5 0 3
T 0  -5 2 1  11
T 1  -3 143 66  12
T 1  5 13 1  13
ROW -5 1 4
T 0  1 4 30  14
T 1  -3 143 143  15
T 1  3 286 22  16
T 1  -1 26 30  17
ROW -5 2 7
T 0  -1 6 15  18
T 0  1 3 105  19
T 1  -3 286 2002  20
T 1  -3 286 2  21
T 1  1 39 15  22
T 1  -1 33 105  23
T 2  -3 4 105  24
ROW -4 -2 7
T 0  -1 1 1  25
T 0  1 1 7  26
T 1  -3 286 10  27
T 1  3 286 1430  9
T 1  2 13 1  28
T 1  -1 11 7  29
T 2  -9 4 7  30
ROW -4 -1 9
T 0  7 12 6  0
T 0  -1 4 30  31
T 0  1 3 42  1
T 1  6 143 5  2
T 1  6 143 55  32
T 1  -7 78 6  4
T 1  1 26 30  33
T 1  -1 33 42  5
T 2  -3 4 42  6
ROW -4 0 3
T 0  -1 1 1  14
T 1  -3 143 165  16
T 1  2 13 1  17
ROW -4 1 9
T 0  1 4 30  11
T 0  7 12 6  18
T 0  1 3 42  19
T 1  -6 143 55  12
T 1  6 143 5  21
T 1  -1 26 30  13
T 1  -7 78 6  22
T 1  -1 33 42  23
T 2  -3 4 42  24
ROW -4 2 7
T 0  -1 1 1  34
T 0  1 1 7  35
T 1  -3 286 1430  15
T 1  -3 286 10  36
T 1  2 13 1  37
T 1  -1 11 7  38
T 2  -9 4 7  39
ROW -3 -2 9
T 0  -1 3 14  40
T 0  1 6 15  31
T 0  1 3 35  41
T 1  -3 286 30  42
T 1  9 286 110  32
T 1  2 39 14  43
T 1  -1 39 15  33
T 1  -1 33 35  44
T 2  -3 4 35  45
ROW -3 -1 9
T 0  5 6 2  25
T 0  -7 12 6  7
T 0  2 3 14  26
T 1  9 143 5  27
T 1  9 286 110  8
T 1  -5 39 2  28
T 1  7 78 6  10
T 1  -2 33 14  29
T 2  -3 2 14  30
ROW -3 0 6
T 0  1 6 1  18
T 0  2 3 7  19
T 1  -9 143 30  21
T 1  -1 39 1  22
T 1  -2 33 7  23
T 2  -3 2 7  24
ROW -3 1 9
T 0  7 12 6  14
T 0  5 6 2  34
T 0  2 3 14  35
T 1  -9 286 110  16
T 1  9 143 5  36
T 1  -7 78 6  17
T 1  -5 39 2  37
T 1  -2 33 14  38
T 2  -3 2 14  39
ROW -3 2 9
T 0  -1 6 15  11
T 0  -1 3 14  46
T 0  1 3 35  47
T 1  -9 286 110  12
T 1  -3 286 30  48
T 1  1 39 15  13
T 1  2 39 14  49
T 1  -1 33 35  50
T 2  -3 4 35  51
ROW -2 -2 9
T 0  -1 3 35  52
T 0  1 1 1  7
T 0  1 3 35  53
T 1  -3 143 35  54
T 1  3 143 165  8
T 1  2 39 35  55
T 1  -2 13 1  10
T 1  -1 33 35  56
T 2  -3 4 35  57
ROW -2 -1 12
T 0  1 6 21  40
T 0  -5 6 2  0
T 0  1 6 210  41
T 0  1 6 14  1
T 1  12 143 5  42
T 1  12 143 15  2
T 1  -1 39 21  43
T 1  5 39 2  4
T 1  -1 66 210  44
T 1  -1 66 14  5
T 2  -3 8 210  45
T 2  -3 8 14  6
ROW -2 0 6
T 0  1 1 1  34
T 0  1 1 7  35
T 1  -18 143 10  36
T 1  -2 13 1  37
T 1  -1 11 7  38
T 2  -9 4 7  39
ROW -2 1 12
T 0  5 6 2  18
T 0  1 6 21  46
T 0  -1 6 14  19
T 0  1 6 210  47
T 1  -12 143 15  21
T 1  12 143 5  48
T 1  -5 39 2  22
T 1  -1 39 21  49
T 1  1 66 14  23
T 1  -1 66 210  50
T 2  3 8 14  24
T 2  -3 8 210  51
ROW -2 2 3
T 0  -1 1 1  14
T 1  -3 143 165  16
T 1  2 13 1  17
ROW -1 -2 12
T 0  5 6 3  40
T 0  1 3 14  0
T 0  -1 6 30  41
T 0  -1 6 2  1
T 1  3 143 35  42
T 1  3 143 105  2
T 1  -5 39 3  43
T 1  -2 39 14  4
T 1  1 66 30  44
T 1  1 66 2  5
T 2  3 8 30  45
T 2  3 8 2  6
ROW -1 -1 12
T 0  1 6 5  52
T 0  -1 6 21  25
T 0  4 3 5  53
T 0  2 3 3  26
T 1  21 143 5  54
T 1  3 143 210  27
T 1  -1 39 5  55
T 1  1 39 21  28
T 1  -4 33 5  56
T 1  -2 33 3  29
T 2  -3 1 5  57
T 2  -3 2 3  30
ROW -1 0 6
T 0  3 2 1  46
T 0  1 1 10  47
T 1  -6 143 105  48
T 1  -3 13 1  49
T 1  -1 11 10  50
T 2  -9 4 10  51
ROW -1 1 6
T 0  1 6 21  34
T 0  -2 3 3  35
T 1  -3 143 210  36
T 1  -1 39 21  37
T 1  2 33 3  38
T 2  3 2 3  39
ROW -1 2 12
T 0  -1 3 14  18
T 0  -5 6 3  46
T 0  1 6 2  19
T 0  1 6 30  47
T 1  -3 143 105  21
T 1  -3 143 35  48
T 1  2 39 14  22
T 1  5 39 3  49
T 1  -1 66 2  23
T 1  -1 66 30  50
T 2  -3 8 2  24
T 2  -3 8 30  51
ROW 0 -2 6
T 0  -1 3 35  34
T 0  1 3 5  35
T 1  -9 143 14  36
T 1  2 39 35  37
T 1  -1 33 5  38
T 2  -3 4 5  39
ROW 0 -1 6
T 0  1 6 5  46
T 0  -5 3 2  47
T 1  -12 143 21  48
T 1  -1 39 5  49
T 1  5 33 2  50
T 2  15 4 2  51
ROW 0 0 6
T 0  5 3 1  52
T 0  10 3 1  53
T 1  -63 143 1  54
T 1  -10 39 1  55
T 1  -10 33 1  56
T 2  -15 2 1  57
ROW 0 1 6
T 0  1 6 5  40
T 0  -5 3 2  41
T 1  -12 143 21  42
T 1  -1 39 5  43
T 1  5 33 2  44
T 2  15 4 2  45
ROW 0 2 6
T 0  -1 3 35  25
T 0  1 3 5  26
T 1  -9 143 14  27
T 1  2 39 35  28
T 1  -1 33 5  29
T 2  -3 4 5  30
ROW 1 -2 12
T 0  -1 3 14  18
T 0  5 6 3  46
T 0  1 6 2  19
T 0  -1 6 30  47
T 1  -3 143 105  21
T 1  3 143 35  48
T 1  2 39 14  22
T 1  -5 39 3  49
T 1  -1 66 2  23
T 1  1 66 30  50
T 2  -3 8 2  24
T 2  3 8 30  51
ROW 1 -1 6
T 0  1 6 21  34
T 0  -2 3 3  35
T 1  -3 143 210  36
T 1  -1 39 21  37
T 1  2 33 3  38
T 2  3 2 3  39
ROW 1 0 6
T 0  3 2 1  40
T 0  1 1 10  41
T 1  -6 143 105  42
T 1  -3 13 1  43
T 1  -1 11 10  44
T 2  -9 4 10  45
ROW 1 1 12
T 0  1 6 5  52
T 0  1 6 21  25
T 0  4 3 5  53
T 0  -2 3 3  26
T 1  21 143 5  54
T 1  -3 143 210  27
T 1  -1 39 5  55
T 1  -1 39 21  28
T 1  -4 33 5  56
T 1  2 33 3  29
T 2  -3 1 5  57
T 2  3 2 3  30
ROW 1 2 12
T 0  5 6 3  40
T 0  -1 3 14  0
T 0  -1 6 30  41
T 0  1 6 2  1
T 1  3 143 35  42
T 1  -3 143 105  2
T 1  -5 39 3  43
T 1  2 39 14  4
T 1  1 66 30  44
T 1  -1 66 2  5
T 2  3 8 30  45
T 2  -3 8 2  6
ROW 2 -2 3
T 0  -1 1 1  14
T 1  -3 143 165  16
T 1  2 13 1  17
ROW 2 -1 12
T 0  5 6 2  18
T 0  -1 6 21  46
T 0  -1 6 14  19
T 0  -1 6 210  47
T 1  -12 143 15  21
T 1  -12 143 5  48
T 1  -5 39 2  22
T 1  1 39 21  49
T 1  1 66 14  23
T 1  1 66 210  50
T 2  3 8 14  24
T 2  3 8 210  51
ROW 2 0 6
T 0  1 1 1  25
T 0  1 1 7  26
T 1  -18 143 10  27
T 1  -2 13 1  28
T 1  -1 11 7  29
T 2  -9 4 7  30
ROW 2 1 12
T 0  1 6 21  40
T 0  5 6 2  0
T 0  1 6 210  41
T 0  -1 6 14  1
T 1  12 143 5  42
T 1  -12 143 15  2
T 1  -1 39 21  43
T 1  -5 39 2  4
T 1  -1 66 210  44
T 1  1 66 14  5
T 2  -3 8 210  45
T 2  3 8 14  6
ROW 2 2 9
T 0  -1 3 35  52
T 0  -1 1 1  7
T 0  1 3 35  53
T 1  -3 143 35  54
T 1  -3 143 165  8
T 1  2 39 35  55
T 1  2 13 1  10
T 1  -1 33 35  56
T 2  -3 4 35  57
ROW 3 -2 9
T 0  -1 6 15  11
T 0  1 3 14  46
T 0  -1 3 35  47
T 1  -9 286 110  12
T 1  3 286 30  48
T 1  1 39 15  13
T 1  -2 39 14  49
T 1  1 33 35  50
T 2  3 4 35  51
ROW 3 -1 9
T 0  7 12 6  14
T 0  -5 6 2  34
T 0  -2 3 14  35
T 1  -9 286 110  16
T 1  -9 143 5  36
T 1  -7 78 6  17
T 1  5 39 2  37
T 1  2 33 14  38
T 2  3 2 14  39
ROW 3 0 6
T 0  1 6 1  0
T 0  2 3 7  1
T 1  -9 143 30  2
T 1  -1 39 1  4
T 1  -2 33 7  5
T 2  -3 2 7  6
ROW 3 1 9
T 0  5 6 2  25
T 0  7 12 6  7
T 0  2 3 14  26
T 1  9 143 5  27
T 1  -9 286 110  8
T 1  -5 39 2  28
T 1  -7 78 6  10
T 1  -2 33 14  29
T 2  -3 2 14  30
ROW 3 2 9
T 0  -1 3 14  40
T 0  -1 6 15  31
T 0  1 3 35  41
T 1  -3 286 30  42
T 1  -9 286 110  32
T 1  2 39 14  43
T 1  1 39 15  33
T 1  -1 33 35  44
T 2  -3 4 35  45
ROW 4 -2 7
T 0  1 1 1  34
T 0  -1 1 7  35
T 1  -3 286 1430  15
T 1  3 286 10  36
T 1  -2 13 1  37
T 1  1 11 7  38
T 2  9 4 7  39
ROW 4 -1 9
T 0  1 4 30  11
T 0  -7 12 6  18
T 0  -1 3 42  19
T 1  -6 143 55  12
T 1  -6 143 5  21
T 1  -1 26 30  13
T 1  7 78 6  22
T 1  1 33 42  23
T 2  3 4 42  24
ROW 4 0 3
T 0  -1 1 1  7
T 1  -3 143 165  8
T 1  2 13 1  10
ROW 4 1 9
T 0  7 12 6  0
T 0  1 4 30  31
T 0  1 3 42  1
T 1  6 143 5  2
T 1  -6 143 55  32
T 1  -7 78 6  4
T 1  -1 26 30  33
T 1  -1 33 42  5
T 2  -3 4 42  6
ROW 4 2 7
T 0  -1 1 1  25
T 0  1 1 7  26
T 1  -3 286 10  27
T 1  -3 286 1430  9
T 1  2 13 1  28
T 1  -1 11 7  29
T 2  -9 4 7  30
ROW 5 -2 7
T 0  1 6 15  18
T 0  -1 3 105  19
T 1  -3 286 2002  20
T 1  3 286 2  21
T 1  -1 39 15  22
T 1  1 33 105  23
T 2  3 4 105  24
ROW 5 -1 4
T 0  -1 4 30  14
T 1  -3 143 143  15
T 1  -3 286 22  16
T 1  1 26 30  17
ROW 5 0 3
T 0  -5 2 1  31
T 1  -3 143 66  32
T 1  5 13 1  33
ROW 5 1 4
T 0  1 4 30  7
T 1  3 286 22  8
T 1  -3 143 143  9
T 1  -1 26 30  10
ROW 5 2 7
T 0  -1 6 15  0
T 0  1 3 105  1
T 1  -3 286 2  2
T 1  -3 286 2002  3
T 1  1 39 15  4
T 1  -1 33 105  5
T 2  -3 4 105  6
