FORMAT 1
KERNEL S
SOURCE (s|S|s)
SHELLS 4 3

# E <id> <alpha> <beta> <mu> <p>
E 0 0 1 1 -4
E 1 0 1 2 -4
E 2 0 1 3 -4
E 3 0 1 0 -4

# G <id> <2k> <L> <M>
G 0 0 3 1
G 1 2 1 1
G 2 0 5 1
G 3 2 3 1
G 4 4 1 1
G 5 0 7 1
G 6 0 7 7
G 7 2 5 1
G 8 4 3 1
G 9 6 1 1
G 10 0 1 1
G 11 0 3 2
G 12 0 5 2
G 13 2 3 2
G 14 0 7 2
G 15 0 7 6
G 16 2 5 2
G 17 4 3 2
G 18 0 3 3
G 19 0 5 3
G 20 0 5 5
G 21 2 3 3
G 22 0 7 3
G 23 0 7 5
G 24 2 5 3
G 25 2 5 5
G 26 4 3 3
G 27 0 5 -4
G 28 0 7 -4
G 29 2 5 -4
G 30 0 3 -3
G 31 0 5 -5
G 32 0 5 -3
G 33 2 3 -3
G 34 0 7 -5
G 35 0 7 -3
G 36 2 5 -5
G 37 2 5 -3
G 38 4 3 -3
G 39 0 3 -2
G 40 0 5 -2
G 41 2 3 -2
G 42 0 7 -6
G 43 0 7 -2
G 44 2 5 -2
G 45 4 3 -2
G 46 0 3 -1
G 47 2 1 -1
G 48 0 5 -1
G 49 2 3 -1
G 50 4 1 -1
G 51 0 7 -7
G 52 0 7 -1
G 53 2 5 -1
G 54 4 3 -1
G 55 6 1 -1
G 56 0 1 -1
G 57 0 3 0
G 58 2 1 0
G 59 0 5 0
G 60 2 3 0
G 61 4 1 0
G 62 0 7 0
G 63 2 5 0
G 64 4 3 0
G 65 6 1 0
G 66 0 1 0
G 67 0 5 4
G 68 0 7 4
G 69 2 5 4

# TABLE <l> <l'> <rows> [SYMMETRIC]
# ROW <m> <m'> <terms>
# T <prefactor> <num> <den> <radicand> <geometry>

TABLE 4 3 63
ROW -4 -3 11
T 0  -3 4 21  0
T 0  9 4 14  1
T 1  -1 42 210  2
T 1  1 3 21  3
T 1  -9 14 14  4
T 2  -5 858 2  5
T 2  -5 858 6006  6
T 2  1 273 210  7
T 2  -1 33 21  8
T 2  1 21 14  9
T 3  -15 8 14  10
ROW -4 -2 7
T 0  3 4 35  11
T 1  1 3 5  12
T 1  -1 3 35  13
T 2  5 286 2  14
T 2  -5 286 286  15
T 2  -2 39 5  16
T 2  1 33 35  17
ROW -4 -1 9
T 0  -3 4 21  18
T 1  -2 3 3  19
T 1  -1 3 15  20
T 1  1 3 21  21
T 2  -5 286 10  22
T 2  -5 286 110  23
T 2  4 39 3  24
T 2  2 39 15  25
T 2  -1 33 21  26
ROW -4 0 3
T 1  2 1 1  27
T 2  5 429 165  28
T 2  -4 13 1  29
ROW -4 1 9
T 0  -3 4 21  30
T 1  1 3 15  31
T 1  -2 3 3  32
T 1  1 3 21  33
T 2  5 286 110  34
T 2  -5 286 10  35
T 2  -2 39 15  36
T 2  4 39 3  37
T 2  -1 33 21  38
ROW -4 2 7
T 0  3 4 35  39
T 1  1 3 5  40
T 1  -1 3 35  41
T 2  5 286 286  42
T 2  5 286 2  43
T 2  -2 39 5  44
T 2  1 33 35  45
ROW -4 3 11
T 0  -3 4 21  46
T 0  9 4 14  47
T 1  -1 42 210  48
T 1  1 3 21  49
T 1  -9 14 14  50
T 2  5 858 6006  51
T 2  -5 858 2  52
T 2  1 273 210  53
T 2  -1 33 21  54
T 2  1 21 14  55
T 3  -15 8 14  56
ROW -3 -3 11
T 0  -9 4 7  57
T 0  9 4 7  58
T 1  -5 14 7  59
T 1  1 1 7  60
T 1  -9 14 7  61
T 2  -5 429 7  62
T 2  -5 429 858  15
T 2  5 91 7  63
T 2  -1 11 7  64
T 2  1 21 7  65
T 3  -15 8 7  66
ROW -3 -2 13
T 0  3 4 7  0
T 0  9 8 42  1
T 1  11 84 70  2
T 1  5 6 3  20
T 1  -1 3 7  3
T 1  -9 28 42  4
T 2  10 429 6  5
T 2  -10 143 22  23
T 2  -11 546 70  7
T 2  -5 39 3  25
T 2  1 33 7  8
T 2  1 42 42  9
T 3  -15 16 42  10
ROW -3 -1 9
T 0  3 4 7  11
T 1  -7 6 1  12
T 1  1 6 3  67
T 1  -1 3 7  13
T 2  -5 143 10  14
T 2  -5 143 55  68
T 2  7 39 1  16
T 2  -1 39 3  69
T 2  1 33 7  17
ROW -3 0 6
T 0  -9 4 7  30
T 1  1 1 1  32
T 1  1 1 7  33
T 2  20 429 30  35
T 2  -2 13 1  37
T 2  -1 11 7  38
ROW -3 1 9
T 0  3 4 7  39
T 1  -1 6 3  27
T 1  -7 6 1  40
T 1  -1 3 7  41
T 2  5 143 55  28
T 2  -5 143 10  43
T 2  1 39 3  29
T 2  7 39 1  44
T 2  1 33 7  45
ROW -3 2 13
T 0  3 4 7  46
T 0  9 8 42  47
T 1  -5 6 3  31
T 1  11 84 70  48
T 1  -1 3 7  49
T 1  -9 28 42  50
T 2  10 143 22  34
T 2  10 429 6  52
T 2  5 39 3  36
T 2  -11 546 70  53
T 2  1 33 7  54
T 2  1 42 42  55
T 3  -15 16 42  56
ROW -3 3 1
T 2  5 429 858  42
ROW -2 -3 13
T 0  9 4 3  0
T 0  -9 8 2  1
T 1  5 28 30  2
T 1  -5 14 7  20
T 1  -1 1 3  3
T 1  9 28 2  4
T 2  5 429 14  5
T 2  -5 429 462  23
T 2  -5 182 30  7
T 2  5 91 7  25
T 2  1 11 3  8
T 2  -1 42 2  9
T 3  15 16 2  10
ROW -2 -2 13
T 0  -3 4 3  57
T 0  9 2 3  58
T 1  20 21 3  59
T 1  2 21 105  67
T 1  1 3 3  60
T 1  -9 7 3  61
T 2  35 429 3  62
T 2  -5 143 77  68
T 2  -40 273 3  63
T 2  -4 273 105  69
T 2  -1 33 3  64
T 2  2 21 3  65
T 3  -15 4 3  66
ROW -2 -1 16
T 0  3 2 5  0
T 0  -9 4 3  18
T 0  9 8 30  1
T 1  -43 84 2  2
T 1  3 14 21  19
T 1  -2 3 5  3
T 1  1 1 3  21
T 1  -9 28 30  4
T 2  -5 429 210  5
T 2  -5 143 70  22
T 2  43 546 2  7
T 2  -3 91 21  24
T 2  2 33 5  8
T 2  -1 11 3  26
T 2  1 42 30  9
T 3  -15 16 30  10
ROW -2 0 6
T 0  -3 4 3  39
T 1  -1 21 21  40
T 1  1 3 3  41
T 2  10 429 210  43
T 2  2 273 21  44
T 2  -1 33 3  45
ROW -2 1 16
T 0  9 4 3  30
T 0  3 2 5  46
T 0  9 8 30  47
T 1  -3 14 21  32
T 1  -43 84 2  48
T 1  -1 1 3  33
T 1  -2 3 5  49
T 1  -9 28 30  50
T 2  5 143 70  35
T 2  -5 429 210  52
T 2  3 91 21  37
T 2  43 546 2  53
T 2  1 11 3  38
T 2  2 33 5  54
T 2  1 42 30  55
T 3  -15 16 30  56
ROW -2 2 3
T 1  -2 21 105  27
T 2  5 143 77  28
T 2  4 273 105  29
ROW -2 3 13
T 0  -9 4 3  46
T 0  9 8 2  47
T 1  5 14 7  31
T 1  -5 28 30  48
T 1  1 1 3  49
T 1  -9 28 2  50
T 2  5 429 462  34
T 2  -5 429 14  52
T 2  -5 91 7  36
T 2  5 182 30  53
T 2  -1 11 3  54
T 2  1 42 2  55
T 3  -15 16 2  56
ROW -1 -3 9
T 0  -3 4 15  11
T 1  -5 42 105  12
T 1  -3 14 35  67
T 1  1 3 15  13
T 2  -5 429 42  14
T 2  -5 429 231  68
T 2  5 273 105  16
T 2  3 91 35  69
T 2  -1 33 15  17
ROW -1 -2 16
T 0  3 1 1  0
T 0  3 4 15  18
T 0  -9 8 6  1
T 1  -25 84 10  2
T 1  1 42 105  19
T 1  -4 3 1  3
T 1  -1 3 15  21
T 1  9 28 6  4
T 2  -10 429 42  5
T 2  -10 143 14  22
T 2  25 546 10  7
T 2  -1 273 105  24
T 2  4 33 1  8
T 2  1 33 15  26
T 2  -1 42 6  9
T 3  15 16 6  10
ROW -1 -1 16
T 0  3 4 15  57
T 0  -3 1 1  11
T 0  9 4 15  58
T 1  -1 42 15  59
T 1  8 21 7  12
T 1  -1 3 15  60
T 1  4 3 1  13
T 1  -9 14 15  61
T 2  -35 429 15  62
T 2  -5 143 70  14
T 2  1 273 15  63
T 2  -16 273 7  16
T 2  1 33 15  64
T 2  -4 33 1  17
T 2  1 21 15  65
T 3  -15 8 15  66
ROW -1 0 10
T 0  3 4 15  46
T 0  9 4 10  47
T 1  -19 42 6  48
T 1  -1 3 15  49
T 1  -9 14 10  50
T 2  20 429 70  52
T 2  19 273 6  53
T 2  1 33 15  54
T 2  1 21 10  55
T 3  -15 8 10  56
ROW -1 1 6
T 0  3 1 1  39
T 1  -8 21 7  40
T 1  -4 3 1  41
T 2  5 143 70  43
T 2  16 273 7  44
T 2  4 33 1  45
ROW -1 2 16
T 0  -3 4 15  30
T 0  -3 1 1  46
T 0  9 8 6  47
T 1  -1 42 105  32
T 1  25 84 10  48
T 1  1 3 15  33
T 1  4 3 1  49
T 1  -9 28 6  50
T 2  10 143 14  35
T 2  10 429 42  52
T 2  1 273 105  37
T 2  -25 546 10  53
T 2  -1 33 15  38
T 2  -4 33 1  54
T 2  1 42 6  55
T 3  -15 16 6  56
ROW -1 3 9
T 0  3 4 15  39
T 1  3 14 35  27
T 1  5 42 105  40
T 1  -1 3 15  41
T 2  5 429 231  28
T 2  5 429 42  43
T 2  -3 91 35  29
T 2  -5 273 105  44
T 2  1 33 15  45
ROW 0 -3 6
T 0  9 4 1  30
T 1  5 7 7  32
T 1  -1 1 1  33
T 2  5 429 210  35
T 2  -10 91 7  37
T 2  1 11 1  38
ROW 0 -2 6
T 0  -21 4 1  39
T 1  5 21 7  40
T 1  7 3 1  41
T 2  5 143 70  43
T 2  -10 273 7  44
T 2  -7 33 1  45
ROW 0 -1 10
T 0  3 4 1  46
T 0  -9 4 6  47
T 1  -11 42 10  48
T 1  -1 3 1  49
T 1  9 14 6  50
T 2  25 429 42  52
T 2  11 273 10  53
T 2  1 33 1  54
T 2  -1 21 6  55
T 3  15 8 6  56
ROW 0 0 10
T 0  9 2 1  57
T 0  9 1 1  58
T 1  -10 7 1  59
T 1  -2 1 1  60
T 1  -18 7 1  61
T 2  175 429 1  62
T 2  20 91 1  63
T 2  2 11 1  64
T 2  4 21 1  65
T 3  -15 2 1  66
ROW 0 1 10
T 0  3 4 1  0
T 0  -9 4 6  1
T 1  -11 42 10  2
T 1  -1 3 1  3
T 1  9 14 6  4
T 2  25 429 42  5
T 2  11 273 10  7
T 2  1 33 1  8
T 2  -1 21 6  9
T 3  15 8 6  10
ROW 0 2 6
T 0  -21 4 1  11
T 1  5 21 7  12
T 1  7 3 1  13
T 2  5 143 70  14
T 2  -10 273 7  16
T 2  -7 33 1  17
ROW 0 3 6
T 0  9 4 1  18
T 1  5 7 7  19
T 1  -1 1 1  21
T 2  5 429 210  22
T 2  -10 91 7  24
T 2  1 11 1  26
ROW 1 -3 9
T 0  -3 4 15  39
T 1  3 14 35  27
T 1  -5 42 105  40
T 1  1 3 15  41
T 2  5 429 231  28
T 2  -5 429 42  43
T 2  -3 91 35  29
T 2  5 273 105  44
T 2  -1 33 15  45
ROW 1 -2 16
T 0  -3 4 15  30
T 0  3 1 1  46
T 0  -9 8 6  47
T 1  -1 42 105  32
T 1  -25 84 10  48
T 1  1 3 15  33
T 1  -4 3 1  49
T 1  9 28 6  50
T 2  10 143 14  35
T 2  -10 429 42  52
T 2  1 273 105  37
T 2  25 546 10  53
T 2  -1 33 15  38
T 2  4 33 1  54
T 2  -1 42 6  55
T 3  15 16 6  56
ROW 1 -1 6
T 0  3 1 1  39
T 1  -8 21 7  40
T 1  -4 3 1  41
T 2  5 143 70  43
T 2  16 273 7  44
T 2  4 33 1  45
ROW 1 0 10
T 0  3 4 15  0
T 0  9 4 10  1
T 1  -19 42 6  2
T 1  -1 3 15  3
T 1  -9 14 10  4
T 2  20 429 70  5
T 2  19 273 6  7
T 2  1 33 15  8
T 2  1 21 10  9
T 3  -15 8 10  10
ROW 1 1 16
T 0  3 4 15  57
T 0  3 1 1  11
T 0  9 4 15  58
T 1  -1 42 15  59
T 1  -8 21 7  12
T 1  -1 3 15  60
T 1  -4 3 1  13
T 1  -9 14 15  61
T 2  -35 429 15  62
T 2  5 143 70  14
T 2  1 273 15  63
T 2  16 273 7  16
T 2  1 33 15  64
T 2  4 33 1  17
T 2  1 21 15  65
T 3  -15 8 15  66
ROW 1 2 16
T 0  3 1 1  0
T 0  -3 4 15  18
T 0  -9 8 6  1
T 1  -25 84 10  2
T 1  -1 42 105  19
T 1  -4 3 1  3
T 1  1 3 15  21
T 1  9 28 6  4
T 2  -10 429 42  5
T 2  10 143 14  22
T 2  25 546 10  7
T 2  1 273 105  24
T 2  4 33 1  8
T 2  -1 33 15  26
T 2  -1 42 6  9
T 3  15 16 6  10
ROW 1 3 9
T 0  -3 4 15  11
T 1  -5 42 105  12
T 1  3 14 35  67
T 1  1 3 15  13
T 2  -5 429 42  14
T 2  5 429 231  68
T 2  5 273 105  16
T 2  -3 91 35  69
T 2  -1 33 15  17
ROW 2 -3 13
T 0  9 4 3  46
T 0  -9 8 2  47
T 1  5 14 7  31
T 1  5 28 30  48
T 1  -1 1 3  49
T 1  9 28 2  50
T 2  5 429 462  34
T 2  5 429 14  52
T 2  -5 91 7  36
T 2  -5 182 30  53
T 2  1 11 3  54
T 2  -1 42 2  55
T 3  15 16 2  56
ROW 2 -2 3
T 1  -2 21 105  27
T 2  5 143 77  28
T 2  4 273 105  29
ROW 2 -1 16
T 0  9 4 3  30
T 0  -3 2 5  46
T 0  -9 8 30  47
T 1  -3 14 21  32
T 1  43 84 2  48
T 1  -1 1 3  33
T 1  2 3 5  49
T 1  9 28 30  50
T 2  5 143 70  35
T 2  5 429 210  52
T 2  3 91 21  37
T 2  -43 546 2  53
T 2  1 11 3  38
T 2  -2 33 5  54
T 2  -1 42 30  55
T 3  15 16 30  56
ROW 2 0 6
T 0  -3 4 3  11
T 1  -1 21 21  12
T 1  1 3 3  13
T 2  10 429 210  14
T 2  2 273 21  16
T 2  -1 33 3  17
ROW 2 1 16
T 0  3 2 5  0
T 0  9 4 3  18
T 0  9 8 30  1
T 1  -43 84 2  2
T 1  -3 14 21  19
T 1  -2 3 5  3
T 1  -1 1 3  21
T 1  -9 28 30  4
T 2  -5 429 210  5
T 2  5 143 70  22
T 2  43 546 2  7
T 2  3 91 21  24
T 2  2 33 5  8
T 2  1 11 3  26
T 2  1 42 30  9
T 3  -15 16 30  10
ROW 2 2 13
T 0  -3 4 3  57
T 0  9 2 3  58
T 1  20 21 3  59
T 1  -2 21 105  67
T 1  1 3 3  60
T 1  -9 7 3  61
T 2  35 429 3  62
T 2  5 143 77  68
T 2  -40 273 3  63
T 2  4 273 105  69
T 2  -1 33 3  64
T 2  2 21 3  65
T 3  -15 4 3  66
ROW 2 3 13
T 0  9 4 3  0
T 0  -9 8 2  1
T 1  5 28 30  2
T 1  5 14 7  20
T 1  -1 1 3  3
T 1  9 28 2  4
T 2  5 429 14  5
T 2  5 429 462  23
T 2  -5 182 30  7
T 2  -5 91 7  25
T 2  1 11 3  8
T 2  -1 42 2  9
T 3  15 16 2  10
ROW 3 -3 1
T 2  5 429 858  42
ROW 3 -2 13
T 0  -3 4 7  46
T 0  -9 8 42  47
T 1  -5 6 3  31
T 1  -11 84 70  48
T 1  1 3 7  49
T 1  9 28 42  50
T 2  10 143 22  34
T 2  -10 429 6  52
T 2  5 39 3  36
T 2  11 546 70  53
T 2  -1 33 7  54
T 2  -1 42 42  55
T 3  15 16 42  56
ROW 3 -1 9
T 0  -3 4 7  39
T 1  -1 6 3  27
T 1  7 6 1  40
T 1  1 3 7  41
T 2  5 143 55  28
T 2  5 143 10  43
T 2  1 39 3  29
T 2  -7 39 1  44
T 2  -1 33 7  45
ROW 3 0 6
T 0  -9 4 7  18
T 1  1 1 1  19
T 1  1 1 7  21
T 2  20 429 30  22
T 2  -2 13 1  24
T 2  -1 11 7  26
ROW 3 1 9
T 0  3 4 7  11
T 1  -7 6 1  12
T 1  -1 6 3  67
T 1  -1 3 7  13
T 2  -5 143 10  14
T 2  5 143 55  68
T 2  7 39 1  16
T 2  1 39 3  69
T 2  1 33 7  17
ROW 3 2 13
T 0  3 4 7  0
T 0  9 8 42  1
T 1  11 84 70  2
T 1  -5 6 3  20
T 1  -1 3 7  3
T 1  -9 28 42  4
T 2  10 429 6  5
T 2  10 143 22  23
T 2  -11 546 70  7
T 2  5 39 3  25
T 2  1 33 7  8
T 2  1 42 42  9
T 3  -15 16 42  10
ROW 3 3 11
T 0  -9 4 7  57
T 0  9 4 7  58
T 1  -5 14 7  59
T 1  1 1 7  60
T 1  -9 14 7  61
T 2  -5 429 7  62
T 2  5 429 858  15
T 2  5 91 7  63
T 2  -1 11 7  64
T 2  1 21 7  65
T 3  -15 8 7  66
ROW 4 -3 11
T 0  3 4 21  46
T 0  -9 4 14  47
T 1  1 42 210  48
T 1  -1 3 21  49
T 1  9 14 14  50
T 2  5 858 6006  51
T 2  5 858 2  52
T 2  -1 273 210  53
T 2  1 33 21  54
T 2  -1 21 14  55
T 3  15 8 14  56
ROW 4 -2 7
T 0  -3 4 35  39
T 1  -1 3 5  40
T 1  1 3 35  41
T 2  5 286 286  42
T 2  -5 286 2  43
T 2  2 39 5  44
T 2  -1 33 35  45
ROW 4 -1 9
T 0  3 4 21  30
T 1  1 3 15  31
T 1  2 3 3  32
T 1  -1 3 21  33
T 2  5 286 110  34
T 2  5 286 10  35
T 2  -2 39 15  36
T 2  -4 39 3  37
T 2  1 33 21  38
ROW 4 0 3
T 1  2 1 1  67
T 2  5 429 165  68
T 2  -4 13 1  69
ROW 4 1 9
T 0  -3 4 21  18
T 1  -2 3 3  19
T 1  1 3 15  20
T 1  1 3 21  21
T 2  -5 286 10  22
T 2  5 286 110  23
T 2  4 39 3  24
T 2  -2 39 15  25
T 2  -1 33 21  26
ROW 4 2 7
T 0  3 4 35  11
T 1  1 3 5  12
T 1  -1 3 35  13
T 2  5 286 2  14
T 2  5 286 286  15
T 2  -2 39 5  16
T 2  1 33 35  17
ROW 4 3 11
T 0  -3 4 21  0
T 0  9 4 14  1
T 1  -1 42 210  2
T 1  1 3 21  3
T 1  -9 14 14  4
T 2  -5 858 2  5
T 2  5 858 6006  6
T 2  1 273 210  7
T 2  -1 33 21  8
T 2  1 21 14  9
T 3  -15 8 14  10
