FORMAT 1
KERNEL S
SOURCE (s|S|s)
SHELLS 4 1

# E <id> <alpha> <beta> <mu> <p>
E 0 0 3 1 -4
E 1 0 3 0 -4

# G <id> <2k> <L> <M>
G 0 0 5 3
G 1 0 5 5
G 2 2 3 3
G 3 0 3 3
G 4 0 5 -4
G 5 0 5 -5
G 6 0 5 -3
G 7 2 3 -3
G 8 0 3 -3
G 9 0 5 2
G 10 0 5 4
G 11 2 3 2
G 12 0 3 2
G 13 0 5 -2
G 14 2 3 -2
G 15 0 3 -2
G 16 0 5 1
G 17 2 3 1
G 18 0 3 1
G 19 0 5 -1
G 20 2 3 -1
G 21 0 3 -1
G 22 0 5 0
G 23 2 3 0
G 24 0 3 0

# TABLE <l> <l'> <rows> [SYMMETRIC]
# ROW <m> <m'> <terms>
# T <prefactor> <num> <den> <radicand> <geometry>

TABLE 4 1 27
ROW -4 -1 4
T 0  -1 18 2  0
T 0  -1 6 10  1
T 0  1 9 14  2
T 1  -1 2 14  3
ROW -4 0 1
T 0  1 3 1  4
ROW -4 1 4
T 0  1 6 10  5
T 0  -1 18 2  6
T 0  1 9 14  7
T 1  -1 2 14  8
ROW -3 -1 4
T 0  -1 18 6  9
T 0  -1 3 2  10
T 0  1 18 42  11
T 1  -1 4 42  12
ROW -3 0 3
T 0  4 9 1  6
T 0  1 9 7  7
T 1  -1 2 7  8
ROW -3 1 4
T 0  1 3 2  4
T 0  -1 18 6  13
T 0  1 18 42  14
T 1  -1 4 42  15
ROW -2 -1 6
T 0  -1 9 3  16
T 0  -1 9 14  0
T 0  1 18 30  17
T 0  1 18 2  2
T 1  -1 4 30  18
T 1  -1 4 2  3
ROW -2 0 3
T 0  1 9 21  13
T 0  2 9 3  14
T 1  -1 1 3  15
ROW -2 1 6
T 0  1 9 14  6
T 0  -1 9 3  19
T 0  -1 18 2  7
T 0  1 18 30  20
T 1  1 4 2  8
T 1  -1 4 30  21
ROW -1 -1 6
T 0  -1 9 10  22
T 0  -1 18 42  9
T 0  1 9 10  23
T 0  1 18 6  11
T 1  -1 2 10  24
T 1  -1 4 6  12
ROW -1 0 3
T 0  2 9 6  19
T 0  1 9 15  20
T 1  -1 2 15  21
ROW -1 1 3
T 0  1 18 42  13
T 0  -1 18 6  14
T 1  1 4 6  15
ROW 0 -1 3
T 0  1 9 15  19
T 0  -1 9 6  20
T 1  1 2 6  21
ROW 0 0 3
T 0  5 9 1  22
T 0  4 9 1  23
T 1  -2 1 1  24
ROW 0 1 3
T 0  1 9 15  16
T 0  -1 9 6  17
T 1  1 2 6  18
ROW 1 -1 3
T 0  1 18 42  13
T 0  -1 18 6  14
T 1  1 4 6  15
ROW 1 0 3
T 0  2 9 6  16
T 0  1 9 15  17
T 1  -1 2 15  18
ROW 1 1 6
T 0  -1 9 10  22
T 0  1 18 42  9
T 0  1 9 10  23
T 0  -1 18 6  11
T 1  -1 2 10  24
T 1  1 4 6  12
ROW 2 -1 6
T 0  1 9 14  6
T 0  1 9 3  19
T 0  -1 18 2  7
T 0  -1 18 30  20
T 1  1 4 2  8
T 1  1 4 30  21
ROW 2 0 3
T 0  1 9 21  9
T 0  2 9 3  11
T 1  -1 1 3  12
ROW 2 1 6
T 0  -1 9 3  16
T 0  1 9 14  0
T 0  1 18 30  17
T 0  -1 18 2  2
T 1  -1 4 30  18
T 1  1 4 2  3
ROW 3 -1 4
T 0  1 3 2  4
T 0  1 18 6  13
T 0  -1 18 42  14
T 1  1 4 42  15
ROW 3 0 3
T 0  4 9 1  0
T 0  1 9 7  2
T 1  -1 2 7  3
ROW 3 1 4
T 0  -1 18 6  9
T 0  1 3 2  10
T 0  1 18 42  11
T 1  -1 4 42  12
ROW 4 -1 4
T 0  1 6 10  5
T 0  1 18 2  6
T 0  -1 9 14  7
T 1  1 2 14  8
ROW 4 0 1
T 0  1 3 1  10
ROW 4 1 4
T 0  -1 18 2  0
T 0  1 6 10  1
T 0  1 9 14  2
T 1  -1 2 14  3
