FORMAT 1
KERNEL S
SOURCE (s|S|s)
SHELLS 5 1

# E <id> <alpha> <beta> <mu> <p>
E 0 0 4 1 -5
E 1 0 4 0 -5

# G <id> <2k> <L> <M>
G 0 0 6 4
G 1 0 6 6
G 2 2 4 4
G 3 0 4 4
G 4 0 6 -5
G 5 0 6 -6
G 6 0 6 -4
G 7 2 4 -4
G 8 0 4 -4
G 9 0 6 3
G 10 0 6 5
G 11 2 4 3
G 12 0 4 3
G 13 0 6 -3
G 14 2 4 -3
G 15 0 4 -3
G 16 0 6 2
G 17 2 4 2
G 18 0 4 2
G 19 0 6 -2
G 20 2 4 -2
G 21 0 4 -2
G 22 0 6 1
G 23 2 4 1
G 24 0 4 1
G 25 0 6 -1
G 26 2 4 -1
G 27 0 4 -1
G 28 0 6 0
G 29 2 4 0
G 30 0 4 0

# TABLE <l> <l'> <rows> [SYMMETRIC]
# ROW <m> <m'> <terms>
# T <prefactor> <num> <den> <radicand> <geometry>

TABLE 5 1 33
ROW -5 -1 4
T 0  1 22 2  0
T 0  1 11 33  1
T 0  -3 22 10  2
T 1  3 4 10  3
ROW -5 0 1
T 0  -1 11 11  4
ROW -5 1 4
T 0  -1 11 33  5
T 0  1 22 2  6
T 0  -3 22 10  7
T 1  3 4 10  8
ROW -4 -1 4
T 0  1 22 6  9
T 0  1 22 110  10
T 0  -3 11 2  11
T 1  3 2 2  12
ROW -4 0 3
T 0  -2 11 5  6
T 0  -3 11 1  7
T 1  3 2 1  8
ROW -4 1 4
T 0  -1 22 110  4
T 0  1 22 6  13
T 0  -3 11 2  14
T 1  3 2 2  15
ROW -3 -1 6
T 0  1 11 3  16
T 0  3 22 10  0
T 0  -1 11 14  17
T 0  -1 22 2  2
T 1  1 2 14  18
T 1  1 4 2  3
ROW -3 0 3
T 0  -3 11 3  13
T 0  -4 11 1  14
T 1  2 1 1  15
ROW -3 1 6
T 0  -3 22 10  6
T 0  1 11 3  19
T 0  1 22 2  7
T 0  -1 11 14  20
T 1  -1 4 2  8
T 1  1 2 14  21
ROW -2 -1 6
T 0  1 11 5  22
T 0  3 11 2  9
T 0  -1 22 42  23
T 0  -1 22 6  11
T 1  1 4 42  24
T 1  1 4 6  12
ROW -2 0 3
T 0  -4 11 2  19
T 0  -1 11 21  20
T 1  1 2 21  21
ROW -2 1 6
T 0  -3 11 2  13
T 0  1 11 5  25
T 0  1 22 6  14
T 0  -1 22 42  26
T 1  -1 4 6  15
T 1  1 4 42  27
ROW -1 -1 6
T 0  1 11 15  28
T 0  1 11 14  16
T 0  -1 11 15  29
T 0  -1 11 3  17
T 1  1 2 15  30
T 1  1 2 3  18
ROW -1 0 3
T 0  -1 11 35  25
T 0  -2 11 6  26
T 1  1 1 6  27
ROW -1 1 3
T 0  -1 11 14  19
T 0  1 11 3  20
T 1  -1 2 3  21
ROW 0 -1 3
T 0  -1 11 21  25
T 0  1 11 10  26
T 1  -1 2 10  27
ROW 0 0 3
T 0  -6 11 1  28
T 0  -5 11 1  29
T 1  5 2 1  30
ROW 0 1 3
T 0  -1 11 21  22
T 0  1 11 10  23
T 1  -1 2 10  24
ROW 1 -1 3
T 0  -1 11 14  19
T 0  1 11 3  20
T 1  -1 2 3  21
ROW 1 0 3
T 0  -1 11 35  22
T 0  -2 11 6  23
T 1  1 1 6  24
ROW 1 1 6
T 0  1 11 15  28
T 0  -1 11 14  16
T 0  -1 11 15  29
T 0  1 11 3  17
T 1  1 2 15  30
T 1  -1 2 3  18
ROW 2 -1 6
T 0  -3 11 2  13
T 0  -1 11 5  25
T 0  1 22 6  14
T 0  1 22 42  26
T 1  -1 4 6  15
T 1  -1 4 42  27
ROW 2 0 3
T 0  -4 11 2  16
T 0  -1 11 21  17
T 1  1 2 21  18
ROW 2 1 6
T 0  1 11 5  22
T 0  -3 11 2  9
T 0  -1 22 42  23
T 0  1 22 6  11
T 1  1 4 42  24
T 1  -1 4 6  12
ROW 3 -1 6
T 0  -3 22 10  6
T 0  -1 11 3  19
T 0  1 22 2  7
T 0  1 11 14  20
T 1  -1 4 2  8
T 1  -1 2 14  21
ROW 3 0 3
T 0  -3 11 3  9
T 0  -4 11 1  11
T 1  2 1 1  12
ROW 3 1 6
T 0  1 11 3  16
T 0  -3 22 10  0
T 0  -1 11 14  17
T 0  1 22 2  2
T 1  1 2 14  18
T 1  -1 4 2  3
ROW 4 -1 4
T 0  -1 22 110  4
T 0  -1 22 6  13
T 0  3 11 2  14
T 1  -3 2 2  15
ROW 4 0 3
T 0  -2 11 5  0
T 0  -3 11 1  2
T 1  3 2 1  3
ROW 4 1 4
T 0  1 22 6  9
T 0  -1 22 110  10
T 0  -3 11 2  11
T 1  3 2 2  12
ROW 5 -1 4
T 0  -1 11 33  5
T 0  -1 22 2  6
T 0  3 22 10  7
T 1  -3 4 10  8
ROW 5 0 1
T 0  -1 11 11  10
ROW 5 1 4
T 0  1 22 2  0
T 0  -1 11 33  1
T 0  -3 22 10  2
T 1  3 4 10  3
