FORMAT 1
KERNEL S
SOURCE (s|S|s)
SHELLS 6 1

# E <id> <alpha> <beta> <mu> <p>
E 0 0 5 1 -6
E 1 0 5 0 -6

# G <id> <2k> <L> <M>
G 0 0 7 5
G 1 0 7 7
G 2 2 5 5
G 3 0 5 5
G 4 0 7 -6
G 5 0 7 -7
G 6 0 7 -5
G 7 2 5 -5
G 8 0 5 -5
G 9 0 7 4
G 10 0 7 6
G 11 2 5 4
G 12 0 5 4
G 13 0 7 -4
G 14 2 5 -4
G 15 0 5 -4
G 16 0 7 3
G 17 2 5 3
G 18 0 5 3
G 19 0 7 -3
G 20 2 5 -3
G 21 0 5 -3
G 22 0 7 2
G 23 2 5 2
G 24 0 5 2
G 25 0 7 -2
G 26 2 5 -2
G 27 0 5 -2
G 28 0 7 1
G 29 2 5 1
G 30 0 5 1
G 31 0 7 -1
G 32 2 5 -1
G 33 0 5 -1
G 34 0 7 0
G 35 2 5 0
G 36 0 5 0

# TABLE <l> <l'> <rows> [SYMMETRIC]
# ROW <m> <m'> <terms>
# T <prefactor> <num> <den> <radicand> <geometry>

TABLE 6 1 39
ROW -6 -1 4
T 0  -1 26 2  0
T 0  -1 26 182  1
T 0  1 13 33  2
T 1  -1 2 33  3
ROW -6 0 1
T 0  1 13 13  4
ROW -6 1 4
T 0  1 26 182  5
T 0  -1 26 2  6
T 0  1 13 33  7
T 1  -1 2 33  8
ROW -5 -1 4
T 0  -1 26 6  9
T 0  -1 13 39  10
T 0  1 26 110  11
T 1  -1 4 110  12
ROW -5 0 3
T 0  2 13 6  6
T 0  1 13 11  7
T 1  -1 2 11  8
ROW -5 1 4
T 0  1 13 39  4
T 0  -1 26 6  13
T 0  1 26 110  14
T 1  -1 4 110  15
ROW -4 -1 6
T 0  -1 13 3  16
T 0  -1 13 33  0
T 0  3 26 10  17
T 0  1 26 2  2
T 1  -3 4 10  18
T 1  -1 4 2  3
ROW -4 0 3
T 0  1 13 33  13
T 0  2 13 5  14
T 1  -1 1 5  15
ROW -4 1 6
T 0  1 13 33  6
T 0  -1 13 3  19
T 0  -1 26 2  7
T 0  3 26 10  20
T 1  1 4 2  8
T 1  -3 4 10  21
ROW -3 -1 6
T 0  -1 13 5  22
T 0  -1 26 110  9
T 0  3 13 2  23
T 0  1 26 6  11
T 1  -3 2 2  24
T 1  -1 4 6  12
ROW -3 0 3
T 0  2 13 10  19
T 0  3 13 3  20
T 1  -3 2 3  21
ROW -3 1 6
T 0  1 26 110  13
T 0  -1 13 5  25
T 0  -1 26 6  14
T 0  3 13 2  26
T 1  1 4 6  15
T 1  -3 2 2  27
ROW -2 -1 6
T 0  -1 26 30  28
T 0  -3 26 10  16
T 0  1 13 14  29
T 0  1 13 3  17
T 1  -1 2 14  30
T 1  -1 2 3  18
ROW -2 0 3
T 0  3 13 5  25
T 0  4 13 2  26
T 1  -2 1 2  27
ROW -2 1 6
T 0  3 26 10  19
T 0  -1 26 30  31
T 0  -1 13 3  20
T 0  1 13 14  32
T 1  1 2 3  21
T 1  -1 2 14  33
ROW -1 -1 6
T 0  -1 13 21  34
T 0  -3 13 2  22
T 0  1 13 21  35
T 0  1 13 5  23
T 1  -1 2 21  36
T 1  -1 2 5  24
ROW -1 0 3
T 0  4 13 3  31
T 0  1 13 35  32
T 1  -1 2 35  33
ROW -1 1 3
T 0  3 13 2  25
T 0  -1 13 5  26
T 1  1 2 5  27
ROW 0 -1 3
T 0  2 13 7  31
T 0  -1 13 15  32
T 1  1 2 15  33
ROW 0 0 3
T 0  7 13 1  34
T 0  6 13 1  35
T 1  -3 1 1  36
ROW 0 1 3
T 0  2 13 7  28
T 0  -1 13 15  29
T 1  1 2 15  30
ROW 1 -1 3
T 0  3 13 2  25
T 0  -1 13 5  26
T 1  1 2 5  27
ROW 1 0 3
T 0  4 13 3  28
T 0  1 13 35  29
T 1  -1 2 35  30
ROW 1 1 6
T 0  -1 13 21  34
T 0  3 13 2  22
T 0  1 13 21  35
T 0  -1 13 5  23
T 1  -1 2 21  36
T 1  1 2 5  24
ROW 2 -1 6
T 0  3 26 10  19
T 0  1 26 30  31
T 0  -1 13 3  20
T 0  -1 13 14  32
T 1  1 2 3  21
T 1  1 2 14  33
ROW 2 0 3
T 0  3 13 5  22
T 0  4 13 2  23
T 1  -2 1 2  24
ROW 2 1 6
T 0  -1 26 30  28
T 0  3 26 10  16
T 0  1 13 14  29
T 0  -1 13 3  17
T 1  -1 2 14  30
T 1  1 2 3  18
ROW 3 -1 6
T 0  1 26 110  13
T 0  1 13 5  25
T 0  -1 26 6  14
T 0  -3 13 2  26
T 1  1 4 6  15
T 1  3 2 2  27
ROW 3 0 3
T 0  2 13 10  16
T 0  3 13 3  17
T 1  -3 2 3  18
ROW 3 1 6
T 0  -1 13 5  22
T 0  1 26 110  9
T 0  3 13 2  23
T 0  -1 26 6  11
T 1  -3 2 2  24
T 1  1 4 6  12
ROW 4 -1 6
T 0  1 13 33  6
T 0  1 13 3  19
T 0  -1 26 2  7
T 0  -3 26 10  20
T 1  1 4 2  8
T 1  3 4 10  21
ROW 4 0 3
T 0  1 13 33  9
T 0  2 13 5  11
T 1  -1 1 5  12
ROW 4 1 6
T 0  -1 13 3  16
T 0  1 13 33  0
T 0  3 26 10  17
T 0  -1 26 2  2
T 1  -3 4 10  18
T 1  1 4 2  3
ROW 5 -1 4
T 0  1 13 39  4
T 0  1 26 6  13
T 0  -1 26 110  14
T 1  1 4 110  15
ROW 5 0 3
T 0  2 13 6  0
T 0  1 13 11  2
T 1  -1 2 11  3
ROW 5 1 4
T 0  -1 26 6  9
T 0  1 13 39  10
T 0  1 26 110  11
T 1  -1 4 110  12
ROW 6 -1 4
T 0  1 26 182  5
T 0  1 26 2  6
T 0  -1 13 33  7
T 1  1 2 33  8
ROW 6 0 1
T 0  1 13 13  10
ROW 6 1 4
T 0  -1 26 2  0
T 0  1 26 182  1
T 0  1 13 33  2
T 1  -1 2 33  3
