FORMAT 1
KERNEL S
SOURCE (s|S|s)
SHELLS 3 3

# E <id> <alpha> <beta> <mu> <p>
E 0 0 0 1 -3
E 1 0 0 2 -3
E 2 0 0 3 -3
E 3 0 0 0 -3

# G <id> <2k> <L> <M>
G 0 0 2 0
G 1 2 0 0
G 2 0 4 0
G 3 2 2 0
G 4 4 0 0
G 5 0 6 0
G 6 0 6 6
G 7 2 4 0
G 8 4 2 0
G 9 6 0 0
G 10 0 0 0
G 11 0 2 1
G 12 0 4 1
G 13 2 2 1
G 14 0 6 1
G 15 0 6 5
G 16 2 4 1
G 17 4 2 1
G 18 0 2 2
G 19 0 4 2
G 20 0 4 4
G 21 2 2 2
G 22 0 6 2
G 23 0 6 4
G 24 2 4 2
G 25 2 4 4
G 26 4 2 2
G 27 0 4 -3
G 28 0 6 -3
G 29 2 4 -3
G 30 0 2 -2
G 31 0 4 -4
G 32 0 4 -2
G 33 2 2 -2
G 34 0 6 -4
G 35 0 6 -2
G 36 2 4 -4
G 37 2 4 -2
G 38 4 2 -2
G 39 0 2 -1
G 40 0 4 -1
G 41 2 2 -1
G 42 0 6 -5
G 43 0 6 -1
G 44 2 4 -1
G 45 4 2 -1
G 46 0 6 -6
G 47 0 4 3
G 48 0 6 3
G 49 2 4 3

# TABLE <l> <l'> <rows> [SYMMETRIC]
# ROW <m> <m'> <terms>
# T <prefactor> <num> <den> <radicand> <geometry>

TABLE 3 3 28 SYMMETRIC
ROW -3 -3 11
T 0  15 4 1  0
T 0  -15 4 1  1
T 1  9 14 1  2
T 1  -15 7 1  3
T 1  3 2 1  4
T 2  5 231 1  5
T 2  5 231 462  6
T 2  -9 77 1  7
T 2  5 21 1  8
T 2  -1 7 1  9
T 3  15 8 1  10
ROW -3 -2 7
T 0  -15 8 2  11
T 1  -3 14 15  12
T 1  15 14 2  13
T 2  -5 462 14  14
T 2  5 231 231  15
T 2  3 77 15  16
T 2  -5 42 2  17
ROW -3 -1 9
T 0  3 4 5  18
T 1  9 14 3  19
T 1  3 14 21  20
T 1  -3 7 5  21
T 2  5 231 14  22
T 2  5 231 105  23
T 2  -9 77 3  24
T 2  -3 77 21  25
T 2  1 21 5  26
ROW -3 0 3
T 1  -9 14 7  27
T 2  -10 231 21  28
T 2  9 77 7  29
ROW -3 1 9
T 0  3 4 5  30
T 1  -3 14 21  31
T 1  9 14 3  32
T 1  -3 7 5  33
T 2  -5 231 105  34
T 2  5 231 14  35
T 2  3 77 21  36
T 2  -9 77 3  37
T 2  1 21 5  38
ROW -3 2 7
T 0  -15 8 2  39
T 1  -3 14 15  40
T 1  15 14 2  41
T 2  -5 231 231  42
T 2  -5 462 14  43
T 2  3 77 15  44
T 2  -5 42 2  45
ROW -3 3 1
T 2  -5 231 462  46
ROW -2 -2 10
T 0  -15 4 1  1
T 1  -3 2 1  2
T 1  -3 14 35  20
T 1  3 2 1  4
T 2  -10 77 1  5
T 2  10 77 7  23
T 2  3 11 1  7
T 2  3 77 35  25
T 2  -1 7 1  9
T 3  15 8 1  10
ROW -2 -1 9
T 0  -3 8 30  11
T 1  6 7 1  12
T 1  -3 14 7  47
T 1  3 14 30  13
T 2  5 462 210  14
T 2  5 77 21  48
T 2  -12 77 1  16
T 2  3 77 7  49
T 2  -1 42 30  17
ROW -2 0 6
T 0  3 2 5  30
T 1  -3 14 3  32
T 1  -6 7 5  33
T 2  -20 231 14  35
T 2  3 77 3  37
T 2  2 21 5  38
ROW -2 1 9
T 0  -3 8 30  39
T 1  3 14 7  27
T 1  6 7 1  40
T 1  3 14 30  41
T 2  -5 77 21  28
T 2  5 462 210  43
T 2  -3 77 7  29
T 2  -12 77 1  44
T 2  -1 42 30  45
ROW -2 2 3
T 1  3 14 35  31
T 2  -10 77 7  34
T 2  -3 77 35  36
ROW -2 3 7
T 0  15 8 2  39
T 1  3 14 15  40
T 1  -15 14 2  41
T 2  -5 231 231  42
T 2  5 462 14  43
T 2  -3 77 15  44
T 2  5 42 2  45
ROW -1 -1 16
T 0  -9 4 1  0
T 0  3 2 3  18
T 0  -15 4 1  1
T 1  3 14 1  2
T 1  -3 7 5  19
T 1  9 7 1  3
T 1  -6 7 3  21
T 1  3 2 1  4
T 2  25 77 1  5
T 2  5 231 210  22
T 2  -3 77 1  7
T 2  6 77 5  24
T 2  -1 7 1  8
T 2  2 21 3  26
T 2  -1 7 1  9
T 3  15 8 1  10
ROW -1 0 6
T 0  -3 4 2  39
T 1  3 14 15  40
T 1  3 7 2  41
T 2  -25 231 14  43
T 2  -3 77 15  44
T 2  -1 21 2  45
ROW -1 1 6
T 0  -3 2 3  30
T 1  3 7 5  32
T 1  6 7 3  33
T 2  -5 231 210  35
T 2  -6 77 5  37
T 2  -2 21 3  38
ROW -1 2 9
T 0  3 8 30  39
T 1  3 14 7  27
T 1  -6 7 1  40
T 1  -3 14 30  41
T 2  -5 77 21  28
T 2  -5 462 210  43
T 2  -3 77 7  29
T 2  12 77 1  44
T 2  1 42 30  45
ROW -1 3 9
T 0  -3 4 5  30
T 1  -3 14 21  31
T 1  -9 14 3  32
T 1  3 7 5  33
T 2  -5 231 105  34
T 2  -5 231 14  35
T 2  3 77 21  36
T 2  9 77 3  37
T 2  -1 21 5  38
ROW 0 0 10
T 0  -3 1 1  0
T 0  -15 4 1  1
T 1  9 7 1  2
T 1  12 7 1  3
T 1  3 2 1  4
T 2  -100 231 1  5
T 2  -18 77 1  7
T 2  -4 21 1  8
T 2  -1 7 1  9
T 3  15 8 1  10
ROW 0 1 6
T 0  -3 4 2  11
T 1  3 14 15  12
T 1  3 7 2  13
T 2  -25 231 14  14
T 2  -3 77 15  16
T 2  -1 21 2  17
ROW 0 2 6
T 0  3 2 5  18
T 1  -3 14 3  19
T 1  -6 7 5  21
T 2  -20 231 14  22
T 2  3 77 3  24
T 2  2 21 5  26
ROW 0 3 3
T 1  -9 14 7  47
T 2  -10 231 21  48
T 2  9 77 7  49
ROW 1 1 16
T 0  -9 4 1  0
T 0  -3 2 3  18
T 0  -15 4 1  1
T 1  3 14 1  2
T 1  3 7 5  19
T 1  9 7 1  3
T 1  6 7 3  21
T 1  3 2 1  4
T 2  25 77 1  5
T 2  -5 231 210  22
T 2  -3 77 1  7
T 2  -6 77 5  24
T 2  -1 7 1  8
T 2  -2 21 3  26
T 2  -1 7 1  9
T 3  15 8 1  10
ROW 1 2 9
T 0  -3 8 30  11
T 1  6 7 1  12
T 1  3 14 7  47
T 1  3 14 30  13
T 2  5 462 210  14
T 2  -5 77 21  48
T 2  -12 77 1  16
T 2  -3 77 7  49
T 2  -1 42 30  17
ROW 1 3 9
T 0  3 4 5  18
T 1  9 14 3  19
T 1  -3 14 21  20
T 1  -3 7 5  21
T 2  5 231 14  22
T 2  -5 231 105  23
T 2  -9 77 3  24
T 2  3 77 21  25
T 2  1 21 5  26
ROW 2 2 10
T 0  -15 4 1  1
T 1  -3 2 1  2
T 1  3 14 35  20
T 1  3 2 1  4
T 2  -10 77 1  5
T 2  -10 77 7  23
T 2  3 11 1  7
T 2  -3 77 35  25
T 2  -1 7 1  9
T 3  15 8 1  10
ROW 2 3 7
T 0  -15 8 2  11
T 1  -3 14 15  12
T 1  15 14 2  13
T 2  -5 462 14  14
T 2  -5 231 231  15
T 2  3 77 15  16
T 2  -5 42 2  17
ROW 3 3 11
T 0  15 4 1  0
T 0  -15 4 1  1
T 1  9 14 1  2
T 1  -15 7 1  3
T 1  3 2 1  4
T 2  5 231 1  5
T 2  -5 231 462  6
T 2  -9 77 1  7
T 2  5 21 1  8
T 2  -1 7 1  9
T 3  15 8 1  10
