FORMAT 1
KERNEL S
SOURCE (s|S|s)
SHELLS 6 5

# E <id> <alpha> <beta> <mu> <p>
E 0 0 1 1 -6
E 1 0 1 2 -6
E 2 0 1 3 -6
E 3 0 1 4 -6
E 4 0 1 5 -6
E 5 0 1 0 -6

# G <id> <2k> <L> <M>
G 0 0 3 1
G 1 2 1 1
G 2 0 5 1
G 3 2 3 1
G 4 4 1 1
G 5 0 7 1
G 6 2 5 1
G 7 4 3 1
G 8 6 1 1
G 9 0 9 1
G 10 2 7 1
G 11 4 5 1
G 12 6 3 1
G 13 8 1 1
G 14 0 11 1
G 15 0 11 11
G 16 2 9 1
G 17 4 7 1
G 18 6 5 1
G 19 8 3 1
G 20 10 1 1
G 21 0 1 1
G 22 0 3 2
G 23 0 5 2
G 24 2 3 2
G 25 0 7 2
G 26 2 5 2
G 27 4 3 2
G 28 0 9 2
G 29 2 7 2
G 30 4 5 2
G 31 6 3 2
G 32 0 11 2
G 33 0 11 10
G 34 2 9 2
G 35 4 7 2
G 36 6 5 2
G 37 8 3 2
G 38 0 3 3
G 39 0 5 3
G 40 2 3 3
G 41 0 7 3
G 42 2 5 3
G 43 4 3 3
G 44 0 9 3
G 45 0 9 9
G 46 2 7 3
G 47 4 5 3
G 48 6 3 3
G 49 0 11 3
G 50 0 11 9
G 51 2 9 3
G 52 2 9 9
G 53 4 7 3
G 54 6 5 3
G 55 8 3 3
G 56 0 5 4
G 57 0 7 4
G 58 2 5 4
G 59 0 9 4
G 60 0 9 8
G 61 2 7 4
G 62 4 5 4
G 63 0 11 4
G 64 0 11 8
G 65 2 9 4
G 66 2 9 8
G 67 4 7 4
G 68 6 5 4
G 69 0 5 5
G 70 0 7 5
G 71 0 7 7
G 72 2 5 5
G 73 0 9 5
G 74 0 9 7
G 75 2 7 5
G 76 2 7 7
G 77 4 5 5
G 78 0 11 5
G 79 0 11 7
G 80 2 9 5
G 81 2 9 7
G 82 4 7 5
G 83 4 7 7
G 84 6 5 5
G 85 0 7 -6
G 86 0 9 -6
G 87 2 7 -6
G 88 0 11 -6
G 89 2 9 -6
G 90 4 7 -6
G 91 0 5 -5
G 92 0 7 -7
G 93 0 7 -5
G 94 2 5 -5
G 95 0 9 -7
G 96 0 9 -5
G 97 2 7 -7
G 98 2 7 -5
G 99 4 5 -5
G 100 0 11 -7
G 101 0 11 -5
G 102 2 9 -7
G 103 2 9 -5
G 104 4 7 -7
G 105 4 7 -5
G 106 6 5 -5
G 107 0 5 -4
G 108 0 7 -4
G 109 2 5 -4
G 110 0 9 -8
G 111 0 9 -4
G 112 2 7 -4
G 113 4 5 -4
G 114 0 11 -8
G 115 0 11 -4
G 116 2 9 -8
G 117 2 9 -4
G 118 4 7 -4
G 119 6 5 -4
G 120 0 3 -3
G 121 0 5 -3
G 122 2 3 -3
G 123 0 7 -3
G 124 2 5 -3
G 125 4 3 -3
G 126 0 9 -9
G 127 0 9 -3
G 128 2 7 -3
G 129 4 5 -3
G 130 6 3 -3
G 131 0 11 -9
G 132 0 11 -3
G 133 2 9 -9
G 134 2 9 -3
G 135 4 7 -3
G 136 6 5 -3
G 137 8 3 -3
G 138 0 3 -2
G 139 0 5 -2
G 140 2 3 -2
G 141 0 7 -2
G 142 2 5 -2
G 143 4 3 -2
G 144 0 9 -2
G 145 2 7 -2
G 146 4 5 -2
G 147 6 3 -2
G 148 0 11 -10
G 149 0 11 -2
G 150 2 9 -2
G 151 4 7 -2
G 152 6 5 -2
G 153 8 3 -2
G 154 0 3 -1
G 155 2 1 -1
G 156 0 5 -1
G 157 2 3 -1
G 158 4 1 -1
G 159 0 7 -1
G 160 2 5 -1
G 161 4 3 -1
G 162 6 1 -1
G 163 0 9 -1
G 164 2 7 -1
G 165 4 5 -1
G 166 6 3 -1
G 167 8 1 -1
G 168 0 11 -11
G 169 0 11 -1
G 170 2 9 -1
G 171 4 7 -1
G 172 6 5 -1
G 173 8 3 -1
G 174 10 1 -1
G 175 0 1 -1
G 176 0 3 0
G 177 2 1 0
G 178 0 5 0
G 179 2 3 0
G 180 4 1 0
G 181 0 7 0
G 182 2 5 0
G 183 4 3 0
G 184 6 1 0
G 185 0 9 0
G 186 2 7 0
G 187 4 5 0
G 188 6 3 0
G 189 8 1 0
G 190 0 11 0
G 191 2 9 0
G 192 4 7 0
G 193 6 5 0
G 194 8 3 0
G 195 10 1 0
G 196 0 1 0
G 197 0 7 6
G 198 0 9 6
G 199 2 7 6
G 200 0 11 6
G 201 2 9 6
G 202 4 7 6

# TABLE <l> <l'> <rows> [SYMMETRIC]
# ROW <m> <m'> <terms>
# T <prefactor> <num> <den> <radicand> <geometry>

TABLE 6 5 143
ROW -6 -5 22
T 0  -945 32 22  0
T 0  945 16 33  1
T 1  -15 4 55  2
T 1  105 4 22  3
T 1  -135 4 33  4
T 2  -75 572 231  5
T 2  45 26 55  6
T 2  -315 44 22  7
T 2  15 2 33  8
T 3  -21 4862 165  9
T 3  75 2431 231  10
T 3  -3 13 55  11
T 3  105 143 22  12
T 3  -15 22 33  13
T 4  -3 8398 2  14
T 4  -3 4199 323323  15
T 4  1 2431 165  16
T 4  -75 46189 231  17
T 4  2 221 55  18
T 4  -7 286 22  19
T 4  3 143 33  20
T 5  -945 32 33  21
ROW -6 -4 16
T 0  945 32 22  22
T 1  15 4 154  23
T 1  -105 4 22  24
T 2  135 572 385  25
T 2  -45 26 154  26
T 2  315 44 22  27
T 3  21 221 3  28
T 3  -135 2431 385  29
T 3  3 13 154  30
T 3  -105 143 22  31
T 4  3 8398 26  32
T 4  -3 4199 146965  33
T 4  -2 221 3  34
T 4  135 46189 385  35
T 4  -2 221 154  36
T 4  7 286 22  37
ROW -6 -3 18
T 0  -315 32 66  38
T 1  -5 2 462  39
T 1  35 4 66  40
T 2  -225 572 385  41
T 2  15 13 462  42
T 2  -105 44 66  43
T 3  -21 221 14  44
T 3  -21 442 1326  45
T 3  225 2431 385  46
T 3  -2 13 462  47
T 3  35 143 66  48
T 4  -3 8398 182  49
T 4  -3 4199 62985  50
T 4  2 221 14  51
T 4  1 221 1326  52
T 4  -225 46189 385  53
T 4  4 663 462  54
T 4  -7 858 66  55
ROW -6 -2 13
T 1  15 4 154  56
T 2  75 104 210  57
T 2  -45 26 154  58
T 3  21 442 182  59
T 3  -21 221 442  60
T 3  -75 442 210  61
T 3  3 13 154  62
T 4  3 8398 910  63
T 4  -3 4199 25194  64
T 4  -1 221 182  65
T 4  2 221 442  66
T 4  75 8398 210  67
T 4  -2 221 154  68
ROW -6 -1 16
T 1  -15 4 55  69
T 2  -225 104 30  70
T 2  -15 104 2730  71
T 2  45 26 55  72
T 3  -21 442 455  73
T 3  -42 221 91  74
T 3  225 442 30  75
T 3  15 442 2730  76
T 3  -3 13 55  77
T 4  -3 4199 910  78
T 4  -3 4199 9282  79
T 4  1 221 455  80
T 4  4 221 91  81
T 4  -225 8398 30  82
T 4  -15 8398 2730  83
T 4  2 221 55  84
ROW -6 0 6
T 2  225 52 13  85
T 3  21 221 455  86
T 3  -225 221 13  87
T 4  6 4199 1547  88
T 4  -2 221 455  89
T 4  225 4199 13  90
ROW -6 1 16
T 1  -15 4 55  91
T 2  15 104 2730  92
T 2  -225 104 30  93
T 2  45 26 55  94
T 3  42 221 91  95
T 3  -21 442 455  96
T 3  -15 442 2730  97
T 3  225 442 30  98
T 3  -3 13 55  99
T 4  3 4199 9282  100
T 4  -3 4199 910  101
T 4  -4 221 91  102
T 4  1 221 455  103
T 4  15 8398 2730  104
T 4  -225 8398 30  105
T 4  2 221 55  106
ROW -6 2 13
T 1  15 4 154  107
T 2  75 104 210  108
T 2  -45 26 154  109
T 3  21 221 442  110
T 3  21 442 182  111
T 3  -75 442 210  112
T 3  3 13 154  113
T 4  3 4199 25194  114
T 4  3 8398 910  115
T 4  -2 221 442  116
T 4  -1 221 182  117
T 4  75 8398 210  118
T 4  -2 221 154  119
ROW -6 3 18
T 0  -315 32 66  120
T 1  -5 2 462  121
T 1  35 4 66  122
T 2  -225 572 385  123
T 2  15 13 462  124
T 2  -105 44 66  125
T 3  21 442 1326  126
T 3  -21 221 14  127
T 3  225 2431 385  128
T 3  -2 13 462  129
T 3  35 143 66  130
T 4  3 4199 62985  131
T 4  -3 8398 182  132
T 4  -1 221 1326  133
T 4  2 221 14  134
T 4  -225 46189 385  135
T 4  4 663 462  136
T 4  -7 858 66  137
ROW -6 4 16
T 0  945 32 22  138
T 1  15 4 154  139
T 1  -105 4 22  140
T 2  135 572 385  141
T 2  -45 26 154  142
T 2  315 44 22  143
T 3  21 221 3  144
T 3  -135 2431 385  145
T 3  3 13 154  146
T 3  -105 143 22  147
T 4  3 4199 146965  148
T 4  3 8398 26  149
T 4  -2 221 3  150
T 4  135 46189 385  151
T 4  -2 221 154  152
T 4  7 286 22  153
ROW -6 5 22
T 0  -945 32 22  154
T 0  945 16 33  155
T 1  -15 4 55  156
T 1  105 4 22  157
T 1  -135 4 33  158
T 2  -75 572 231  159
T 2  45 26 55  160
T 2  -315 44 22  161
T 2  15 2 33  162
T 3  -21 4862 165  163
T 3  75 2431 231  164
T 3  -3 13 55  165
T 3  105 143 22  166
T 3  -15 22 33  167
T 4  3 4199 323323  168
T 4  -3 8398 2  169
T 4  1 2431 165  170
T 4  -75 46189 231  171
T 4  2 221 55  172
T 4  -7 286 22  173
T 4  3 143 33  174
T 5  -945 32 33  175
ROW -5 -5 22
T 0  -945 16 11  176
T 0  945 16 11  177
T 1  -75 4 11  178
T 1  105 2 11  179
T 1  -135 4 11  180
T 2  -525 286 11  181
T 2  225 26 11  182
T 2  -315 22 11  183
T 2  15 2 11  184
T 3  -315 4862 11  185
T 3  1050 2431 11  186
T 3  -15 13 11  187
T 3  210 143 11  188
T 3  -15 22 11  189
T 4  -3 4199 11  190
T 4  -3 4199 176358  33
T 4  15 2431 11  191
T 4  -1050 46189 11  192
T 4  10 221 11  193
T 4  -7 143 11  194
T 4  3 143 11  195
T 5  -945 32 11  196
ROW -5 -4 19
T 0  945 32 110  1
T 1  45 8 66  2
T 1  -135 8 110  4
T 2  15 52 770  5
T 2  -135 52 66  6
T 2  15 4 110  8
T 3  63 748 22  9
T 3  63 442 221  45
T 3  -15 221 770  10
T 3  9 26 66  11
T 3  -15 44 110  13
T 4  6 4199 15  14
T 4  -6 4199 41990  50
T 4  -3 374 22  16
T 4  -3 221 221  52
T 4  15 4199 770  17
T 4  -3 221 66  18
T 4  3 286 110  20
T 5  -945 64 110  21
ROW -5 -3 18
T 0  315 16 33  22
T 1  -5 4 231  23
T 1  -35 2 33  24
T 2  -30 143 2310  25
T 2  15 26 231  26
T 2  105 22 33  27
T 3  -231 442 2  28
T 3  21 442 221  60
T 3  120 2431 2310  29
T 3  -1 13 231  30
T 3  -70 143 33  31
T 4  -9 4199 39  32
T 4  -9 4199 12597  64
T 4  11 221 2  34
T 4  -1 221 221  66
T 4  -120 46189 2310  35
T 4  2 663 231  36
T 4  7 429 33  37
ROW -5 -2 21
T 0  -315 16 33  38
T 1  -5 4 231  39
T 1  35 2 33  40
T 2  375 1144 770  41
T 2  105 104 130  71
T 2  15 26 231  42
T 2  -105 22 33  43
T 3  189 442 7  44
T 3  -21 221 39  74
T 3  -375 4862 770  46
T 3  -105 442 130  76
T 3  -1 13 231  47
T 3  70 143 33  48
T 4  12 4199 91  49
T 4  -36 4199 442  79
T 4  -9 221 7  51
T 4  2 221 39  81
T 4  375 92378 770  53
T 4  105 8398 130  83
T 4  2 663 231  54
T 4  -7 429 33  55
ROW -5 -1 16
T 1  45 8 66  56
T 2  -75 52 10  57
T 2  15 13 65  197
T 2  -135 52 66  58
T 3  -147 884 78  59
T 3  -63 442 91  198
T 3  75 221 10  61
T 3  -60 221 65  199
T 3  9 26 66  62
T 4  -21 8398 390  63
T 4  -6 4199 7735  200
T 4  7 442 78  65
T 4  3 221 91  201
T 4  -75 4199 10  67
T 4  60 4199 65  202
T 4  -3 221 66  68
ROW -5 0 10
T 1  -75 4 11  91
T 2  -75 52 6  93
T 2  225 26 11  94
T 3  105 442 91  96
T 3  75 221 6  98
T 3  -15 13 11  99
T 4  36 4199 182  101
T 4  -5 221 91  103
T 4  -75 4199 6  105
T 4  10 221 11  106
ROW -5 1 16
T 1  45 8 66  107
T 2  -15 13 65  85
T 2  -75 52 10  108
T 2  -135 52 66  109
T 3  63 442 91  86
T 3  -147 884 78  111
T 3  60 221 65  87
T 3  75 221 10  112
T 3  9 26 66  113
T 4  6 4199 7735  88
T 4  -21 8398 390  115
T 4  -3 221 91  89
T 4  7 442 78  117
T 4  -60 4199 65  90
T 4  -75 4199 10  118
T 4  -3 221 66  119
ROW -5 2 21
T 0  -315 16 33  120
T 1  -5 4 231  121
T 1  35 2 33  122
T 2  -105 104 130  92
T 2  375 1144 770  123
T 2  15 26 231  124
T 2  -105 22 33  125
T 3  21 221 39  95
T 3  189 442 7  127
T 3  105 442 130  97
T 3  -375 4862 770  128
T 3  -1 13 231  129
T 3  70 143 33  130
T 4  36 4199 442  100
T 4  12 4199 91  132
T 4  -2 221 39  102
T 4  -9 221 7  134
T 4  -105 8398 130  104
T 4  375 92378 770  135
T 4  2 663 231  136
T 4  -7 429 33  137
ROW -5 3 18
T 0  315 16 33  138
T 1  -5 4 231  139
T 1  -35 2 33  140
T 2  -30 143 2310  141
T 2  15 26 231  142
T 2  105 22 33  143
T 3  -21 442 221  110
T 3  -231 442 2  144
T 3  120 2431 2310  145
T 3  -1 13 231  146
T 3  -70 143 33  147
T 4  9 4199 12597  114
T 4  -9 4199 39  149
T 4  1 221 221  116
T 4  11 221 2  150
T 4  -120 46189 2310  151
T 4  2 663 231  152
T 4  7 429 33  153
ROW -5 4 19
T 0  945 32 110  155
T 1  45 8 66  156
T 1  -135 8 110  158
T 2  15 52 770  159
T 2  -135 52 66  160
T 2  15 4 110  162
T 3  -63 442 221  126
T 3  63 748 22  163
T 3  -15 221 770  164
T 3  9 26 66  165
T 3  -15 44 110  167
T 4  6 4199 41990  131
T 4  6 4199 15  169
T 4  3 221 221  133
T 4  -3 374 22  170
T 4  15 4199 770  171
T 4  -3 221 66  172
T 4  3 286 110  174
T 5  -945 64 110  175
ROW -5 5 1
T 4  3 4199 176358  148
ROW -4 -5 24
T 0  945 16 3  0
T 0  -945 32 2  1
T 1  75 8 30  2
T 1  -105 2 3  3
T 1  135 8 2  4
T 2  525 286 14  5
T 2  -225 52 30  6
T 2  315 22 3  7
T 2  -15 4 2  8
T 3  945 9724 10  9
T 3  -63 4862 12155  45
T 3  -1050 2431 14  10
T 3  15 26 30  11
T 3  -210 143 3  12
T 3  15 44 2  13
T 4  3 4199 33  14
T 4  -3 4199 92378  50
T 4  -45 4862 10  16
T 4  3 2431 12155  52
T 4  1050 46189 14  17
T 4  -5 221 30  18
T 4  7 143 3  19
T 4  -3 286 2  20
T 5  945 64 2  21
ROW -4 -4 24
T 0  -945 16 5  176
T 0  945 8 5  177
T 1  15 1 5  178
T 1  105 2 5  179
T 1  -135 2 5  180
T 2  1785 286 5  181
T 2  -90 13 5  182
T 2  -315 22 5  183
T 2  15 1 5  184
T 3  63 143 5  185
T 3  63 2431 2431  60
T 3  -210 143 5  186
T 3  12 13 5  187
T 3  210 143 5  188
T 3  -15 11 5  189
T 4  33 4199 5  190
T 4  -3 4199 138567  64
T 4  -6 143 5  191
T 4  -6 2431 2431  66
T 4  210 2717 5  192
T 4  -8 221 5  193
T 4  -7 143 5  194
T 4  6 143 5  195
T 5  -945 16 5  196
ROW -4 -3 27
T 0  315 16 15  0
T 0  2835 32 10  1
T 1  65 8 6  2
T 1  -35 2 15  3
T 1  -405 8 10  4
T 2  -45 44 70  5
T 2  -105 572 4290  71
T 2  -15 4 6  6
T 2  105 22 15  7
T 2  45 4 10  8
T 3  -7707 9724 2  9
T 3  609 4862 143  74
T 3  45 187 70  10
T 3  105 2431 4290  76
T 3  1 2 6  11
T 3  -70 143 15  12
T 3  -45 44 10  13
T 4  -9 4199 165  14
T 4  -9 4199 14586  79
T 4  367 4862 2  16
T 4  -29 2431 143  81
T 4  -45 3553 70  17
T 4  -105 46189 4290  83
T 4  -1 51 6  18
T 4  7 429 15  19
T 4  9 286 10  20
T 5  -2835 64 10  21
ROW -4 -2 21
T 0  945 16 1  22
T 1  -15 1 7  23
T 1  -105 2 1  24
T 2  435 1144 70  25
T 2  -15 1144 10010  197
T 2  90 13 7  26
T 2  315 22 1  27
T 3  861 4862 66  28
T 3  189 4862 286  198
T 3  -435 4862 70  29
T 3  15 4862 10010  199
T 3  -12 13 7  30
T 3  -210 143 1  31
T 4  18 4199 143  32
T 4  -6 4199 24310  200
T 4  -41 2431 66  34
T 4  -9 2431 286  201
T 4  435 92378 70  35
T 4  -15 92378 10010  202
T 4  8 221 7  36
T 4  7 143 1  37
ROW -4 -1 25
T 0  -315 16 42  38
T 1  65 8 6  39
T 1  -75 8 30  69
T 1  35 2 42  40
T 2  75 44 5  41
T 2  555 572 55  70
T 2  -15 4 6  42
T 2  225 52 30  72
T 2  -105 22 42  43
T 3  -3087 9724 22  44
T 3  -21 9724 30030  73
T 3  -75 187 5  46
T 3  -555 2431 55  75
T 3  1 2 6  47
T 3  -15 26 30  77
T 3  70 143 42  48
T 4  -21 4199 286  49
T 4  -6 4199 15015  78
T 4  147 4862 22  51
T 4  1 4862 30030  80
T 4  75 3553 5  53
T 4  555 46189 55  82
T 4  -1 51 6  54
T 4  5 221 30  84
T 4  -7 429 42  55
ROW -4 0 10
T 1  15 1 5  107
T 2  -300 143 33  108
T 2  -90 13 5  109
T 3  147 2431 715  111
T 3  1200 2431 33  112
T 3  12 13 5  113
T 4  63 4199 143  115
T 4  -14 2431 715  117
T 4  -1200 46189 33  118
T 4  -8 221 5  119
ROW -4 1 25
T 0  -315 16 42  120
T 1  75 8 30  91
T 1  65 8 6  121
T 1  35 2 42  122
T 2  -555 572 55  93
T 2  75 44 5  123
T 2  -225 52 30  94
T 2  -15 4 6  124
T 2  -105 22 42  125
T 3  21 9724 30030  96
T 3  -3087 9724 22  127
T 3  555 2431 55  98
T 3  -75 187 5  128
T 3  15 26 30  99
T 3  1 2 6  129
T 3  70 143 42  130
T 4  6 4199 15015  101
T 4  -21 4199 286  132
T 4  -1 4862 30030  103
T 4  147 4862 22  134
T 4  -555 46189 55  105
T 4  75 3553 5  135
T 4  -5 221 30  106
T 4  -1 51 6  136
T 4  -7 429 42  137
ROW -4 2 21
T 0  945 16 1  138
T 1  -15 1 7  139
T 1  -105 2 1  140
T 2  15 1144 10010  85
T 2  435 1144 70  141
T 2  90 13 7  142
T 2  315 22 1  143
T 3  -189 4862 286  86
T 3  861 4862 66  144
T 3  -15 4862 10010  87
T 3  -435 4862 70  145
T 3  -12 13 7  146
T 3  -210 143 1  147
T 4  6 4199 24310  88
T 4  18 4199 143  149
T 4  9 2431 286  89
T 4  -41 2431 66  150
T 4  15 92378 10010  90
T 4  435 92378 70  151
T 4  8 221 7  152
T 4  7 143 1  153
ROW -4 3 27
T 0  315 16 15  154
T 0  2835 32 10  155
T 1  65 8 6  156
T 1  -35 2 15  157
T 1  -405 8 10  158
T 2  105 572 4290  92
T 2  -45 44 70  159
T 2  -15 4 6  160
T 2  105 22 15  161
T 2  45 4 10  162
T 3  -609 4862 143  95
T 3  -7707 9724 2  163
T 3  -105 2431 4290  97
T 3  45 187 70  164
T 3  1 2 6  165
T 3  -70 143 15  166
T 3  -45 44 10  167
T 4  9 4199 14586  100
T 4  -9 4199 165  169
T 4  29 2431 143  102
T 4  367 4862 2  170
T 4  105 46189 4290  104
T 4  -45 3553 70  171
T 4  -1 51 6  172
T 4  7 429 15  173
T 4  9 286 10  174
T 5  -2835 64 10  175
ROW -4 4 3
T 3  -63 2431 2431  110
T 4  3 4199 138567  114
T 4  6 2431 2431  116
ROW -4 5 24
T 0  -945 16 3  154
T 0  945 32 2  155
T 1  -75 8 30  156
T 1  105 2 3  157
T 1  -135 8 2  158
T 2  -525 286 14  159
T 2  225 52 30  160
T 2  -315 22 3  161
T 2  15 4 2  162
T 3  63 4862 12155  126
T 3  -945 9724 10  163
T 3  1050 2431 14  164
T 3  -15 26 30  165
T 3  210 143 3  166
T 3  -15 44 2  167
T 4  3 4199 92378  131
T 4  -3 4199 33  169
T 4  -3 2431 12155  133
T 4  45 4862 10  170
T 4  -1050 46189 14  171
T 4  5 221 30  172
T 4  -7 143 3  173
T 4  3 286 2  174
T 5  -945 64 2  175
ROW -3 -5 18
T 0  -945 16 1  22
T 1  -75 4 7  23
T 1  105 2 1  24
T 2  -315 286 70  25
T 2  225 26 7  26
T 2  -315 22 1  27
T 3  -315 4862 66  28
T 3  -105 4862 7293  60
T 3  630 2431 70  29
T 3  -15 13 7  30
T 3  210 143 1  31
T 4  -3 4199 143  32
T 4  -3 4199 46189  64
T 4  15 2431 66  34
T 4  5 2431 7293  66
T 4  -630 46189 70  35
T 4  10 221 7  36
T 4  -7 143 1  37
ROW -3 -4 27
T 0  945 8 1  0
T 0  -945 32 6  1
T 1  15 8 10  2
T 1  -105 1 1  3
T 1  135 8 6  4
T 2  -210 143 42  5
T 2  315 572 286  71
T 2  -45 52 10  6
T 2  315 11 1  7
T 2  -15 4 6  8
T 3  -1827 9724 30  9
T 3  21 4862 2145  74
T 3  840 2431 42  10
T 3  -315 2431 286  76
T 3  3 26 10  11
T 3  -420 143 1  12
T 3  15 44 6  13
T 4  -30 4199 11  14
T 4  -6 4199 24310  79
T 4  87 4862 30  16
T 4  -1 2431 2145  81
T 4  -840 46189 42  17
T 4  315 46189 286  83
T 4  -1 221 10  18
T 4  14 143 1  19
T 4  -3 286 6  20
T 5  945 64 6  21
ROW -3 -3 27
T 0  -315 16 3  176
T 0  2835 16 3  177
T 1  125 4 3  178
T 1  35 2 3  179
T 1  -405 4 3  180
T 2  -945 286 3  181
T 2  -45 286 2002  197
T 2  -375 26 3  182
T 2  -105 22 3  183
T 2  45 2 3  184
T 3  -5565 4862 3  185
T 3  84 2431 1430  198
T 3  1890 2431 3  186
T 3  90 2431 2002  199
T 3  25 13 3  187
T 3  70 143 3  188
T 3  -45 22 3  189
T 4  -165 4199 3  190
T 4  -15 4199 4862  200
T 4  265 2431 3  191
T 4  -8 2431 1430  201
T 4  -1890 46189 3  192
T 4  -90 46189 2002  202
T 4  -50 663 3  193
T 4  -7 429 3  194
T 4  9 143 3  195
T 5  -2835 32 3  196
ROW -3 -2 31
T 0  945 16 3  0
T 0  2835 16 2  1
T 1  -15 4 30  2
T 1  75 4 7  69
T 1  -105 2 3  3
T 1  -405 4 2  4
T 2  -1035 1144 14  5
T 2  -435 1144 462  70
T 2  45 26 30  6
T 2  -225 26 7  72
T 2  315 22 3  7
T 2  45 2 2  8
T 3  2247 4862 10  9
T 3  525 4862 143  73
T 3  1035 4862 14  10
T 3  435 4862 462  75
T 3  -3 13 30  11
T 3  15 13 7  77
T 3  -210 143 3  12
T 3  -45 22 2  13
T 4  60 4199 33  14
T 4  -60 4199 286  78
T 4  -107 2431 10  16
T 4  -25 2431 143  80
T 4  -1035 92378 14  17
T 4  -435 92378 462  82
T 4  2 221 30  18
T 4  -10 221 7  84
T 4  7 143 3  19
T 4  9 143 2  20
T 5  -2835 32 2  21
ROW -3 -1 20
T 1  -15 4 30  23
T 1  -15 8 10  56
T 2  60 13 3  25
T 2  -45 572 66  57
T 2  45 26 30  26
T 2  45 52 10  58
T 3  -21 374 385  28
T 3  147 9724 1430  59
T 3  -240 221 3  29
T 3  45 2431 66  61
T 3  -3 13 30  30
T 3  -3 26 10  62
T 4  -3 4199 30030  32
T 4  -105 8398 286  63
T 4  1 187 385  34
T 4  -7 4862 1430  65
T 4  240 4199 3  35
T 4  -45 46189 66  67
T 4  2 221 30  36
T 4  1 221 10  68
ROW -3 0 15
T 0  -315 8 21  120
T 1  125 4 3  121
T 1  35 1 21  122
T 2  -1665 572 10  123
T 2  -375 26 3  124
T 2  -105 11 21  125
T 3  735 4862 11  127
T 3  1665 2431 10  128
T 3  25 13 3  129
T 3  140 143 21  130
T 4  84 4199 143  132
T 4  -35 2431 11  134
T 4  -1665 46189 10  135
T 4  -50 663 3  136
T 4  -14 429 21  137
ROW -3 1 20
T 1  15 8 10  107
T 1  -15 4 30  139
T 2  45 572 66  108
T 2  60 13 3  141
T 2  -45 52 10  109
T 2  45 26 30  142
T 3  -147 9724 1430  111
T 3  -21 374 385  144
T 3  -45 2431 66  112
T 3  -240 221 3  145
T 3  3 26 10  113
T 3  -3 13 30  146
T 4  105 8398 286  115
T 4  -3 4199 30030  149
T 4  7 4862 1430  117
T 4  1 187 385  150
T 4  45 46189 66  118
T 4  240 4199 3  151
T 4  -1 221 10  119
T 4  2 221 30  152
ROW -3 2 31
T 0  945 16 3  154
T 0  2835 16 2  155
T 1  -75 4 7  91
T 1  -15 4 30  156
T 1  -105 2 3  157
T 1  -405 4 2  158
T 2  435 1144 462  93
T 2  -1035 1144 14  159
T 2  225 26 7  94
T 2  45 26 30  160
T 2  315 22 3  161
T 2  45 2 2  162
T 3  -525 4862 143  96
T 3  2247 4862 10  163
T 3  -435 4862 462  98
T 3  1035 4862 14  164
T 3  -15 13 7  99
T 3  -3 13 30  165
T 3  -210 143 3  166
T 3  -45 22 2  167
T 4  60 4199 286  101
T 4  60 4199 33  169
T 4  25 2431 143  103
T 4  -107 2431 10  170
T 4  435 92378 462  105
T 4  -1035 92378 14  171
T 4  10 221 7  106
T 4  2 221 30  172
T 4  7 143 3  173
T 4  9 143 2  174
T 5  -2835 32 2  175
ROW -3 3 6
T 2  45 286 2002  85
T 3  -84 2431 1430  86
T 3  -90 2431 2002  87
T 4  15 4199 4862  88
T 4  8 2431 1430  89
T 4  90 46189 2002  90
ROW -3 4 27
T 0  -945 8 1  154
T 0  945 32 6  155
T 1  -15 8 10  156
T 1  105 1 1  157
T 1  -135 8 6  158
T 2  -315 572 286  92
T 2  210 143 42  159
T 2  45 52 10  160
T 2  -315 11 1  161
T 2  15 4 6  162
T 3  -21 4862 2145  95
T 3  1827 9724 30  163
T 3  315 2431 286  97
T 3  -840 2431 42  164
T 3  -3 26 10  165
T 3  420 143 1  166
T 3  -15 44 6  167
T 4  6 4199 24310  100
T 4  30 4199 11  169
T 4  1 2431 2145  102
T 4  -87 4862 30  170
T 4  -315 46189 286  104
T 4  840 46189 42  171
T 4  1 221 10  172
T 4  -14 143 1  173
T 4  3 286 6  174
T 5  -945 64 6  175
ROW -3 5 18
T 0  945 16 1  138
T 1  75 4 7  139
T 1  -105 2 1  140
T 2  315 286 70  141
T 2  -225 26 7  142
T 2  315 22 1  143
T 3  105 4862 7293  110
T 3  315 4862 66  144
T 3  -630 2431 70  145
T 3  15 13 7  146
T 3  -210 143 1  147
T 4  3 4199 46189  114
T 4  3 4199 143  149
T 4  -5 2431 7293  116
T 4  -15 2431 66  150
T 4  630 46189 70  151
T 4  -10 221 7  152
T 4  7 143 1  153
ROW -2 -5 21
T 0  315 32 6  38
T 1  25 4 42  39
T 1  -35 4 6  40
T 2  525 286 35  41
T 2  -105 572 715  71
T 2  -75 26 42  42
T 2  105 44 6  43
T 3  315 4862 154  44
T 3  -315 4862 858  74
T 3  -1050 2431 35  46
T 3  105 2431 715  76
T 3  5 13 42  47
T 3  -35 143 6  48
T 4  3 8398 2002  49
T 4  -9 4199 2431  79
T 4  -15 2431 154  51
T 4  15 2431 858  81
T 4  1050 46189 35  53
T 4  -105 46189 715  83
T 4  -10 663 42  54
T 4  7 858 6  55
ROW -2 -4 21
T 0  -945 32 10  22
T 1  -15 4 70  23
T 1  105 4 10  24
T 2  735 286 7  25
T 2  15 44 1001  197
T 2  45 26 70  26
T 2  -315 44 10  27
T 3  252 2431 165  28
T 3  -63 2431 715  198
T 3  -1470 2431 7  29
T 3  -15 187 1001  199
T 3  -3 13 70  30
T 3  105 143 10  31
T 4  9 8398 1430  32
T 4  -15 4199 2431  200
T 4  -24 2431 165  34
T 4  6 2431 715  201
T 4  1470 46189 7  35
T 4  15 3553 1001  202
T 4  2 221 70  36
T 4  -7 286 10  37
ROW -2 -3 31
T 0  2205 32 2  0
T 0  -945 16 3  1
T 1  -55 4 5  2
T 1  -25 4 42  69
T 1  -245 4 2  3
T 1  135 4 3  4
T 2  -105 286 21  5
T 2  45 572 77  70
T 2  165 26 5  6
T 2  75 26 42  72
T 2  735 44 2  7
T 2  -15 2 3  8
T 3  1869 4862 15  9
T 3  105 4862 858  73
T 3  210 2431 21  10
T 3  -45 2431 77  75
T 3  -11 13 5  11
T 3  -5 13 42  77
T 3  -245 143 2  12
T 3  15 22 3  13
T 4  135 8398 22  14
T 4  -45 4199 429  78
T 4  -89 2431 15  16
T 4  -5 2431 858  80
T 4  -210 46189 21  17
T 4  45 46189 77  82
T 4  22 663 5  18
T 4  10 663 42  84
T 4  49 858 2  19
T 4  -3 143 3  20
T 5  945 32 3  21
ROW -2 -2 31
T 0  315 8 2  176
T 0  945 4 2  177
T 1  25 2 2  178
T 1  15 4 70  56
T 1  -35 1 2  179
T 1  -135 1 2  180
T 2  -4305 572 2  181
T 2  -405 1144 462  57
T 2  -75 13 2  182
T 2  -45 26 70  58
T 2  105 11 2  183
T 2  30 1 2  184
T 3  2835 2431 2  185
T 3  63 4862 10010  59
T 3  4305 2431 2  186
T 3  405 4862 462  61
T 3  10 13 2  187
T 3  3 13 70  62
T 3  -140 143 2  188
T 3  -30 11 2  189
T 4  495 4199 2  190
T 4  -45 8398 2002  63
T 4  -270 2431 2  191
T 4  -3 2431 10010  65
T 4  -4305 46189 2  192
T 4  -405 92378 462  67
T 4  -20 663 2  193
T 4  -2 221 70  68
T 4  14 429 2  194
T 4  12 143 2  195
T 5  -945 8 2  196
ROW -2 -1 36
T 0  315 16 21  0
T 0  -315 16 35  38
T 0  945 16 14  1
T 1  -5 2 210  2
T 1  55 4 5  39
T 1  -35 2 21  3
T 1  35 2 35  40
T 1  -135 4 14  4
T 2  5505 1144 2  5
T 2  -3105 1144 6  41
T 2  15 13 210  6
T 2  -165 26 5  42
T 2  105 22 21  7
T 2  -105 22 35  43
T 2  15 2 14  8
T 3  -126 2431 70  9
T 3  441 4862 165  44
T 3  -5505 4862 2  10
T 3  3105 4862 6  46
T 3  -2 13 210  11
T 3  11 13 5  47
T 3  -70 143 21  12
T 3  70 143 35  48
T 3  -15 22 14  13
T 4  -45 4199 231  14
T 4  -21 4199 2145  49
T 4  12 2431 70  16
T 4  -21 2431 165  51
T 4  5505 92378 2  17
T 4  -3105 92378 6  53
T 4  4 663 210  18
T 4  -22 663 5  54
T 4  7 429 21  19
T 4  -7 429 35  55
T 4  3 143 14  20
T 5  -945 32 14  21
ROW -2 0 15
T 0  -315 16 14  138
T 1  25 2 2  139
T 1  35 2 14  140
T 2  -135 572 5  141
T 2  -75 13 2  142
T 2  -105 22 14  143
T 3  -105 2431 231  144
T 3  135 2431 5  145
T 3  10 13 2  146
T 3  70 143 14  147
T 4  27 4199 2002  149
T 4  10 2431 231  150
T 4  -135 46189 5  151
T 4  -20 663 2  152
T 4  -7 429 14  153
ROW -2 1 36
T 0  315 16 35  120
T 0  315 16 21  154
T 0  945 16 14  155
T 1  -55 4 5  121
T 1  -5 2 210  156
T 1  -35 2 35  122
T 1  -35 2 21  157
T 1  -135 4 14  158
T 2  3105 1144 6  123
T 2  5505 1144 2  159
T 2  165 26 5  124
T 2  15 13 210  160
T 2  105 22 35  125
T 2  105 22 21  161
T 2  15 2 14  162
T 3  -441 4862 165  127
T 3  -126 2431 70  163
T 3  -3105 4862 6  128
T 3  -5505 4862 2  164
T 3  -11 13 5  129
T 3  -2 13 210  165
T 3  -70 143 35  130
T 3  -70 143 21  166
T 3  -15 22 14  167
T 4  21 4199 2145  132
T 4  -45 4199 231  169
T 4  21 2431 165  134
T 4  12 2431 70  170
T 4  3105 92378 6  135
T 4  5505 92378 2  171
T 4  22 663 5  136
T 4  4 663 210  172
T 4  7 429 35  137
T 4  7 429 21  173
T 4  3 143 14  174
T 5  -945 32 14  175
ROW -2 2 10
T 1  -15 4 70  107
T 2  405 1144 462  108
T 2  45 26 70  109
T 3  -63 4862 10010  111
T 3  -405 4862 462  112
T 3  -3 13 70  113
T 4  45 8398 2002  115
T 4  3 2431 10010  117
T 4  405 92378 462  118
T 4  2 221 70  119
ROW -2 3 31
T 0  -2205 32 2  154
T 0  945 16 3  155
T 1  25 4 42  91
T 1  55 4 5  156
T 1  245 4 2  157
T 1  -135 4 3  158
T 2  -45 572 77  93
T 2  105 286 21  159
T 2  -75 26 42  94
T 2  -165 26 5  160
T 2  -735 44 2  161
T 2  15 2 3  162
T 3  -105 4862 858  96
T 3  -1869 4862 15  163
T 3  45 2431 77  98
T 3  -210 2431 21  164
T 3  5 13 42  99
T 3  11 13 5  165
T 3  245 143 2  166
T 3  -15 22 3  167
T 4  45 4199 429  101
T 4  -135 8398 22  169
T 4  5 2431 858  103
T 4  89 2431 15  170
T 4  -45 46189 77  105
T 4  210 46189 21  171
T 4  -10 663 42  106
T 4  -22 663 5  172
T 4  -49 858 2  173
T 4  3 143 3  174
T 5  -945 32 3  175
ROW -2 4 21
T 0  945 32 10  138
T 1  15 4 70  139
T 1  -105 4 10  140
T 2  -15 44 1001  85
T 2  -735 286 7  141
T 2  -45 26 70  142
T 2  315 44 10  143
T 3  63 2431 715  86
T 3  -252 2431 165  144
T 3  15 187 1001  87
T 3  1470 2431 7  145
T 3  3 13 70  146
T 3  -105 143 10  147
T 4  15 4199 2431  88
T 4  -9 8398 1430  149
T 4  -6 2431 715  89
T 4  24 2431 165  150
T 4  -15 3553 1001  90
T 4  -1470 46189 7  151
T 4  -2 221 70  152
T 4  7 286 10  153
ROW -2 5 21
T 0  -315 32 6  120
T 1  -25 4 42  121
T 1  35 4 6  122
T 2  105 572 715  92
T 2  -525 286 35  123
T 2  75 26 42  124
T 2  -105 44 6  125
T 3  315 4862 858  95
T 3  -315 4862 154  127
T 3  -105 2431 715  97
T 3  1050 2431 35  128
T 3  -5 13 42  129
T 3  35 143 6  130
T 4  9 4199 2431  100
T 4  -3 8398 2002  132
T 4  -15 2431 858  102
T 4  15 2431 154  134
T 4  105 46189 715  104
T 4  -1050 46189 35  135
T 4  10 663 42  136
T 4  -7 858 6  137
ROW -1 -5 16
T 1  -15 8 210  56
T 2  -525 572 154  57
T 2  -75 286 1001  197
T 2  45 52 210  58
T 3  -63 9724 30030  59
T 3  -315 4862 715  198
T 3  525 2431 154  61
T 3  150 2431 1001  199
T 3  -3 26 210  62
T 4  -3 8398 6006  63
T 4  -6 4199 2431  200
T 4  3 4862 30030  65
T 4  15 2431 715  201
T 4  -525 46189 154  67
T 4  -150 46189 1001  202
T 4  1 221 210  68
ROW -1 -4 25
T 0  315 16 6  38
T 1  55 8 42  39
T 1  15 8 210  69
T 1  -35 2 6  40
T 2  -105 286 35  41
T 2  60 143 385  70
T 2  -165 52 42  42
T 2  -45 52 210  72
T 2  105 22 6  43
T 3  -1197 9724 154  44
T 3  -189 9724 4290  73
T 3  210 2431 35  46
T 3  -240 2431 385  75
T 3  11 26 42  47
T 3  3 26 210  77
T 3  -70 143 6  48
T 4  -6 4199 2002  49
T 4  -12 4199 2145  78
T 4  57 4862 154  51
T 4  9 4862 4290  80
T 4  -210 46189 35  53
T 4  240 46189 385  82
T 4  -11 663 42  54
T 4  -1 221 210  84
T 4  7 429 6  55
ROW -1 -3 25
T 0  -315 4 2  22
T 1  5 4 14  23
T 1  -55 8 42  56
T 1  70 1 2  24
T 2  315 286 35  25
T 2  135 572 770  57
T 2  -15 26 14  26
T 2  165 52 42  58
T 2  -210 11 2  27
T 3  -1113 4862 33  28
T 3  -21 9724 6006  59
T 3  -630 2431 35  29
T 3  -135 2431 770  61
T 3  1 13 14  30
T 3  -11 26 42  62
T 3  280 143 2  31
T 4  -27 4199 286  32
T 4  -9 8398 30030  63
T 4  53 2431 33  34
T 4  1 4862 6006  65
T 4  630 46189 35  35
T 4  135 46189 770  67
T 4  -2 663 14  36
T 4  11 663 42  68
T 4  -28 429 2  37
ROW -1 -2 36
T 0  315 32 30  0
T 0  2205 32 2  38
T 0  -945 16 5  1
T 1  -20 1 3  2
T 1  -5 4 14  39
T 1  -35 4 30  3
T 1  -245 4 2  40
T 1  135 4 5  4
T 2  735 572 35  5
T 2  -135 572 105  41
T 2  120 13 3  6
T 2  15 26 14  42
T 2  105 44 30  7
T 2  735 44 2  43
T 2  -15 2 5  8
T 3  -1449 2431 1  9
T 3  189 4862 462  44
T 3  -735 2431 35  10
T 3  135 2431 105  46
T 3  -16 13 3  11
T 3  -1 13 14  47
T 3  -35 143 30  12
T 3  -245 143 2  48
T 3  15 22 5  13
T 4  -36 4199 330  14
T 4  -12 4199 6006  49
T 4  138 2431 1  16
T 4  -9 2431 462  51
T 4  735 46189 35  17
T 4  -135 46189 105  53
T 4  32 663 3  18
T 4  2 663 14  54
T 4  7 858 30  19
T 4  49 858 2  55
T 4  -3 143 5  20
T 5  945 32 5  21
ROW -1 -1 36
T 0  315 16 35  176
T 0  -315 16 21  22
T 0  945 16 35  177
T 1  -5 1 35  178
T 1  20 1 3  23
T 1  -35 2 35  179
T 1  35 2 21  24
T 1  -135 4 35  180
T 2  60 143 35  181
T 2  -405 286 30  25
T 2  30 13 35  182
T 2  -120 13 3  26
T 2  105 22 35  183
T 2  -105 22 21  27
T 2  15 2 35  184
T 3  189 2431 35  185
T 3  252 2431 154  28
T 3  -240 2431 35  186
T 3  810 2431 30  29
T 3  -4 13 35  187
T 3  16 13 3  30
T 3  -70 143 35  188
T 3  70 143 21  31
T 3  -15 22 35  189
T 4  -198 4199 35  190
T 4  -18 4199 3003  32
T 4  -18 2431 35  191
T 4  -24 2431 154  34
T 4  240 46189 35  192
T 4  -810 46189 30  35
T 4  8 663 35  193
T 4  -32 663 3  36
T 4  7 429 35  194
T 4  -7 429 21  37
T 4  3 143 35  195
T 5  -945 32 35  196
ROW -1 0 21
T 0  315 16 14  154
T 0  945 16 21  155
T 1  -5 1 35  156
T 1  -35 2 14  157
T 1  -135 4 21  158
T 2  1275 286 3  159
T 2  30 13 35  160
T 2  105 22 14  161
T 2  15 2 21  162
T 3  -21 143 105  163
T 3  -150 143 3  164
T 3  -4 13 35  165
T 3  -70 143 14  166
T 3  -15 22 21  167
T 4  108 4199 154  169
T 4  2 143 105  170
T 4  150 2717 3  171
T 4  8 663 35  172
T 4  7 429 14  173
T 4  3 143 21  174
T 5  -945 32 21  175
ROW -1 1 15
T 0  315 16 21  138
T 1  -20 1 3  139
T 1  -35 2 21  140
T 2  405 286 30  141
T 2  120 13 3  142
T 2  105 22 21  143
T 3  -252 2431 154  144
T 3  -810 2431 30  145
T 3  -16 13 3  146
T 3  -70 143 21  147
T 4  18 4199 3003  149
T 4  24 2431 154  150
T 4  810 46189 30  151
T 4  32 663 3  152
T 4  7 429 21  153
ROW -1 2 36
T 0  -2205 32 2  120
T 0  -315 32 30  154
T 0  945 16 5  155
T 1  5 4 14  121
T 1  20 1 3  156
T 1  245 4 2  122
T 1  35 4 30  157
T 1  -135 4 5  158
T 2  135 572 105  123
T 2  -735 572 35  159
T 2  -15 26 14  124
T 2  -120 13 3  160
T 2  -735 44 2  125
T 2  -105 44 30  161
T 2  15 2 5  162
T 3  -189 4862 462  127
T 3  1449 2431 1  163
T 3  -135 2431 105  128
T 3  735 2431 35  164
T 3  1 13 14  129
T 3  16 13 3  165
T 3  245 143 2  130
T 3  35 143 30  166
T 3  -15 22 5  167
T 4  12 4199 6006  132
T 4  36 4199 330  169
T 4  9 2431 462  134
T 4  -138 2431 1  170
T 4  135 46189 105  135
T 4  -735 46189 35  171
T 4  -2 663 14  136
T 4  -32 663 3  172
T 4  -49 858 2  137
T 4  -7 858 30  173
T 4  3 143 5  174
T 5  -945 32 5  175
ROW -1 3 25
T 0  315 4 2  138
T 1  55 8 42  107
T 1  -5 4 14  139
T 1  -70 1 2  140
T 2  -135 572 770  108
T 2  -315 286 35  141
T 2  -165 52 42  109
T 2  15 26 14  142
T 2  210 11 2  143
T 3  21 9724 6006  111
T 3  1113 4862 33  144
T 3  135 2431 770  112
T 3  630 2431 35  145
T 3  11 26 42  113
T 3  -1 13 14  146
T 3  -280 143 2  147
T 4  9 8398 30030  115
T 4  27 4199 286  149
T 4  -1 4862 6006  117
T 4  -53 2431 33  150
T 4  -135 46189 770  118
T 4  -630 46189 35  151
T 4  -11 663 42  119
T 4  2 663 14  152
T 4  28 429 2  153
ROW -1 4 25
T 0  -315 16 6  120
T 1  -15 8 210  91
T 1  -55 8 42  121
T 1  35 2 6  122
T 2  -60 143 385  93
T 2  105 286 35  123
T 2  45 52 210  94
T 2  165 52 42  124
T 2  -105 22 6  125
T 3  189 9724 4290  96
T 3  1197 9724 154  127
T 3  240 2431 385  98
T 3  -210 2431 35  128
T 3  -3 26 210  99
T 3  -11 26 42  129
T 3  70 143 6  130
T 4  12 4199 2145  101
T 4  6 4199 2002  132
T 4  -9 4862 4290  103
T 4  -57 4862 154  134
T 4  -240 46189 385  105
T 4  210 46189 35  135
T 4  1 221 210  106
T 4  11 663 42  136
T 4  -7 429 6  137
ROW -1 5 16
T 1  15 8 210  107
T 2  75 286 1001  85
T 2  525 572 154  108
T 2  -45 52 210  109
T 3  315 4862 715  86
T 3  63 9724 30030  111
T 3  -150 2431 1001  87
T 3  -525 2431 154  112
T 3  3 26 210  113
T 4  6 4199 2431  88
T 4  3 8398 6006  115
T 4  -15 2431 715  89
T 4  -3 4862 30030  117
T 4  150 46189 1001  90
T 4  525 46189 154  118
T 4  -1 221 210  119
ROW 0 -5 10
T 1  75 4 1  91
T 2  525 286 66  93
T 2  -225 26 1  94
T 3  315 4862 1001  96
T 3  -1050 2431 66  98
T 3  15 13 1  99
T 4  6 4199 2002  101
T 4  -15 2431 1001  103
T 4  1050 46189 66  105
T 4  -10 221 1  106
ROW 0 -4 10
T 1  -60 1 1  107
T 2  -105 286 165  108
T 2  360 13 1  109
T 3  441 2431 143  111
T 3  210 2431 165  112
T 3  -48 13 1  113
T 4  21 4199 715  115
T 4  -42 2431 143  117
T 4  -210 46189 165  118
T 4  32 221 1  119
ROW 0 -3 15
T 0  315 8 7  120
T 1  145 4 1  121
T 1  -35 1 7  122
T 2  -315 143 30  123
T 2  -435 26 1  124
T 2  105 11 7  125
T 3  1029 4862 33  127
T 3  1260 2431 30  128
T 3  29 13 1  129
T 3  -140 143 7  130
T 4  42 4199 429  132
T 4  -49 2431 33  134
T 4  -1260 46189 30  135
T 4  -58 663 1  136
T 4  14 429 7  137
ROW 0 -2 15
T 0  -945 16 7  138
T 1  45 1 1  139
T 1  105 2 7  140
T 2  -945 572 10  141
T 2  -270 13 1  142
T 2  -315 22 7  143
T 3  -21 2431 462  144
T 3  945 2431 10  145
T 3  36 13 1  146
T 3  210 143 7  147
T 4  36 4199 1001  149
T 4  2 2431 462  150
T 4  -945 46189 10  151
T 4  -24 221 1  152
T 4  -7 143 7  153
ROW 0 -1 16
T 0  -945 16 15  155
T 1  -15 1 1  156
T 1  135 4 15  158
T 2  15 26 105  159
T 2  90 13 1  160
T 2  -15 2 15  162
T 3  -147 187 3  163
T 3  -30 221 105  164
T 3  -12 13 1  165
T 3  15 22 15  167
T 4  126 4199 110  169
T 4  14 187 3  170
T 4  30 4199 105  171
T 4  8 221 1  172
T 4  -3 143 15  174
T 5  945 32 15  175
ROW 0 0 21
T 0  2205 16 1  176
T 0  2835 8 1  177
T 1  -50 1 1  178
T 1  -245 2 1  179
T 1  -405 2 1  180
T 2  1575 143 1  181
T 2  300 13 1  182
T 2  735 22 1  183
T 2  45 1 1  184
T 3  -4410 2431 1  185
T 3  -6300 2431 1  186
T 3  -40 13 1  187
T 3  -490 143 1  188
T 3  -45 11 1  189
T 4  1386 4199 1  190
T 4  420 2431 1  191
T 4  6300 46189 1  192
T 4  80 663 1  193
T 4  49 429 1  194
T 4  18 143 1  195
T 5  -2835 16 1  196
ROW 0 1 16
T 0  -945 16 15  1
T 1  -15 1 1  2
T 1  135 4 15  4
T 2  15 26 105  5
T 2  90 13 1  6
T 2  -15 2 15  8
T 3  -147 187 3  9
T 3  -30 221 105  10
T 3  -12 13 1  11
T 3  15 22 15  13
T 4  126 4199 110  14
T 4  14 187 3  16
T 4  30 4199 105  17
T 4  8 221 1  18
T 4  -3 143 15  20
T 5  945 32 15  21
ROW 0 2 15
T 0  -945 16 7  22
T 1  45 1 1  23
T 1  105 2 7  24
T 2  -945 572 10  25
T 2  -270 13 1  26
T 2  -315 22 7  27
T 3  -21 2431 462  28
T 3  945 2431 10  29
T 3  36 13 1  30
T 3  210 143 7  31
T 4  36 4199 1001  32
T 4  2 2431 462  34
T 4  -945 46189 10  35
T 4  -24 221 1  36
T 4  -7 143 7  37
ROW 0 3 15
T 0  315 8 7  38
T 1  145 4 1  39
T 1  -35 1 7  40
T 2  -315 143 30  41
T 2  -435 26 1  42
T 2  105 11 7  43
T 3  1029 4862 33  44
T 3  1260 2431 30  46
T 3  29 13 1  47
T 3  -140 143 7  48
T 4  42 4199 429  49
T 4  -49 2431 33  51
T 4  -1260 46189 30  53
T 4  -58 663 1  54
T 4  14 429 7  55
ROW 0 4 10
T 1  -60 1 1  56
T 2  -105 286 165  57
T 2  360 13 1  58
T 3  441 2431 143  59
T 3  210 2431 165  61
T 3  -48 13 1  62
T 4  21 4199 715  63
T 4  -42 2431 143  65
T 4  -210 46189 165  67
T 4  32 221 1  68
ROW 0 5 10
T 1  75 4 1  69
T 2  525 286 66  70
T 2  -225 26 1  72
T 3  315 4862 1001  73
T 3  -1050 2431 66  75
T 3  15 13 1  77
T 4  6 4199 2002  78
T 4  -15 2431 1001  80
T 4  1050 46189 66  82
T 4  -10 221 1  84
ROW 1 -5 16
T 1  -15 8 210  107
T 2  75 286 1001  85
T 2  -525 572 154  108
T 2  45 52 210  109
T 3  315 4862 715  86
T 3  -63 9724 30030  111
T 3  -150 2431 1001  87
T 3  525 2431 154  112
T 3  -3 26 210  113
T 4  6 4199 2431  88
T 4  -3 8398 6006  115
T 4  -15 2431 715  89
T 4  3 4862 30030  117
T 4  150 46189 1001  90
T 4  -525 46189 154  118
T 4  1 221 210  119
ROW 1 -4 25
T 0  315 16 6  120
T 1  -15 8 210  91
T 1  55 8 42  121
T 1  -35 2 6  122
T 2  -60 143 385  93
T 2  -105 286 35  123
T 2  45 52 210  94
T 2  -165 52 42  124
T 2  105 22 6  125
T 3  189 9724 4290  96
T 3  -1197 9724 154  127
T 3  240 2431 385  98
T 3  210 2431 35  128
T 3  -3 26 210  99
T 3  11 26 42  129
T 3  -70 143 6  130
T 4  12 4199 2145  101
T 4  -6 4199 2002  132
T 4  -9 4862 4290  103
T 4  57 4862 154  134
T 4  -240 46189 385  105
T 4  -210 46189 35  135
T 4  1 221 210  106
T 4  -11 663 42  136
T 4  7 429 6  137
ROW 1 -3 25
T 0  -315 4 2  138
T 1  55 8 42  107
T 1  5 4 14  139
T 1  70 1 2  140
T 2  -135 572 770  108
T 2  315 286 35  141
T 2  -165 52 42  109
T 2  -15 26 14  142
T 2  -210 11 2  143
T 3  21 9724 6006  111
T 3  -1113 4862 33  144
T 3  135 2431 770  112
T 3  -630 2431 35  145
T 3  11 26 42  113
T 3  1 13 14  146
T 3  280 143 2  147
T 4  9 8398 30030  115
T 4  -27 4199 286  149
T 4  -1 4862 6006  117
T 4  53 2431 33  150
T 4  -135 46189 770  118
T 4  630 46189 35  151
T 4  -11 663 42  119
T 4  -2 663 14  152
T 4  -28 429 2  153
ROW 1 -2 36
T 0  -2205 32 2  120
T 0  315 32 30  154
T 0  -945 16 5  155
T 1  5 4 14  121
T 1  -20 1 3  156
T 1  245 4 2  122
T 1  -35 4 30  157
T 1  135 4 5  158
T 2  135 572 105  123
T 2  735 572 35  159
T 2  -15 26 14  124
T 2  120 13 3  160
T 2  -735 44 2  125
T 2  105 44 30  161
T 2  -15 2 5  162
T 3  -189 4862 462  127
T 3  -1449 2431 1  163
T 3  -135 2431 105  128
T 3  -735 2431 35  164
T 3  1 13 14  129
T 3  -16 13 3  165
T 3  245 143 2  130
T 3  -35 143 30  166
T 3  15 22 5  167
T 4  12 4199 6006  132
T 4  -36 4199 330  169
T 4  9 2431 462  134
T 4  138 2431 1  170
T 4  135 46189 105  135
T 4  735 46189 35  171
T 4  -2 663 14  136
T 4  32 663 3  172
T 4  -49 858 2  137
T 4  7 858 30  173
T 4  -3 143 5  174
T 5  945 32 5  175
ROW 1 -1 15
T 0  315 16 21  138
T 1  -20 1 3  139
T 1  -35 2 21  140
T 2  405 286 30  141
T 2  120 13 3  142
T 2  105 22 21  143
T 3  -252 2431 154  144
T 3  -810 2431 30  145
T 3  -16 13 3  146
T 3  -70 143 21  147
T 4  18 4199 3003  149
T 4  24 2431 154  150
T 4  810 46189 30  151
T 4  32 663 3  152
T 4  7 429 21  153
ROW 1 0 21
T 0  315 16 14  0
T 0  945 16 21  1
T 1  -5 1 35  2
T 1  -35 2 14  3
T 1  -135 4 21  4
T 2  1275 286 3  5
T 2  30 13 35  6
T 2  105 22 14  7
T 2  15 2 21  8
T 3  -21 143 105  9
T 3  -150 143 3  10
T 3  -4 13 35  11
T 3  -70 143 14  12
T 3  -15 22 21  13
T 4  108 4199 154  14
T 4  2 143 105  16
T 4  150 2717 3  17
T 4  8 663 35  18
T 4  7 429 14  19
T 4  3 143 21  20
T 5  -945 32 21  21
ROW 1 1 36
T 0  315 16 35  176
T 0  315 16 21  22
T 0  945 16 35  177
T 1  -5 1 35  178
T 1  -20 1 3  23
T 1  -35 2 35  179
T 1  -35 2 21  24
T 1  -135 4 35  180
T 2  60 143 35  181
T 2  405 286 30  25
T 2  30 13 35  182
T 2  120 13 3  26
T 2  105 22 35  183
T 2  105 22 21  27
T 2  15 2 35  184
T 3  189 2431 35  185
T 3  -252 2431 154  28
T 3  -240 2431 35  186
T 3  -810 2431 30  29
T 3  -4 13 35  187
T 3  -16 13 3  30
T 3  -70 143 35  188
T 3  -70 143 21  31
T 3  -15 22 35  189
T 4  -198 4199 35  190
T 4  18 4199 3003  32
T 4  -18 2431 35  191
T 4  24 2431 154  34
T 4  240 46189 35  192
T 4  810 46189 30  35
T 4  8 663 35  193
T 4  32 663 3  36
T 4  7 429 35  194
T 4  7 429 21  37
T 4  3 143 35  195
T 5  -945 32 35  196
ROW 1 2 36
T 0  315 32 30  0
T 0  -2205 32 2  38
T 0  -945 16 5  1
T 1  -20 1 3  2
T 1  5 4 14  39
T 1  -35 4 30  3
T 1  245 4 2  40
T 1  135 4 5  4
T 2  735 572 35  5
T 2  135 572 105  41
T 2  120 13 3  6
T 2  -15 26 14  42
T 2  105 44 30  7
T 2  -735 44 2  43
T 2  -15 2 5  8
T 3  -1449 2431 1  9
T 3  -189 4862 462  44
T 3  -735 2431 35  10
T 3  -135 2431 105  46
T 3  -16 13 3  11
T 3  1 13 14  47
T 3  -35 143 30  12
T 3  245 143 2  48
T 3  15 22 5  13
T 4  -36 4199 330  14
T 4  12 4199 6006  49
T 4  138 2431 1  16
T 4  9 2431 462  51
T 4  735 46189 35  17
T 4  135 46189 105  53
T 4  32 663 3  18
T 4  -2 663 14  54
T 4  7 858 30  19
T 4  -49 858 2  55
T 4  -3 143 5  20
T 5  945 32 5  21
ROW 1 3 25
T 0  -315 4 2  22
T 1  5 4 14  23
T 1  55 8 42  56
T 1  70 1 2  24
T 2  315 286 35  25
T 2  -135 572 770  57
T 2  -15 26 14  26
T 2  -165 52 42  58
T 2  -210 11 2  27
T 3  -1113 4862 33  28
T 3  21 9724 6006  59
T 3  -630 2431 35  29
T 3  135 2431 770  61
T 3  1 13 14  30
T 3  11 26 42  62
T 3  280 143 2  31
T 4  -27 4199 286  32
T 4  9 8398 30030  63
T 4  53 2431 33  34
T 4  -1 4862 6006  65
T 4  630 46189 35  35
T 4  -135 46189 770  67
T 4  -2 663 14  36
T 4  -11 663 42  68
T 4  -28 429 2  37
ROW 1 4 25
T 0  315 16 6  38
T 1  55 8 42  39
T 1  -15 8 210  69
T 1  -35 2 6  40
T 2  -105 286 35  41
T 2  -60 143 385  70
T 2  -165 52 42  42
T 2  45 52 210  72
T 2  105 22 6  43
T 3  -1197 9724 154  44
T 3  189 9724 4290  73
T 3  210 2431 35  46
T 3  240 2431 385  75
T 3  11 26 42  47
T 3  -3 26 210  77
T 3  -70 143 6  48
T 4  -6 4199 2002  49
T 4  12 4199 2145  78
T 4  57 4862 154  51
T 4  -9 4862 4290  80
T 4  -210 46189 35  53
T 4  -240 46189 385  82
T 4  -11 663 42  54
T 4  1 221 210  84
T 4  7 429 6  55
ROW 1 5 16
T 1  -15 8 210  56
T 2  -525 572 154  57
T 2  75 286 1001  197
T 2  45 52 210  58
T 3  -63 9724 30030  59
T 3  315 4862 715  198
T 3  525 2431 154  61
T 3  -150 2431 1001  199
T 3  -3 26 210  62
T 4  -3 8398 6006  63
T 4  6 4199 2431  200
T 4  3 4862 30030  65
T 4  -15 2431 715  201
T 4  -525 46189 154  67
T 4  150 46189 1001  202
T 4  1 221 210  68
ROW 2 -5 21
T 0  315 32 6  120
T 1  25 4 42  121
T 1  -35 4 6  122
T 2  105 572 715  92
T 2  525 286 35  123
T 2  -75 26 42  124
T 2  105 44 6  125
T 3  315 4862 858  95
T 3  315 4862 154  127
T 3  -105 2431 715  97
T 3  -1050 2431 35  128
T 3  5 13 42  129
T 3  -35 143 6  130
T 4  9 4199 2431  100
T 4  3 8398 2002  132
T 4  -15 2431 858  102
T 4  -15 2431 154  134
T 4  105 46189 715  104
T 4  1050 46189 35  135
T 4  -10 663 42  136
T 4  7 858 6  137
ROW 2 -4 21
T 0  -945 32 10  138
T 1  -15 4 70  139
T 1  105 4 10  140
T 2  -15 44 1001  85
T 2  735 286 7  141
T 2  45 26 70  142
T 2  -315 44 10  143
T 3  63 2431 715  86
T 3  252 2431 165  144
T 3  15 187 1001  87
T 3  -1470 2431 7  145
T 3  -3 13 70  146
T 3  105 143 10  147
T 4  15 4199 2431  88
T 4  9 8398 1430  149
T 4  -6 2431 715  89
T 4  -24 2431 165  150
T 4  -15 3553 1001  90
T 4  1470 46189 7  151
T 4  2 221 70  152
T 4  -7 286 10  153
ROW 2 -3 31
T 0  2205 32 2  154
T 0  -945 16 3  155
T 1  25 4 42  91
T 1  -55 4 5  156
T 1  -245 4 2  157
T 1  135 4 3  158
T 2  -45 572 77  93
T 2  -105 286 21  159
T 2  -75 26 42  94
T 2  165 26 5  160
T 2  735 44 2  161
T 2  -15 2 3  162
T 3  -105 4862 858  96
T 3  1869 4862 15  163
T 3  45 2431 77  98
T 3  210 2431 21  164
T 3  5 13 42  99
T 3  -11 13 5  165
T 3  -245 143 2  166
T 3  15 22 3  167
T 4  45 4199 429  101
T 4  135 8398 22  169
T 4  5 2431 858  103
T 4  -89 2431 15  170
T 4  -45 46189 77  105
T 4  -210 46189 21  171
T 4  -10 663 42  106
T 4  22 663 5  172
T 4  49 858 2  173
T 4  -3 143 3  174
T 5  945 32 3  175
ROW 2 -2 10
T 1  -15 4 70  107
T 2  405 1144 462  108
T 2  45 26 70  109
T 3  -63 4862 10010  111
T 3  -405 4862 462  112
T 3  -3 13 70  113
T 4  45 8398 2002  115
T 4  3 2431 10010  117
T 4  405 92378 462  118
T 4  2 221 70  119
ROW 2 -1 36
T 0  315 16 35  120
T 0  -315 16 21  154
T 0  -945 16 14  155
T 1  -55 4 5  121
T 1  5 2 210  156
T 1  -35 2 35  122
T 1  35 2 21  157
T 1  135 4 14  158
T 2  3105 1144 6  123
T 2  -5505 1144 2  159
T 2  165 26 5  124
T 2  -15 13 210  160
T 2  105 22 35  125
T 2  -105 22 21  161
T 2  -15 2 14  162
T 3  -441 4862 165  127
T 3  126 2431 70  163
T 3  -3105 4862 6  128
T 3  5505 4862 2  164
T 3  -11 13 5  129
T 3  2 13 210  165
T 3  -70 143 35  130
T 3  70 143 21  166
T 3  15 22 14  167
T 4  21 4199 2145  132
T 4  45 4199 231  169
T 4  21 2431 165  134
T 4  -12 2431 70  170
T 4  3105 92378 6  135
T 4  -5505 92378 2  171
T 4  22 663 5  136
T 4  -4 663 210  172
T 4  7 429 35  137
T 4  -7 429 21  173
T 4  -3 143 14  174
T 5  945 32 14  175
ROW 2 0 15
T 0  -315 16 14  22
T 1  25 2 2  23
T 1  35 2 14  24
T 2  -135 572 5  25
T 2  -75 13 2  26
T 2  -105 22 14  27
T 3  -105 2431 231  28
T 3  135 2431 5  29
T 3  10 13 2  30
T 3  70 143 14  31
T 4  27 4199 2002  32
T 4  10 2431 231  34
T 4  -135 46189 5  35
T 4  -20 663 2  36
T 4  -7 429 14  37
ROW 2 1 36
T 0  315 16 21  0
T 0  315 16 35  38
T 0  945 16 14  1
T 1  -5 2 210  2
T 1  -55 4 5  39
T 1  -35 2 21  3
T 1  -35 2 35  40
T 1  -135 4 14  4
T 2  5505 1144 2  5
T 2  3105 1144 6  41
T 2  15 13 210  6
T 2  165 26 5  42
T 2  105 22 21  7
T 2  105 22 35  43
T 2  15 2 14  8
T 3  -126 2431 70  9
T 3  -441 4862 165  44
T 3  -5505 4862 2  10
T 3  -3105 4862 6  46
T 3  -2 13 210  11
T 3  -11 13 5  47
T 3  -70 143 21  12
T 3  -70 143 35  48
T 3  -15 22 14  13
T 4  -45 4199 231  14
T 4  21 4199 2145  49
T 4  12 2431 70  16
T 4  21 2431 165  51
T 4  5505 92378 2  17
T 4  3105 92378 6  53
T 4  4 663 210  18
T 4  22 663 5  54
T 4  7 429 21  19
T 4  7 429 35  55
T 4  3 143 14  20
T 5  -945 32 14  21
ROW 2 2 31
T 0  315 8 2  176
T 0  945 4 2  177
T 1  25 2 2  178
T 1  -15 4 70  56
T 1  -35 1 2  179
T 1  -135 1 2  180
T 2  -4305 572 2  181
T 2  405 1144 462  57
T 2  -75 13 2  182
T 2  45 26 70  58
T 2  105 11 2  183
T 2  30 1 2  184
T 3  2835 2431 2  185
T 3  -63 4862 10010  59
T 3  4305 2431 2  186
T 3  -405 4862 462  61
T 3  10 13 2  187
T 3  -3 13 70  62
T 3  -140 143 2  188
T 3  -30 11 2  189
T 4  495 4199 2  190
T 4  45 8398 2002  63
T 4  -270 2431 2  191
T 4  3 2431 10010  65
T 4  -4305 46189 2  192
T 4  405 92378 462  67
T 4  -20 663 2  193
T 4  2 221 70  68
T 4  14 429 2  194
T 4  12 143 2  195
T 5  -945 8 2  196
ROW 2 3 31
T 0  2205 32 2  0
T 0  -945 16 3  1
T 1  -55 4 5  2
T 1  25 4 42  69
T 1  -245 4 2  3
T 1  135 4 3  4
T 2  -105 286 21  5
T 2  -45 572 77  70
T 2  165 26 5  6
T 2  -75 26 42  72
T 2  735 44 2  7
T 2  -15 2 3  8
T 3  1869 4862 15  9
T 3  -105 4862 858  73
T 3  210 2431 21  10
T 3  45 2431 77  75
T 3  -11 13 5  11
T 3  5 13 42  77
T 3  -245 143 2  12
T 3  15 22 3  13
T 4  135 8398 22  14
T 4  45 4199 429  78
T 4  -89 2431 15  16
T 4  5 2431 858  80
T 4  -210 46189 21  17
T 4  -45 46189 77  82
T 4  22 663 5  18
T 4  -10 663 42  84
T 4  49 858 2  19
T 4  -3 143 3  20
T 5  945 32 3  21
ROW 2 4 21
T 0  -945 32 10  22
T 1  -15 4 70  23
T 1  105 4 10  24
T 2  735 286 7  25
T 2  -15 44 1001  197
T 2  45 26 70  26
T 2  -315 44 10  27
T 3  252 2431 165  28
T 3  63 2431 715  198
T 3  -1470 2431 7  29
T 3  15 187 1001  199
T 3  -3 13 70  30
T 3  105 143 10  31
T 4  9 8398 1430  32
T 4  15 4199 2431  200
T 4  -24 2431 165  34
T 4  -6 2431 715  201
T 4  1470 46189 7  35
T 4  -15 3553 1001  202
T 4  2 221 70  36
T 4  -7 286 10  37
ROW 2 5 21
T 0  315 32 6  38
T 1  25 4 42  39
T 1  -35 4 6  40
T 2  525 286 35  41
T 2  105 572 715  71
T 2  -75 26 42  42
T 2  105 44 6  43
T 3  315 4862 154  44
T 3  315 4862 858  74
T 3  -1050 2431 35  46
T 3  -105 2431 715  76
T 3  5 13 42  47
T 3  -35 143 6  48
T 4  3 8398 2002  49
T 4  9 4199 2431  79
T 4  -15 2431 154  51
T 4  -15 2431 858  81
T 4  1050 46189 35  53
T 4  105 46189 715  83
T 4  -10 663 42  54
T 4  7 858 6  55
ROW 3 -5 18
T 0  -945 16 1  138
T 1  -75 4 7  139
T 1  105 2 1  140
T 2  -315 286 70  141
T 2  225 26 7  142
T 2  -315 22 1  143
T 3  105 4862 7293  110
T 3  -315 4862 66  144
T 3  630 2431 70  145
T 3  -15 13 7  146
T 3  210 143 1  147
T 4  3 4199 46189  114
T 4  -3 4199 143  149
T 4  -5 2431 7293  116
T 4  15 2431 66  150
T 4  -630 46189 70  151
T 4  10 221 7  152
T 4  -7 143 1  153
ROW 3 -4 27
T 0  945 8 1  154
T 0  -945 32 6  155
T 1  15 8 10  156
T 1  -105 1 1  157
T 1  135 8 6  158
T 2  -315 572 286  92
T 2  -210 143 42  159
T 2  -45 52 10  160
T 2  315 11 1  161
T 2  -15 4 6  162
T 3  -21 4862 2145  95
T 3  -1827 9724 30  163
T 3  315 2431 286  97
T 3  840 2431 42  164
T 3  3 26 10  165
T 3  -420 143 1  166
T 3  15 44 6  167
T 4  6 4199 24310  100
T 4  -30 4199 11  169
T 4  1 2431 2145  102
T 4  87 4862 30  170
T 4  -315 46189 286  104
T 4  -840 46189 42  171
T 4  -1 221 10  172
T 4  14 143 1  173
T 4  -3 286 6  174
T 5  945 64 6  175
ROW 3 -3 6
T 2  45 286 2002  85
T 3  -84 2431 1430  86
T 3  -90 2431 2002  87
T 4  15 4199 4862  88
T 4  8 2431 1430  89
T 4  90 46189 2002  90
ROW 3 -2 31
T 0  -945 16 3  154
T 0  -2835 16 2  155
T 1  -75 4 7  91
T 1  15 4 30  156
T 1  105 2 3  157
T 1  405 4 2  158
T 2  435 1144 462  93
T 2  1035 1144 14  159
T 2  225 26 7  94
T 2  -45 26 30  160
T 2  -315 22 3  161
T 2  -45 2 2  162
T 3  -525 4862 143  96
T 3  -2247 4862 10  163
T 3  -435 4862 462  98
T 3  -1035 4862 14  164
T 3  -15 13 7  99
T 3  3 13 30  165
T 3  210 143 3  166
T 3  45 22 2  167
T 4  60 4199 286  101
T 4  -60 4199 33  169
T 4  25 2431 143  103
T 4  107 2431 10  170
T 4  435 92378 462  105
T 4  1035 92378 14  171
T 4  10 221 7  106
T 4  -2 221 30  172
T 4  -7 143 3  173
T 4  -9 143 2  174
T 5  2835 32 2  175
ROW 3 -1 20
T 1  15 8 10  107
T 1  15 4 30  139
T 2  45 572 66  108
T 2  -60 13 3  141
T 2  -45 52 10  109
T 2  -45 26 30  142
T 3  -147 9724 1430  111
T 3  21 374 385  144
T 3  -45 2431 66  112
T 3  240 221 3  145
T 3  3 26 10  113
T 3  3 13 30  146
T 4  105 8398 286  115
T 4  3 4199 30030  149
T 4  7 4862 1430  117
T 4  -1 187 385  150
T 4  45 46189 66  118
T 4  -240 4199 3  151
T 4  -1 221 10  119
T 4  -2 221 30  152
ROW 3 0 15
T 0  -315 8 21  38
T 1  125 4 3  39
T 1  35 1 21  40
T 2  -1665 572 10  41
T 2  -375 26 3  42
T 2  -105 11 21  43
T 3  735 4862 11  44
T 3  1665 2431 10  46
T 3  25 13 3  47
T 3  140 143 21  48
T 4  84 4199 143  49
T 4  -35 2431 11  51
T 4  -1665 46189 10  53
T 4  -50 663 3  54
T 4  -14 429 21  55
ROW 3 1 20
T 1  -15 4 30  23
T 1  15 8 10  56
T 2  60 13 3  25
T 2  45 572 66  57
T 2  45 26 30  26
T 2  -45 52 10  58
T 3  -21 374 385  28
T 3  -147 9724 1430  59
T 3  -240 221 3  29
T 3  -45 2431 66  61
T 3  -3 13 30  30
T 3  3 26 10  62
T 4  -3 4199 30030  32
T 4  105 8398 286  63
T 4  1 187 385  34
T 4  7 4862 1430  65
T 4  240 4199 3  35
T 4  45 46189 66  67
T 4  2 221 30  36
T 4  -1 221 10  68
ROW 3 2 31
T 0  945 16 3  0
T 0  2835 16 2  1
T 1  -15 4 30  2
T 1  -75 4 7  69
T 1  -105 2 3  3
T 1  -405 4 2  4
T 2  -1035 1144 14  5
T 2  435 1144 462  70
T 2  45 26 30  6
T 2  225 26 7  72
T 2  315 22 3  7
T 2  45 2 2  8
T 3  2247 4862 10  9
T 3  -525 4862 143  73
T 3  1035 4862 14  10
T 3  -435 4862 462  75
T 3  -3 13 30  11
T 3  -15 13 7  77
T 3  -210 143 3  12
T 3  -45 22 2  13
T 4  60 4199 33  14
T 4  60 4199 286  78
T 4  -107 2431 10  16
T 4  25 2431 143  80
T 4  -1035 92378 14  17
T 4  435 92378 462  82
T 4  2 221 30  18
T 4  10 221 7  84
T 4  7 143 3  19
T 4  9 143 2  20
T 5  -2835 32 2  21
ROW 3 3 27
T 0  -315 16 3  176
T 0  2835 16 3  177
T 1  125 4 3  178
T 1  35 2 3  179
T 1  -405 4 3  180
T 2  -945 286 3  181
T 2  45 286 2002  197
T 2  -375 26 3  182
T 2  -105 22 3  183
T 2  45 2 3  184
T 3  -5565 4862 3  185
T 3  -84 2431 1430  198
T 3  1890 2431 3  186
T 3  -90 2431 2002  199
T 3  25 13 3  187
T 3  70 143 3  188
T 3  -45 22 3  189
T 4  -165 4199 3  190
T 4  15 4199 4862  200
T 4  265 2431 3  191
T 4  8 2431 1430  201
T 4  -1890 46189 3  192
T 4  90 46189 2002  202
T 4  -50 663 3  193
T 4  -7 429 3  194
T 4  9 143 3  195
T 5  -2835 32 3  196
ROW 3 4 27
T 0  945 8 1  0
T 0  -945 32 6  1
T 1  15 8 10  2
T 1  -105 1 1  3
T 1  135 8 6  4
T 2  -210 143 42  5
T 2  -315 572 286  71
T 2  -45 52 10  6
T 2  315 11 1  7
T 2  -15 4 6  8
T 3  -1827 9724 30  9
T 3  -21 4862 2145  74
T 3  840 2431 42  10
T 3  315 2431 286  76
T 3  3 26 10  11
T 3  -420 143 1  12
T 3  15 44 6  13
T 4  -30 4199 11  14
T 4  6 4199 24310  79
T 4  87 4862 30  16
T 4  1 2431 2145  81
T 4  -840 46189 42  17
T 4  -315 46189 286  83
T 4  -1 221 10  18
T 4  14 143 1  19
T 4  -3 286 6  20
T 5  945 64 6  21
ROW 3 5 18
T 0  -945 16 1  22
T 1  -75 4 7  23
T 1  105 2 1  24
T 2  -315 286 70  25
T 2  225 26 7  26
T 2  -315 22 1  27
T 3  -315 4862 66  28
T 3  105 4862 7293  60
T 3  630 2431 70  29
T 3  -15 13 7  30
T 3  210 143 1  31
T 4  -3 4199 143  32
T 4  3 4199 46189  64
T 4  15 2431 66  34
T 4  -5 2431 7293  66
T 4  -630 46189 70  35
T 4  10 221 7  36
T 4  -7 143 1  37
ROW 4 -5 24
T 0  945 16 3  154
T 0  -945 32 2  155
T 1  75 8 30  156
T 1  -105 2 3  157
T 1  135 8 2  158
T 2  525 286 14  159
T 2  -225 52 30  160
T 2  315 22 3  161
T 2  -15 4 2  162
T 3  63 4862 12155  126
T 3  945 9724 10  163
T 3  -1050 2431 14  164
T 3  15 26 30  165
T 3  -210 143 3  166
T 3  15 44 2  167
T 4  3 4199 92378  131
T 4  3 4199 33  169
T 4  -3 2431 12155  133
T 4  -45 4862 10  170
T 4  1050 46189 14  171
T 4  -5 221 30  172
T 4  7 143 3  173
T 4  -3 286 2  174
T 5  945 64 2  175
ROW 4 -4 3
T 3  -63 2431 2431  110
T 4  3 4199 138567  114
T 4  6 2431 2431  116
ROW 4 -3 27
T 0  -315 16 15  154
T 0  -2835 32 10  155
T 1  -65 8 6  156
T 1  35 2 15  157
T 1  405 8 10  158
T 2  105 572 4290  92
T 2  45 44 70  159
T 2  15 4 6  160
T 2  -105 22 15  161
T 2  -45 4 10  162
T 3  -609 4862 143  95
T 3  7707 9724 2  163
T 3  -105 2431 4290  97
T 3  -45 187 70  164
T 3  -1 2 6  165
T 3  70 143 15  166
T 3  45 44 10  167
T 4  9 4199 14586  100
T 4  9 4199 165  169
T 4  29 2431 143  102
T 4  -367 4862 2  170
T 4  105 46189 4290  104
T 4  45 3553 70  171
T 4  1 51 6  172
T 4  -7 429 15  173
T 4  -9 286 10  174
T 5  2835 64 10  175
ROW 4 -2 21
T 0  -945 16 1  138
T 1  15 1 7  139
T 1  105 2 1  140
T 2  15 1144 10010  85
T 2  -435 1144 70  141
T 2  -90 13 7  142
T 2  -315 22 1  143
T 3  -189 4862 286  86
T 3  -861 4862 66  144
T 3  -15 4862 10010  87
T 3  435 4862 70  145
T 3  12 13 7  146
T 3  210 143 1  147
T 4  6 4199 24310  88
T 4  -18 4199 143  149
T 4  9 2431 286  89
T 4  41 2431 66  150
T 4  15 92378 10010  90
T 4  -435 92378 70  151
T 4  -8 221 7  152
T 4  -7 143 1  153
ROW 4 -1 25
T 0  315 16 42  120
T 1  75 8 30  91
T 1  -65 8 6  121
T 1  -35 2 42  122
T 2  -555 572 55  93
T 2  -75 44 5  123
T 2  -225 52 30  94
T 2  15 4 6  124
T 2  105 22 42  125
T 3  21 9724 30030  96
T 3  3087 9724 22  127
T 3  555 2431 55  98
T 3  75 187 5  128
T 3  15 26 30  99
T 3  -1 2 6  129
T 3  -70 143 42  130
T 4  6 4199 15015  101
T 4  21 4199 286  132
T 4  -1 4862 30030  103
T 4  -147 4862 22  134
T 4  -555 46189 55  105
T 4  -75 3553 5  135
T 4  -5 221 30  106
T 4  1 51 6  136
T 4  7 429 42  137
ROW 4 0 10
T 1  15 1 5  56
T 2  -300 143 33  57
T 2  -90 13 5  58
T 3  147 2431 715  59
T 3  1200 2431 33  61
T 3  12 13 5  62
T 4  63 4199 143  63
T 4  -14 2431 715  65
T 4  -1200 46189 33  67
T 4  -8 221 5  68
ROW 4 1 25
T 0  -315 16 42  38
T 1  65 8 6  39
T 1  75 8 30  69
T 1  35 2 42  40
T 2  75 44 5  41
T 2  -555 572 55  70
T 2  -15 4 6  42
T 2  -225 52 30  72
T 2  -105 22 42  43
T 3  -3087 9724 22  44
T 3  21 9724 30030  73
T 3  -75 187 5  46
T 3  555 2431 55  75
T 3  1 2 6  47
T 3  15 26 30  77
T 3  70 143 42  48
T 4  -21 4199 286  49
T 4  6 4199 15015  78
T 4  147 4862 22  51
T 4  -1 4862 30030  80
T 4  75 3553 5  53
T 4  -555 46189 55  82
T 4  -1 51 6  54
T 4  -5 221 30  84
T 4  -7 429 42  55
ROW 4 2 21
T 0  945 16 1  22
T 1  -15 1 7  23
T 1  -105 2 1  24
T 2  435 1144 70  25
T 2  15 1144 10010  197
T 2  90 13 7  26
T 2  315 22 1  27
T 3  861 4862 66  28
T 3  -189 4862 286  198
T 3  -435 4862 70  29
T 3  -15 4862 10010  199
T 3  -12 13 7  30
T 3  -210 143 1  31
T 4  18 4199 143  32
T 4  6 4199 24310  200
T 4  -41 2431 66  34
T 4  9 2431 286  201
T 4  435 92378 70  35
T 4  15 92378 10010  202
T 4  8 221 7  36
T 4  7 143 1  37
ROW 4 3 27
T 0  315 16 15  0
T 0  2835 32 10  1
T 1  65 8 6  2
T 1  -35 2 15  3
T 1  -405 8 10  4
T 2  -45 44 70  5
T 2  105 572 4290  71
T 2  -15 4 6  6
T 2  105 22 15  7
T 2  45 4 10  8
T 3  -7707 9724 2  9
T 3  -609 4862 143  74
T 3  45 187 70  10
T 3  -105 2431 4290  76
T 3  1 2 6  11
T 3  -70 143 15  12
T 3  -45 44 10  13
T 4  -9 4199 165  14
T 4  9 4199 14586  79
T 4  367 4862 2  16
T 4  29 2431 143  81
T 4  -45 3553 70  17
T 4  105 46189 4290  83
T 4  -1 51 6  18
T 4  7 429 15  19
T 4  9 286 10  20
T 5  -2835 64 10  21
ROW 4 4 24
T 0  -945 16 5  176
T 0  945 8 5  177
T 1  15 1 5  178
T 1  105 2 5  179
T 1  -135 2 5  180
T 2  1785 286 5  181
T 2  -90 13 5  182
T 2  -315 22 5  183
T 2  15 1 5  184
T 3  63 143 5  185
T 3  -63 2431 2431  60
T 3  -210 143 5  186
T 3  12 13 5  187
T 3  210 143 5  188
T 3  -15 11 5  189
T 4  33 4199 5  190
T 4  3 4199 138567  64
T 4  -6 143 5  191
T 4  6 2431 2431  66
T 4  210 2717 5  192
T 4  -8 221 5  193
T 4  -7 143 5  194
T 4  6 143 5  195
T 5  -945 16 5  196
ROW 4 5 24
T 0  945 16 3  0
T 0  -945 32 2  1
T 1  75 8 30  2
T 1  -105 2 3  3
T 1  135 8 2  4
T 2  525 286 14  5
T 2  -225 52 30  6
T 2  315 22 3  7
T 2  -15 4 2  8
T 3  945 9724 10  9
T 3  63 4862 12155  45
T 3  -1050 2431 14  10
T 3  15 26 30  11
T 3  -210 143 3  12
T 3  15 44 2  13
T 4  3 4199 33  14
T 4  3 4199 92378  50
T 4  -45 4862 10  16
T 4  -3 2431 12155  52
T 4  1050 46189 14  17
T 4  -5 221 30  18
T 4  7 143 3  19
T 4  -3 286 2  20
T 5  945 64 2  21
ROW 5 -5 1
T 4  3 4199 176358  148
ROW 5 -4 19
T 0  -945 32 110  155
T 1  -45 8 66  156
T 1  135 8 110  158
T 2  -15 52 770  159
T 2  135 52 66  160
T 2  -15 4 110  162
T 3  -63 442 221  126
T 3  -63 748 22  163
T 3  15 221 770  164
T 3  -9 26 66  165
T 3  15 44 110  167
T 4  6 4199 41990  131
T 4  -6 4199 15  169
T 4  3 221 221  133
T 4  3 374 22  170
T 4  -15 4199 770  171
T 4  3 221 66  172
T 4  -3 286 110  174
T 5  945 64 110  175
ROW 5 -3 18
T 0  -315 16 33  138
T 1  5 4 231  139
T 1  35 2 33  140
T 2  30 143 2310  141
T 2  -15 26 231  142
T 2  -105 22 33  143
T 3  -21 442 221  110
T 3  231 442 2  144
T 3  -120 2431 2310  145
T 3  1 13 231  146
T 3  70 143 33  147
T 4  9 4199 12597  114
T 4  9 4199 39  149
T 4  1 221 221  116
T 4  -11 221 2  150
T 4  120 46189 2310  151
T 4  -2 663 231  152
T 4  -7 429 33  153
ROW 5 -2 21
T 0  315 16 33  120
T 1  5 4 231  121
T 1  -35 2 33  122
T 2  -105 104 130  92
T 2  -375 1144 770  123
T 2  -15 26 231  124
T 2  105 22 33  125
T 3  21 221 39  95
T 3  -189 442 7  127
T 3  105 442 130  97
T 3  375 4862 770  128
T 3  1 13 231  129
T 3  -70 143 33  130
T 4  36 4199 442  100
T 4  -12 4199 91  132
T 4  -2 221 39  102
T 4  9 221 7  134
T 4  -105 8398 130  104
T 4  -375 92378 770  135
T 4  -2 663 231  136
T 4  7 429 33  137
ROW 5 -1 16
T 1  -45 8 66  107
T 2  -15 13 65  85
T 2  75 52 10  108
T 2  135 52 66  109
T 3  63 442 91  86
T 3  147 884 78  111
T 3  60 221 65  87
T 3  -75 221 10  112
T 3  -9 26 66  113
T 4  6 4199 7735  88
T 4  21 8398 390  115
T 4  -3 221 91  89
T 4  -7 442 78  117
T 4  -60 4199 65  90
T 4  75 4199 10  118
T 4  3 221 66  119
ROW 5 0 10
T 1  -75 4 11  69
T 2  -75 52 6  70
T 2  225 26 11  72
T 3  105 442 91  73
T 3  75 221 6  75
T 3  -15 13 11  77
T 4  36 4199 182  78
T 4  -5 221 91  80
T 4  -75 4199 6  82
T 4  10 221 11  84
ROW 5 1 16
T 1  45 8 66  56
T 2  -75 52 10  57
T 2  -15 13 65  197
T 2  -135 52 66  58
T 3  -147 884 78  59
T 3  63 442 91  198
T 3  75 221 10  61
T 3  60 221 65  199
T 3  9 26 66  62
T 4  -21 8398 390  63
T 4  6 4199 7735  200
T 4  7 442 78  65
T 4  -3 221 91  201
T 4  -75 4199 10  67
T 4  -60 4199 65  202
T 4  -3 221 66  68
ROW 5 2 21
T 0  -315 16 33  38
T 1  -5 4 231  39
T 1  35 2 33  40
T 2  375 1144 770  41
T 2  -105 104 130  71
T 2  15 26 231  42
T 2  -105 22 33  43
T 3  189 442 7  44
T 3  21 221 39  74
T 3  -375 4862 770  46
T 3  105 442 130  76
T 3  -1 13 231  47
T 3  70 143 33  48
T 4  12 4199 91  49
T 4  36 4199 442  79
T 4  -9 221 7  51
T 4  -2 221 39  81
T 4  375 92378 770  53
T 4  -105 8398 130  83
T 4  2 663 231  54
T 4  -7 429 33  55
ROW 5 3 18
T 0  315 16 33  22
T 1  -5 4 231  23
T 1  -35 2 33  24
T 2  -30 143 2310  25
T 2  15 26 231  26
T 2  105 22 33  27
T 3  -231 442 2  28
T 3  -21 442 221  60
T 3  120 2431 2310  29
T 3  -1 13 231  30
T 3  -70 143 33  31
T 4  -9 4199 39  32
T 4  9 4199 12597  64
T 4  11 221 2  34
T 4  1 221 221  66
T 4  -120 46189 2310  35
T 4  2 663 231  36
T 4  7 429 33  37
ROW 5 4 19
T 0  945 32 110  1
T 1  45 8 66  2
T 1  -135 8 110  4
T 2  15 52 770  5
T 2  -135 52 66  6
T 2  15 4 110  8
T 3  63 748 22  9
T 3  -63 442 221  45
T 3  -15 221 770  10
T 3  9 26 66  11
T 3  -15 44 110  13
T 4  6 4199 15  14
T 4  6 4199 41990  50
T 4  -3 374 22  16
T 4  3 221 221  52
T 4  15 4199 770  17
T 4  -3 221 66  18
T 4  3 286 110  20
T 5  -945 64 110  21
ROW 5 5 22
T 0  -945 16 11  176
T 0  945 16 11  177
T 1  -75 4 11  178
T 1  105 2 11  179
T 1  -135 4 11  180
T 2  -525 286 11  181
T 2  225 26 11  182
T 2  -315 22 11  183
T 2  15 2 11  184
T 3  -315 4862 11  185
T 3  1050 2431 11  186
T 3  -15 13 11  187
T 3  210 143 11  188
T 3  -15 22 11  189
T 4  -3 4199 11  190
T 4  3 4199 176358  33
T 4  15 2431 11  191
T 4  -1050 46189 11  192
T 4  10 221 11  193
T 4  -7 143 11  194
T 4  3 143 11  195
T 5  -945 32 11  196
ROW 6 -5 22
T 0  945 32 22  154
T 0  -945 16 33  155
T 1  15 4 55  156
T 1  -105 4 22  157
T 1  135 4 33  158
T 2  75 572 231  159
T 2  -45 26 55  160
T 2  315 44 22  161
T 2  -15 2 33  162
T 3  21 4862 165  163
T 3  -75 2431 231  164
T 3  3 13 55  165
T 3  -105 143 22  166
T 3  15 22 33  167
T 4  3 4199 323323  168
T 4  3 8398 2  169
T 4  -1 2431 165  170
T 4  75 46189 231  171
T 4  -2 221 55  172
T 4  7 286 22  173
T 4  -3 143 33  174
T 5  945 32 33  175
ROW 6 -4 16
T 0  -945 32 22  138
T 1  -15 4 154  139
T 1  105 4 22  140
T 2  -135 572 385  141
T 2  45 26 154  142
T 2  -315 44 22  143
T 3  -21 221 3  144
T 3  135 2431 385  145
T 3  -3 13 154  146
T 3  105 143 22  147
T 4  3 4199 146965  148
T 4  -3 8398 26  149
T 4  2 221 3  150
T 4  -135 46189 385  151
T 4  2 221 154  152
T 4  -7 286 22  153
ROW 6 -3 18
T 0  315 32 66  120
T 1  5 2 462  121
T 1  -35 4 66  122
T 2  225 572 385  123
T 2  -15 13 462  124
T 2  105 44 66  125
T 3  21 442 1326  126
T 3  21 221 14  127
T 3  -225 2431 385  128
T 3  2 13 462  129
T 3  -35 143 66  130
T 4  3 4199 62985  131
T 4  3 8398 182  132
T 4  -1 221 1326  133
T 4  -2 221 14  134
T 4  225 46189 385  135
T 4  -4 663 462  136
T 4  7 858 66  137
ROW 6 -2 13
T 1  -15 4 154  107
T 2  -75 104 210  108
T 2  45 26 154  109
T 3  21 221 442  110
T 3  -21 442 182  111
T 3  75 442 210  112
T 3  -3 13 154  113
T 4  3 4199 25194  114
T 4  -3 8398 910  115
T 4  -2 221 442  116
T 4  1 221 182  117
T 4  -75 8398 210  118
T 4  2 221 154  119
ROW 6 -1 16
T 1  15 4 55  91
T 2  15 104 2730  92
T 2  225 104 30  93
T 2  -45 26 55  94
T 3  42 221 91  95
T 3  21 442 455  96
T 3  -15 442 2730  97
T 3  -225 442 30  98
T 3  3 13 55  99
T 4  3 4199 9282  100
T 4  3 4199 910  101
T 4  -4 221 91  102
T 4  -1 221 455  103
T 4  15 8398 2730  104
T 4  225 8398 30  105
T 4  -2 221 55  106
ROW 6 0 6
T 2  225 52 13  197
T 3  21 221 455  198
T 3  -225 221 13  199
T 4  6 4199 1547  200
T 4  -2 221 455  201
T 4  225 4199 13  202
ROW 6 1 16
T 1  -15 4 55  69
T 2  -225 104 30  70
T 2  15 104 2730  71
T 2  45 26 55  72
T 3  -21 442 455  73
T 3  42 221 91  74
T 3  225 442 30  75
T 3  -15 442 2730  76
T 3  -3 13 55  77
T 4  -3 4199 910  78
T 4  3 4199 9282  79
T 4  1 221 455  80
T 4  -4 221 91  81
T 4  -225 8398 30  82
T 4  15 8398 2730  83
T 4  2 221 55  84
ROW 6 2 13
T 1  15 4 154  56
T 2  75 104 210  57
T 2  -45 26 154  58
T 3  21 442 182  59
T 3  21 221 442  60
T 3  -75 442 210  61
T 3  3 13 154  62
T 4  3 8398 910  63
T 4  3 4199 25194  64
T 4  -1 221 182  65
T 4  -2 221 442  66
T 4  75 8398 210  67
T 4  -2 221 154  68
ROW 6 3 18
T 0  -315 32 66  38
T 1  -5 2 462  39
T 1  35 4 66  40
T 2  -225 572 385  41
T 2  15 13 462  42
T 2  -105 44 66  43
T 3  -21 221 14  44
T 3  21 442 1326  45
T 3  225 2431 385  46
T 3  -2 13 462  47
T 3  35 143 66  48
T 4  -3 8398 182  49
T 4  3 4199 62985  50
T 4  2 221 14  51
T 4  -1 221 1326  52
T 4  -225 46189 385  53
T 4  4 663 462  54
T 4  -7 858 66  55
ROW 6 4 16
T 0  945 32 22  22
T 1  15 4 154  23
T 1  -105 4 22  24
T 2  135 572 385  25
T 2  -45 26 154  26
T 2  315 44 22  27
T 3  21 221 3  28
T 3  -135 2431 385  29
T 3  3 13 154  30
T 3  -105 143 22  31
T 4  3 8398 26  32
T 4  3 4199 146965  33
T 4  -2 221 3  34
T 4  135 46189 385  35
T 4  -2 221 154  36
T 4  7 286 22  37
ROW 6 5 22
T 0  -945 32 22  0
T 0  945 16 33  1
T 1  -15 4 55  2
T 1  105 4 22  3
T 1  -135 4 33  4
T 2  -75 572 231  5
T 2  45 26 55  6
T 2  -315 44 22  7
T 2  15 2 33  8
T 3  -21 4862 165  9
T 3  75 2431 231  10
T 3  -3 13 55  11
T 3  105 143 22  12
T 3  -15 22 33  13
T 4  -3 8398 2  14
T 4  3 4199 323323  15
T 4  1 2431 165  16
T 4  -75 46189 231  17
T 4  2 221 55  18
T 4  -7 286 22  19
T 4  3 143 33  20
T 5  -945 32 33  21
