FORMAT 1
KERNEL S
SOURCE (s|S|s)
SHELLS 2 2

# E <id> <alpha> <beta> <mu> <p>
E 0 0 0 1 -2
E 1 0 0 2 -2
E 2 0 0 0 -2

# G <id> <2k> <L> <M>
G 0 0 2 0
G 1 2 0 0
G 2 0 4 0
G 3 0 4 4
G 4 2 2 0
G 5 4 0 0
G 6 0 0 0
G 7 0 2 1
G 8 0 4 1
G 9 0 4 3
G 10 2 2 1
G 11 0 2 -2
G 12 0 4 -2
G 13 2 2 -2
G 14 0 2 -1
G 15 0 4 -3
G 16 0 4 -1
G 17 2 2 -1
G 18 0 4 -4
G 19 0 2 2
G 20 0 4 2
G 21 2 2 2

# TABLE <l> <l'> <rows> [SYMMETRIC]
# ROW <m> <m'> <terms>
# T <prefactor> <num> <den> <radicand> <geometry>

TABLE 2 2 15 SYMMETRIC
ROW -2 -2 7
T 0  1 1 1  0
T 0  -1 1 1  1
T 1  3 35 1  2
T 1  -3 35 35  3
T 1  -2 7 1  4
T 1  1 5 1  5
T 2  3 4 1  6
ROW -2 -1 4
T 0  -1 2 3  7
T 1  -3 70 10  8
T 1  -3 70 70  9
T 1  1 7 3  10
ROW -2 0 3
T 0  1 1 1  11
T 1  3 35 15  12
T 1  -2 7 1  13
ROW -2 1 4
T 0  -1 2 3  14
T 1  3 70 70  15
T 1  -3 70 10  16
T 1  1 7 3  17
ROW -2 2 1
T 1  3 35 35  18
ROW -1 -1 9
T 0  -1 2 1  0
T 0  1 2 3  19
T 0  -1 1 1  1
T 1  -12 35 1  2
T 1  -6 35 5  20
T 1  1 7 1  4
T 1  -1 7 3  21
T 1  1 5 1  5
T 2  3 4 1  6
ROW -1 0 3
T 0  -1 2 1  14
T 1  3 35 30  16
T 1  1 7 1  17
ROW -1 1 3
T 0  -1 2 3  11
T 1  6 35 5  12
T 1  1 7 3  13
ROW -1 2 4
T 0  1 2 3  14
T 1  3 70 70  15
T 1  3 70 10  16
T 1  -1 7 3  17
ROW 0 0 6
T 0  -1 1 1  0
T 0  -1 1 1  1
T 1  18 35 1  2
T 1  2 7 1  4
T 1  1 5 1  5
T 2  3 4 1  6
ROW 0 1 3
T 0  -1 2 1  7
T 1  3 35 30  8
T 1  1 7 1  10
ROW 0 2 3
T 0  1 1 1  19
T 1  3 35 15  20
T 1  -2 7 1  21
ROW 1 1 9
T 0  -1 2 1  0
T 0  -1 2 3  19
T 0  -1 1 1  1
T 1  -12 35 1  2
T 1  6 35 5  20
T 1  1 7 1  4
T 1  1 7 3  21
T 1  1 5 1  5
T 2  3 4 1  6
ROW 1 2 4
T 0  -1 2 3  7
T 1  -3 70 10  8
T 1  3 70 70  9
T 1  1 7 3  10
ROW 2 2 7
T 0  1 1 1  0
T 0  -1 1 1  1
T 1  3 35 1  2
T 1  3 35 35  3
T 1  -2 7 1  4
T 1  1 5 1  5
T 2  3 4 1  6
