FORMAT 1
KERNEL S
SOURCE (s|S|s)
SHELLS 1 5

# E <id> <alpha> <beta> <mu> <p>
E 0 4 0 1 -5
E 1 4 0 0 -5

# G <id> <2k> <L> <M>
G 0 0 6 4
G 1 0 6 6
G 2 2 4 4
G 3 0 4 4
G 4 0 6 3
G 5 0 6 5
G 6 2 4 3
G 7 0 4 3
G 8 0 6 2
G 9 2 4 2
G 10 0 4 2
G 11 0 6 1
G 12 2 4 1
G 13 0 4 1
G 14 0 6 0
G 15 2 4 0
G 16 0 4 0
G 17 0 6 -1
G 18 2 4 -1
G 19 0 4 -1
G 20 0 6 -2
G 21 2 4 -2
G 22 0 4 -2
G 23 0 6 -3
G 24 2 4 -3
G 25 0 4 -3
G 26 0 6 -4
G 27 2 4 -4
G 28 0 4 -4
G 29 0 6 -5
G 30 0 6 -6

# TABLE <l> <l'> <rows> [SYMMETRIC]
# ROW <m> <m'> <terms>
# T <prefactor> <num> <den> <radicand> <geometry>

TABLE 1 5 33
ROW -1 -5 4
T 0  1 22 2  0
T 0  1 11 33  1
T 0  -3 22 10  2
T 1  3 4 10  3
ROW -1 -4 4
T 0  1 22 6  4
T 0  1 22 110  5
T 0  -3 11 2  6
T 1  3 2 2  7
ROW -1 -3 6
T 0  1 11 3  8
T 0  3 22 10  0
T 0  -1 11 14  9
T 0  -1 22 2  2
T 1  1 2 14  10
T 1  1 4 2  3
ROW -1 -2 6
T 0  1 11 5  11
T 0  3 11 2  4
T 0  -1 22 42  12
T 0  -1 22 6  6
T 1  1 4 42  13
T 1  1 4 6  7
ROW -1 -1 6
T 0  1 11 15  14
T 0  1 11 14  8
T 0  -1 11 15  15
T 0  -1 11 3  9
T 1  1 2 15  16
T 1  1 2 3  10
ROW -1 0 3
T 0  -1 11 21  17
T 0  1 11 10  18
T 1  -1 2 10  19
ROW -1 1 3
T 0  -1 11 14  20
T 0  1 11 3  21
T 1  -1 2 3  22
ROW -1 2 6
T 0  -3 11 2  23
T 0  -1 11 5  17
T 0  1 22 6  24
T 0  1 22 42  18
T 1  -1 4 6  25
T 1  -1 4 42  19
ROW -1 3 6
T 0  -3 22 10  26
T 0  -1 11 3  20
T 0  1 22 2  27
T 0  1 11 14  21
T 1  -1 4 2  28
T 1  -1 2 14  22
ROW -1 4 4
T 0  -1 22 110  29
T 0  -1 22 6  23
T 0  3 11 2  24
T 1  -3 2 2  25
ROW -1 5 4
T 0  -1 11 33  30
T 0  -1 22 2  26
T 0  3 22 10  27
T 1  -3 4 10  28
ROW 0 -5 1
T 0  -1 11 11  29
ROW 0 -4 3
T 0  -2 11 5  26
T 0  -3 11 1  27
T 1  3 2 1  28
ROW 0 -3 3
T 0  -3 11 3  23
T 0  -4 11 1  24
T 1  2 1 1  25
ROW 0 -2 3
T 0  -4 11 2  20
T 0  -1 11 21  21
T 1  1 2 21  22
ROW 0 -1 3
T 0  -1 11 35  17
T 0  -2 11 6  18
T 1  1 1 6  19
ROW 0 0 3
T 0  -6 11 1  14
T 0  -5 11 1  15
T 1  5 2 1  16
ROW 0 1 3
T 0  -1 11 35  11
T 0  -2 11 6  12
T 1  1 1 6  13
ROW 0 2 3
T 0  -4 11 2  8
T 0  -1 11 21  9
T 1  1 2 21  10
ROW 0 3 3
T 0  -3 11 3  4
T 0  -4 11 1  6
T 1  2 1 1  7
ROW 0 4 3
T 0  -2 11 5  0
T 0  -3 11 1  2
T 1  3 2 1  3
ROW 0 5 1
T 0  -1 11 11  5
ROW 1 -5 4
T 0  -1 11 33  30
T 0  1 22 2  26
T 0  -3 22 10  27
T 1  3 4 10  28
ROW 1 -4 4
T 0  -1 22 110  29
T 0  1 22 6  23
T 0  -3 11 2  24
T 1  3 2 2  25
ROW 1 -3 6
T 0  -3 22 10  26
T 0  1 11 3  20
T 0  1 22 2  27
T 0  -1 11 14  21
T 1  -1 4 2  28
T 1  1 2 14  22
ROW 1 -2 6
T 0  -3 11 2  23
T 0  1 11 5  17
T 0  1 22 6  24
T 0  -1 22 42  18
T 1  -1 4 6  25
T 1  1 4 42  19
ROW 1 -1 3
T 0  -1 11 14  20
T 0  1 11 3  21
T 1  -1 2 3  22
ROW 1 0 3
T 0  -1 11 21  11
T 0  1 11 10  12
T 1  -1 2 10  13
ROW 1 1 6
T 0  1 11 15  14
T 0  -1 11 14  8
T 0  -1 11 15  15
T 0  1 11 3  9
T 1  1 2 15  16
T 1  -1 2 3  10
ROW 1 2 6
T 0  1 11 5  11
T 0  -3 11 2  4
T 0  -1 22 42  12
T 0  1 22 6  6
T 1  1 4 42  13
T 1  -1 4 6  7
ROW 1 3 6
T 0  1 11 3  8
T 0  -3 22 10  0
T 0  -1 11 14  9
T 0  1 22 2  2
T 1  1 2 14  10
T 1  -1 4 2  3
ROW 1 4 4
T 0  1 22 6  4
T 0  -1 22 110  5
T 0  -3 11 2  6
T 1  3 2 2  7
ROW 1 5 4
T 0  1 22 2  0
T 0  -1 11 33  1
T 0  -3 22 10  2
T 1  3 4 10  3
