FORMAT 1
KERNEL S
SOURCE (s|S|s)
SHELLS 3 1

# E <id> <alpha> <beta> <mu> <p>
E 0 0 2 1 -3
E 1 0 2 0 -3

# G <id> <2k> <L> <M>
G 0 0 4 2
G 1 0 4 4
G 2 2 2 2
G 3 0 2 2
G 4 0 4 -3
G 5 0 4 -4
G 6 0 4 -2
G 7 2 2 -2
G 8 0 2 -2
G 9 0 4 1
G 10 0 4 3
G 11 2 2 1
G 12 0 2 1
G 13 0 4 -1
G 14 2 2 -1
G 15 0 2 -1
G 16 0 4 0
G 17 2 2 0
G 18 0 2 0

# TABLE <l> <l'> <rows> [SYMMETRIC]
# ROW <m> <m'> <terms>
# T <prefactor> <num> <den> <radicand> <geometry>

TABLE 3 1 21
ROW -3 -1 4
T 0  1 14 2  0
T 0  1 7 14  1
T 0  -1 14 30  2
T 1  1 4 30  3
ROW -3 0 1
T 0  -1 7 7  4
ROW -3 1 4
T 0  -1 7 14  5
T 0  1 14 2  6
T 0  -1 14 30  7
T 1  1 4 30  8
ROW -2 -1 4
T 0  1 14 6  9
T 0  1 14 42  10
T 0  -1 7 5  11
T 1  1 2 5  12
ROW -2 0 3
T 0  -2 7 3  6
T 0  -1 7 5  7
T 1  1 2 5  8
ROW -2 1 4
T 0  -1 14 42  4
T 0  1 14 6  13
T 0  -1 7 5  14
T 1  1 2 5  15
ROW -1 -1 6
T 0  1 7 6  16
T 0  1 14 30  0
T 0  -1 7 6  17
T 0  -1 14 2  2
T 1  1 2 6  18
T 1  1 4 2  3
ROW -1 0 3
T 0  -1 7 15  13
T 0  -2 7 2  14
T 1  1 1 2  15
ROW -1 1 3
T 0  -1 14 30  6
T 0  1 14 2  7
T 1  -1 4 2  8
ROW 0 -1 3
T 0  -1 7 10  13
T 0  1 7 3  14
T 1  -1 2 3  15
ROW 0 0 3
T 0  -4 7 1  16
T 0  -3 7 1  17
T 1  3 2 1  18
ROW 0 1 3
T 0  -1 7 10  9
T 0  1 7 3  11
T 1  -1 2 3  12
ROW 1 -1 3
T 0  -1 14 30  6
T 0  1 14 2  7
T 1  -1 4 2  8
ROW 1 0 3
T 0  -1 7 15  9
T 0  -2 7 2  11
T 1  1 1 2  12
ROW 1 1 6
T 0  1 7 6  16
T 0  -1 14 30  0
T 0  -1 7 6  17
T 0  1 14 2  2
T 1  1 2 6  18
T 1  -1 4 2  3
ROW 2 -1 4
T 0  -1 14 42  4
T 0  -1 14 6  13
T 0  1 7 5  14
T 1  -1 2 5  15
ROW 2 0 3
T 0  -2 7 3  0
T 0  -1 7 5  2
T 1  1 2 5  3
ROW 2 1 4
T 0  1 14 6  9
T 0  -1 14 42  10
T 0  -1 7 5  11
T 1  1 2 5  12
ROW 3 -1 4
T 0  -1 7 14  5
T 0  -1 14 2  6
T 0  1 14 30  7
T 1  -1 4 30  8
ROW 3 0 1
T 0  -1 7 7  10
ROW 3 1 4
T 0  1 14 2  0
T 0  -1 7 14  1
T 0  -1 14 30  2
T 1  1 4 30  3
