FORMAT 1
KERNEL S
SOURCE (s|S|s)
SHELLS 3 5

# E <id> <alpha> <beta> <mu> <p>
E 0 2 0 1 -5
E 1 2 0 2 -5
E 2 2 0 3 -5
E 3 2 0 0 -5

# G <id> <2k> <L> <M>
G 0 0 4 2
G 1 2 2 2
G 2 0 6 2
G 3 2 4 2
G 4 4 2 2
G 5 0 8 2
G 6 0 8 8
G 7 2 6 2
G 8 4 4 2
G 9 6 2 2
G 10 0 2 2
G 11 0 4 1
G 12 2 2 1
G 13 0 6 1
G 14 2 4 1
G 15 4 2 1
G 16 0 8 1
G 17 0 8 7
G 18 2 6 1
G 19 4 4 1
G 20 6 2 1
G 21 0 2 1
G 22 0 4 0
G 23 2 2 0
G 24 0 6 0
G 25 0 6 6
G 26 2 4 0
G 27 4 2 0
G 28 0 8 0
G 29 0 8 6
G 30 2 6 0
G 31 2 6 6
G 32 4 4 0
G 33 6 2 0
G 34 0 2 0
G 35 0 6 5
G 36 0 8 5
G 37 2 6 5
G 38 0 4 4
G 39 0 6 4
G 40 2 4 4
G 41 0 8 4
G 42 2 6 4
G 43 4 4 4
G 44 0 4 -3
G 45 0 6 -3
G 46 2 4 -3
G 47 0 8 -3
G 48 2 6 -3
G 49 4 4 -3
G 50 0 4 -4
G 51 0 4 -2
G 52 2 2 -2
G 53 0 6 -4
G 54 0 6 -2
G 55 2 4 -4
G 56 2 4 -2
G 57 4 2 -2
G 58 0 8 -4
G 59 0 8 -2
G 60 2 6 -4
G 61 2 6 -2
G 62 4 4 -4
G 63 4 4 -2
G 64 6 2 -2
G 65 0 2 -2
G 66 0 4 -1
G 67 2 2 -1
G 68 0 6 -5
G 69 0 6 -1
G 70 2 4 -1
G 71 4 2 -1
G 72 0 8 -5
G 73 0 8 -1
G 74 2 6 -5
G 75 2 6 -1
G 76 4 4 -1
G 77 6 2 -1
G 78 0 2 -1
G 79 0 6 -6
G 80 0 8 -6
G 81 2 6 -6
G 82 0 8 -7
G 83 0 8 -8
G 84 0 4 3
G 85 0 6 3
G 86 2 4 3
G 87 0 8 3
G 88 2 6 3
G 89 4 4 3

# TABLE <l> <l'> <rows> [SYMMETRIC]
# ROW <m> <m'> <terms>
# T <prefactor> <num> <den> <radicand> <geometry>

TABLE 3 5 77
ROW -3 -5 11
T 0  45 28 7  0
T 0  -45 28 105  1
T 1  5 44 6  2
T 1  -45 77 7  3
T 1  5 14 105  4
T 2  1 286 2  5
T 2  2 143 1001  6
T 2  -1 66 6  7
T 2  45 1001 7  8
T 2  -5 231 105  9
T 3  15 8 105  10
ROW -3 -4 11
T 0  27 28 35  11
T 0  -45 28 42  12
T 1  5 22 6  13
T 1  -27 77 35  14
T 1  5 14 42  15
T 2  1 286 14  16
T 2  1 286 10010  17
T 2  -1 33 6  18
T 2  27 1001 35  19
T 2  -5 231 42  20
T 3  15 8 42  21
ROW -3 -3 13
T 0  45 14 7  22
T 0  -45 14 7  23
T 1  5 11 7  24
T 1  5 44 66  25
T 1  -90 77 7  26
T 1  5 7 7  27
T 2  2 143 7  28
T 2  1 286 6006  29
T 2  -2 33 7  30
T 2  -1 66 66  31
T 2  90 1001 7  32
T 2  -10 231 7  33
T 3  15 4 7  34
ROW -3 -2 13
T 0  -15 28 105  11
T 0  45 56 14  12
T 1  -35 44 2  13
T 1  5 22 33  35
T 1  15 77 105  14
T 1  -5 28 14  15
T 2  -1 143 42  16
T 2  1 143 858  36
T 2  7 66 2  18
T 2  -1 33 33  37
T 2  -15 1001 105  19
T 2  5 462 14  20
T 3  -15 16 14  21
ROW -3 -1 16
T 0  45 56 30  0
T 0  3 28 210  38
T 0  -45 56 2  1
T 1  5 22 35  2
T 1  5 22 42  39
T 1  -45 154 30  3
T 1  -3 77 210  40
T 1  5 28 2  4
T 2  1 143 105  5
T 2  1 143 462  41
T 2  -1 33 35  7
T 2  -1 33 42  42
T 2  45 2002 30  8
T 2  3 1001 210  43
T 2  -5 462 2  9
T 3  15 16 2  10
ROW -3 0 6
T 0  -45 28 7  44
T 1  -5 11 21  45
T 1  45 77 7  46
T 2  -1 143 462  47
T 2  2 33 21  48
T 2  -45 1001 7  49
ROW -3 1 16
T 0  -3 28 210  50
T 0  45 56 30  51
T 0  -45 56 2  52
T 1  -5 22 42  53
T 1  5 22 35  54
T 1  3 77 210  55
T 1  -45 154 30  56
T 1  5 28 2  57
T 2  -1 143 462  58
T 2  1 143 105  59
T 2  1 33 42  60
T 2  -1 33 35  61
T 2  -3 1001 210  62
T 2  45 2002 30  63
T 2  -5 462 2  64
T 3  15 16 2  65
ROW -3 2 13
T 0  -15 28 105  66
T 0  45 56 14  67
T 1  -5 22 33  68
T 1  -35 44 2  69
T 1  15 77 105  70
T 1  -5 28 14  71
T 2  -1 143 858  72
T 2  -1 143 42  73
T 2  1 33 33  74
T 2  7 66 2  75
T 2  -15 1001 105  76
T 2  5 462 14  77
T 3  -15 16 14  78
ROW -3 3 3
T 1  -5 44 66  79
T 2  -1 286 6006  80
T 2  1 66 66  81
ROW -3 4 11
T 0  -27 28 35  66
T 0  45 28 42  67
T 1  -5 22 6  69
T 1  27 77 35  70
T 1  -5 14 42  71
T 2  -1 286 10010  82
T 2  -1 286 14  73
T 2  1 33 6  75
T 2  -27 1001 35  76
T 2  5 231 42  77
T 3  -15 8 42  78
ROW -3 5 11
T 0  -45 28 7  51
T 0  45 28 105  52
T 1  -5 44 6  54
T 1  45 77 7  56
T 1  -5 14 105  57
T 2  -2 143 1001  83
T 2  -1 286 2  59
T 2  1 66 6  61
T 2  -45 1001 7  63
T 2  5 231 105  64
T 3  -15 8 105  65
ROW -2 -5 7
T 0  -15 4 3  84
T 1  -15 22 1  85
T 1  15 11 3  86
T 2  -1 286 22  87
T 2  1 286 6006  17
T 2  1 11 1  88
T 2  -15 143 3  89
ROW -2 -4 13
T 0  -3 7 105  0
T 0  -135 28 7  1
T 1  -15 44 10  2
T 1  -15 44 22  25
T 1  12 77 105  3
T 1  15 14 7  4
T 2  -1 143 30  5
T 2  1 143 2002  29
T 2  1 22 10  7
T 2  1 22 22  31
T 2  -12 1001 105  8
T 2  -5 77 7  9
T 3  45 8 7  10
ROW -2 -3 13
T 0  -3 28 105  11
T 0  -45 14 14  12
T 1  -10 11 2  13
T 1  -5 22 33  35
T 1  3 77 105  14
T 1  5 7 14  15
T 2  -3 286 42  16
T 2  3 286 858  36
T 2  4 33 2  18
T 2  1 33 33  37
T 2  -3 1001 105  19
T 2  -10 231 14  20
T 3  15 4 14  21
ROW -2 -2 16
T 0  15 14 7  22
T 0  -3 2 5  38
T 0  -135 28 7  23
T 1  -15 22 7  24
T 1  -15 22 1  39
T 1  -30 77 7  26
T 1  6 11 5  40
T 1  15 14 7  27
T 2  -8 143 7  28
T 2  12 143 11  41
T 2  1 11 7  30
T 2  1 11 1  42
T 2  30 1001 7  32
T 2  -6 143 5  43
T 2  -5 77 7  33
T 3  45 8 7  34
ROW -2 -1 14
T 0  -75 56 10  11
T 0  -33 56 70  84
T 0  45 14 3  12
T 1  5 22 21  13
T 1  75 154 10  14
T 1  3 14 70  86
T 1  -5 7 3  15
T 2  21 143 1  16
T 2  1 143 1155  87
T 2  -1 33 21  18
T 2  -75 2002 10  19
T 2  -3 182 70  89
T 2  10 231 3  20
T 3  -15 4 3  21
ROW -2 0 10
T 0  30 7 3  51
T 0  -45 28 5  52
T 1  -5 22 14  54
T 1  -120 77 3  56
T 1  5 14 5  57
T 2  -6 143 42  59
T 2  1 33 14  61
T 2  120 1001 3  63
T 2  -5 231 5  64
T 3  15 8 5  65
ROW -2 1 14
T 0  33 56 70  44
T 0  -75 56 10  66
T 0  45 14 3  67
T 1  5 22 21  69
T 1  -3 14 70  46
T 1  75 154 10  70
T 1  -5 7 3  71
T 2  -1 143 1155  47
T 2  21 143 1  73
T 2  -1 33 21  75
T 2  3 182 70  49
T 2  -75 2002 10  76
T 2  10 231 3  77
T 3  -15 4 3  78
ROW -2 2 6
T 0  3 2 5  50
T 1  15 22 1  53
T 1  -6 11 5  55
T 2  -12 143 11  58
T 2  -1 11 1  60
T 2  6 143 5  62
ROW -2 3 13
T 0  3 28 105  66
T 0  45 14 14  67
T 1  5 22 33  68
T 1  10 11 2  69
T 1  -3 77 105  70
T 1  -5 7 14  71
T 2  -3 286 858  72
T 2  3 286 42  73
T 2  -1 33 33  74
T 2  -4 33 2  75
T 2  3 1001 105  76
T 2  10 231 14  77
T 3  -15 4 14  78
ROW -2 4 13
T 0  3 7 105  51
T 0  135 28 7  52
T 1  15 44 22  79
T 1  15 44 10  54
T 1  -12 77 105  56
T 1  -15 14 7  57
T 2  -1 143 2002  80
T 2  1 143 30  59
T 2  -1 22 22  81
T 2  -1 22 10  61
T 2  12 1001 105  63
T 2  5 77 7  64
T 3  -45 8 7  65
ROW -2 5 7
T 0  15 4 3  44
T 1  15 22 1  45
T 1  -15 11 3  46
T 2  -1 286 6006  82
T 2  1 286 22  47
T 2  -1 11 1  48
T 2  15 143 3  49
ROW -1 -5 9
T 0  3 2 15  38
T 1  15 22 3  39
T 1  15 44 22  25
T 1  -6 11 15  40
T 2  1 143 33  41
T 2  1 286 2002  29
T 2  -1 11 3  42
T 2  -1 22 22  31
T 2  6 143 15  43
ROW -1 -4 7
T 0  -3 4 3  84
T 1  15 11 1  85
T 1  3 11 3  86
T 2  5 286 22  87
T 2  1 286 4290  36
T 2  -2 11 1  88
T 2  -3 143 3  89
ROW -1 -3 16
T 0  -27 28 21  0
T 0  3 1 3  38
T 0  -45 28 35  1
T 1  35 44 2  2
T 1  -5 22 15  39
T 1  27 77 21  3
T 1  -12 11 3  40
T 1  5 14 35  4
T 2  15 286 6  5
T 2  3 143 165  41
T 2  -7 66 2  7
T 2  1 33 15  42
T 2  -27 1001 21  8
T 2  12 143 3  43
T 2  -5 231 35  9
T 3  15 8 35  10
ROW -1 -2 16
T 0  -12 7 7  11
T 0  21 4 1  84
T 0  -45 56 210  12
T 1  5 44 30  13
T 1  -15 22 3  85
T 1  48 77 7  14
T 1  -21 11 1  86
T 1  5 28 210  15
T 2  3 143 70  16
T 2  5 143 66  87
T 2  -1 66 30  18
T 2  1 11 3  88
T 2  -48 1001 7  19
T 2  21 143 1  89
T 2  -5 462 210  20
T 3  15 16 210  21
ROW -1 -1 18
T 0  -33 28 10  22
T 0  129 56 2  0
T 0  -135 28 10  23
T 0  -45 56 30  1
T 1  -5 22 21  2
T 1  3 7 10  26
T 1  -129 154 2  3
T 1  15 14 10  27
T 1  5 28 30  4
T 2  14 143 10  28
T 2  15 143 7  5
T 2  1 33 21  7
T 2  -3 91 10  32
T 2  129 2002 2  8
T 2  -5 77 10  33
T 2  -5 462 30  9
T 3  45 8 10  34
T 3  15 16 30  10
ROW -1 0 10
T 0  -3 28 15  66
T 0  225 28 2  67
T 1  5 22 14  69
T 1  3 77 15  70
T 1  -25 14 2  71
T 2  -21 143 6  73
T 2  -1 33 14  75
T 2  -3 1001 15  76
T 2  25 231 2  77
T 3  -75 8 2  78
ROW -1 1 10
T 0  -129 56 2  51
T 0  45 56 30  52
T 1  5 22 21  54
T 1  129 154 2  56
T 1  -5 28 30  57
T 2  -15 143 7  59
T 2  -1 33 21  61
T 2  -129 2002 2  63
T 2  5 462 30  64
T 3  -15 16 30  65
ROW -1 2 16
T 0  -21 4 1  44
T 0  12 7 7  66
T 0  45 56 210  67
T 1  15 22 3  45
T 1  -5 44 30  69
T 1  21 11 1  46
T 1  -48 77 7  70
T 1  -5 28 210  71
T 2  -5 143 66  47
T 2  -3 143 70  73
T 2  -1 11 3  48
T 2  1 66 30  75
T 2  -21 143 1  49
T 2  48 1001 7  76
T 2  5 462 210  77
T 3  -15 16 210  78
ROW -1 3 16
T 0  -3 1 3  50
T 0  27 28 21  51
T 0  45 28 35  52
T 1  5 22 15  53
T 1  -35 44 2  54
T 1  12 11 3  55
T 1  -27 77 21  56
T 1  -5 14 35  57
T 2  -3 143 165  58
T 2  -15 286 6  59
T 2  -1 33 15  60
T 2  7 66 2  61
T 2  -12 143 3  62
T 2  27 1001 21  63
T 2  5 231 35  64
T 3  -15 8 35  65
ROW -1 4 7
T 0  3 4 3  44
T 1  -15 11 1  45
T 1  -3 11 3  46
T 2  -1 286 4290  72
T 2  -5 286 22  47
T 2  2 11 1  48
T 2  3 143 3  49
ROW -1 5 9
T 0  -3 2 15  50
T 1  -15 44 22  79
T 1  -15 22 3  53
T 1  6 11 15  55
T 2  -1 286 2002  80
T 2  -1 143 33  58
T 2  1 22 22  81
T 2  1 11 3  60
T 2  -6 143 15  62
ROW 0 -5 3
T 1  -15 22 11  68
T 2  -1 143 286  72
T 2  1 11 11  74
ROW 0 -4 6
T 0  9 1 1  50
T 1  -15 22 5  53
T 1  -36 11 1  55
T 2  -4 143 55  58
T 2  1 11 5  60
T 2  36 143 1  62
ROW 0 -3 6
T 0  9 2 1  44
T 1  -5 22 3  45
T 1  -18 11 1  46
T 2  -5 143 66  47
T 2  1 33 3  48
T 2  18 143 1  49
ROW 0 -2 10
T 0  -3 14 21  51
T 0  -45 28 35  52
T 1  5 11 2  54
T 1  6 77 21  56
T 1  5 14 35  57
T 2  -20 143 6  59
T 2  -2 33 2  61
T 2  -6 1001 21  63
T 2  -5 231 35  64
T 3  15 8 35  65
ROW 0 -1 10
T 0  -57 28 6  66
T 0  -45 7 5  67
T 1  5 22 35  69
T 1  57 77 6  70
T 1  10 7 5  71
T 2  -14 143 15  73
T 2  -1 33 35  75
T 2  -57 1001 6  76
T 2  -20 231 5  77
T 3  15 2 5  78
ROW 0 0 10
T 0  -45 7 1  22
T 0  -225 14 1  23
T 1  35 22 1  24
T 1  180 77 1  26
T 1  25 7 1  27
T 2  -56 143 1  28
T 2  -7 33 1  30
T 2  -180 1001 1  32
T 2  -50 231 1  33
T 3  75 4 1  34
ROW 0 1 10
T 0  -57 28 6  11
T 0  -45 7 5  12
T 1  5 22 35  13
T 1  57 77 6  14
T 1  10 7 5  15
T 2  -14 143 15  16
T 2  -1 33 35  18
T 2  -57 1001 6  19
T 2  -20 231 5  20
T 3  15 2 5  21
ROW 0 2 10
T 0  -3 14 21  0
T 0  -45 28 35  1
T 1  5 11 2  2
T 1  6 77 21  3
T 1  5 14 35  4
T 2  -20 143 6  5
T 2  -2 33 2  7
T 2  -6 1001 21  8
T 2  -5 231 35  9
T 3  15 8 35  10
ROW 0 3 6
T 0  9 2 1  84
T 1  -5 22 3  85
T 1  -18 11 1  86
T 2  -5 143 66  87
T 2  1 33 3  88
T 2  18 143 1  89
ROW 0 4 6
T 0  9 1 1  38
T 1  -15 22 5  39
T 1  -36 11 1  40
T 2  -4 143 55  41
T 2  1 11 5  42
T 2  36 143 1  43
ROW 0 5 3
T 1  -15 22 11  35
T 2  -1 143 286  36
T 2  1 11 11  37
ROW 1 -5 9
T 0  3 2 15  50
T 1  -15 44 22  79
T 1  15 22 3  53
T 1  -6 11 15  55
T 2  -1 286 2002  80
T 2  1 143 33  58
T 2  1 22 22  81
T 2  -1 11 3  60
T 2  6 143 15  62
ROW 1 -4 7
T 0  -3 4 3  44
T 1  15 11 1  45
T 1  3 11 3  46
T 2  -1 286 4290  72
T 2  5 286 22  47
T 2  -2 11 1  48
T 2  -3 143 3  49
ROW 1 -3 16
T 0  -3 1 3  50
T 0  -27 28 21  51
T 0  -45 28 35  52
T 1  5 22 15  53
T 1  35 44 2  54
T 1  12 11 3  55
T 1  27 77 21  56
T 1  5 14 35  57
T 2  -3 143 165  58
T 2  15 286 6  59
T 2  -1 33 15  60
T 2  -7 66 2  61
T 2  -12 143 3  62
T 2  -27 1001 21  63
T 2  -5 231 35  64
T 3  15 8 35  65
ROW 1 -2 16
T 0  -21 4 1  44
T 0  -12 7 7  66
T 0  -45 56 210  67
T 1  15 22 3  45
T 1  5 44 30  69
T 1  21 11 1  46
T 1  48 77 7  70
T 1  5 28 210  71
T 2  -5 143 66  47
T 2  3 143 70  73
T 2  -1 11 3  48
T 2  -1 66 30  75
T 2  -21 143 1  49
T 2  -48 1001 7  76
T 2  -5 462 210  77
T 3  15 16 210  78
ROW 1 -1 10
T 0  -129 56 2  51
T 0  45 56 30  52
T 1  5 22 21  54
T 1  129 154 2  56
T 1  -5 28 30  57
T 2  -15 143 7  59
T 2  -1 33 21  61
T 2  -129 2002 2  63
T 2  5 462 30  64
T 3  -15 16 30  65
ROW 1 0 10
T 0  -3 28 15  11
T 0  225 28 2  12
T 1  5 22 14  13
T 1  3 77 15  14
T 1  -25 14 2  15
T 2  -21 143 6  16
T 2  -1 33 14  18
T 2  -3 1001 15  19
T 2  25 231 2  20
T 3  -75 8 2  21
ROW 1 1 18
T 0  -33 28 10  22
T 0  -129 56 2  0
T 0  -135 28 10  23
T 0  45 56 30  1
T 1  5 22 21  2
T 1  3 7 10  26
T 1  129 154 2  3
T 1  15 14 10  27
T 1  -5 28 30  4
T 2  14 143 10  28
T 2  -15 143 7  5
T 2  -1 33 21  7
T 2  -3 91 10  32
T 2  -129 2002 2  8
T 2  -5 77 10  33
T 2  5 462 30  9
T 3  45 8 10  34
T 3  -15 16 30  10
ROW 1 2 16
T 0  -12 7 7  11
T 0  -21 4 1  84
T 0  -45 56 210  12
T 1  5 44 30  13
T 1  15 22 3  85
T 1  48 77 7  14
T 1  21 11 1  86
T 1  5 28 210  15
T 2  3 143 70  16
T 2  -5 143 66  87
T 2  -1 66 30  18
T 2  -1 11 3  88
T 2  -48 1001 7  19
T 2  -21 143 1  89
T 2  -5 462 210  20
T 3  15 16 210  21
ROW 1 3 16
T 0  -27 28 21  0
T 0  -3 1 3  38
T 0  -45 28 35  1
T 1  35 44 2  2
T 1  5 22 15  39
T 1  27 77 21  3
T 1  12 11 3  40
T 1  5 14 35  4
T 2  15 286 6  5
T 2  -3 143 165  41
T 2  -7 66 2  7
T 2  -1 33 15  42
T 2  -27 1001 21  8
T 2  -12 143 3  43
T 2  -5 231 35  9
T 3  15 8 35  10
ROW 1 4 7
T 0  -3 4 3  84
T 1  15 11 1  85
T 1  3 11 3  86
T 2  5 286 22  87
T 2  -1 286 4290  36
T 2  -2 11 1  88
T 2  -3 143 3  89
ROW 1 5 9
T 0  3 2 15  38
T 1  15 22 3  39
T 1  -15 44 22  25
T 1  -6 11 15  40
T 2  1 143 33  41
T 2  -1 286 2002  29
T 2  -1 11 3  42
T 2  1 22 22  31
T 2  6 143 15  43
ROW 2 -5 7
T 0  -15 4 3  44
T 1  -15 22 1  45
T 1  15 11 3  46
T 2  -1 286 6006  82
T 2  -1 286 22  47
T 2  1 11 1  48
T 2  -15 143 3  49
ROW 2 -4 13
T 0  -3 7 105  51
T 0  -135 28 7  52
T 1  15 44 22  79
T 1  -15 44 10  54
T 1  12 77 105  56
T 1  15 14 7  57
T 2  -1 143 2002  80
T 2  -1 143 30  59
T 2  -1 22 22  81
T 2  1 22 10  61
T 2  -12 1001 105  63
T 2  -5 77 7  64
T 3  45 8 7  65
ROW 2 -3 13
T 0  -3 28 105  66
T 0  -45 14 14  67
T 1  5 22 33  68
T 1  -10 11 2  69
T 1  3 77 105  70
T 1  5 7 14  71
T 2  -3 286 858  72
T 2  -3 286 42  73
T 2  -1 33 33  74
T 2  4 33 2  75
T 2  -3 1001 105  76
T 2  -10 231 14  77
T 3  15 4 14  78
ROW 2 -2 6
T 0  3 2 5  50
T 1  15 22 1  53
T 1  -6 11 5  55
T 2  -12 143 11  58
T 2  -1 11 1  60
T 2  6 143 5  62
ROW 2 -1 14
T 0  33 56 70  44
T 0  75 56 10  66
T 0  -45 14 3  67
T 1  -5 22 21  69
T 1  -3 14 70  46
T 1  -75 154 10  70
T 1  5 7 3  71
T 2  -1 143 1155  47
T 2  -21 143 1  73
T 2  1 33 21  75
T 2  3 182 70  49
T 2  75 2002 10  76
T 2  -10 231 3  77
T 3  15 4 3  78
ROW 2 0 10
T 0  30 7 3  0
T 0  -45 28 5  1
T 1  -5 22 14  2
T 1  -120 77 3  3
T 1  5 14 5  4
T 2  -6 143 42  5
T 2  1 33 14  7
T 2  120 1001 3  8
T 2  -5 231 5  9
T 3  15 8 5  10
ROW 2 1 14
T 0  -75 56 10  11
T 0  33 56 70  84
T 0  45 14 3  12
T 1  5 22 21  13
T 1  75 154 10  14
T 1  -3 14 70  86
T 1  -5 7 3  15
T 2  21 143 1  16
T 2  -1 143 1155  87
T 2  -1 33 21  18
T 2  -75 2002 10  19
T 2  3 182 70  89
T 2  10 231 3  20
T 3  -15 4 3  21
ROW 2 2 16
T 0  15 14 7  22
T 0  3 2 5  38
T 0  -135 28 7  23
T 1  -15 22 7  24
T 1  15 22 1  39
T 1  -30 77 7  26
T 1  -6 11 5  40
T 1  15 14 7  27
T 2  -8 143 7  28
T 2  -12 143 11  41
T 2  1 11 7  30
T 2  -1 11 1  42
T 2  30 1001 7  32
T 2  6 143 5  43
T 2  -5 77 7  33
T 3  45 8 7  34
ROW 2 3 13
T 0  -3 28 105  11
T 0  -45 14 14  12
T 1  -10 11 2  13
T 1  5 22 33  35
T 1  3 77 105  14
T 1  5 7 14  15
T 2  -3 286 42  16
T 2  -3 286 858  36
T 2  4 33 2  18
T 2  -1 33 33  37
T 2  -3 1001 105  19
T 2  -10 231 14  20
T 3  15 4 14  21
ROW 2 4 13
T 0  -3 7 105  0
T 0  -135 28 7  1
T 1  -15 44 10  2
T 1  15 44 22  25
T 1  12 77 105  3
T 1  15 14 7  4
T 2  -1 143 30  5
T 2  -1 143 2002  29
T 2  1 22 10  7
T 2  -1 22 22  31
T 2  -12 1001 105  8
T 2  -5 77 7  9
T 3  45 8 7  10
ROW 2 5 7
T 0  -15 4 3  84
T 1  -15 22 1  85
T 1  15 11 3  86
T 2  -1 286 22  87
T 2  -1 286 6006  17
T 2  1 11 1  88
T 2  -15 143 3  89
ROW 3 -5 11
T 0  45 28 7  51
T 0  -45 28 105  52
T 1  5 44 6  54
T 1  -45 77 7  56
T 1  5 14 105  57
T 2  -2 143 1001  83
T 2  1 286 2  59
T 2  -1 66 6  61
T 2  45 1001 7  63
T 2  -5 231 105  64
T 3  15 8 105  65
ROW 3 -4 11
T 0  27 28 35  66
T 0  -45 28 42  67
T 1  5 22 6  69
T 1  -27 77 35  70
T 1  5 14 42  71
T 2  -1 286 10010  82
T 2  1 286 14  73
T 2  -1 33 6  75
T 2  27 1001 35  76
T 2  -5 231 42  77
T 3  15 8 42  78
ROW 3 -3 3
T 1  -5 44 66  79
T 2  -1 286 6006  80
T 2  1 66 66  81
ROW 3 -2 13
T 0  15 28 105  66
T 0  -45 56 14  67
T 1  -5 22 33  68
T 1  35 44 2  69
T 1  -15 77 105  70
T 1  5 28 14  71
T 2  -1 143 858  72
T 2  1 143 42  73
T 2  1 33 33  74
T 2  -7 66 2  75
T 2  15 1001 105  76
T 2  -5 462 14  77
T 3  15 16 14  78
ROW 3 -1 16
T 0  -3 28 210  50
T 0  -45 56 30  51
T 0  45 56 2  52
T 1  -5 22 42  53
T 1  -5 22 35  54
T 1  3 77 210  55
T 1  45 154 30  56
T 1  -5 28 2  57
T 2  -1 143 462  58
T 2  -1 143 105  59
T 2  1 33 42  60
T 2  1 33 35  61
T 2  -3 1001 210  62
T 2  -45 2002 30  63
T 2  5 462 2  64
T 3  -15 16 2  65
ROW 3 0 6
T 0  -45 28 7  84
T 1  -5 11 21  85
T 1  45 77 7  86
T 2  -1 143 462  87
T 2  2 33 21  88
T 2  -45 1001 7  89
ROW 3 1 16
T 0  45 56 30  0
T 0  -3 28 210  38
T 0  -45 56 2  1
T 1  5 22 35  2
T 1  -5 22 42  39
T 1  -45 154 30  3
T 1  3 77 210  40
T 1  5 28 2  4
T 2  1 143 105  5
T 2  -1 143 462  41
T 2  -1 33 35  7
T 2  1 33 42  42
T 2  45 2002 30  8
T 2  -3 1001 210  43
T 2  -5 462 2  9
T 3  15 16 2  10
ROW 3 2 13
T 0  -15 28 105  11
T 0  45 56 14  12
T 1  -35 44 2  13
T 1  -5 22 33  35
T 1  15 77 105  14
T 1  -5 28 14  15
T 2  -1 143 42  16
T 2  -1 143 858  36
T 2  7 66 2  18
T 2  1 33 33  37
T 2  -15 1001 105  19
T 2  5 462 14  20
T 3  -15 16 14  21
ROW 3 3 13
T 0  45 14 7  22
T 0  -45 14 7  23
T 1  5 11 7  24
T 1  -5 44 66  25
T 1  -90 77 7  26
T 1  5 7 7  27
T 2  2 143 7  28
T 2  -1 286 6006  29
T 2  -2 33 7  30
T 2  1 66 66  31
T 2  90 1001 7  32
T 2  -10 231 7  33
T 3  15 4 7  34
ROW 3 4 11
T 0  27 28 35  11
T 0  -45 28 42  12
T 1  5 22 6  13
T 1  -27 77 35  14
T 1  5 14 42  15
T 2  1 286 14  16
T 2  -1 286 10010  17
T 2  -1 33 6  18
T 2  27 1001 35  19
T 2  -5 231 42  20
T 3  15 8 42  21
ROW 3 5 11
T 0  45 28 7  0
T 0  -45 28 105  1
T 1  5 44 6  2
T 1  -45 77 7  3
T 1  5 14 105  4
T 2  1 286 2  5
T 2  -2 143 1001  6
T 2  -1 66 6  7
T 2  45 1001 7  8
T 2  -5 231 105  9
T 3  15 8 105  10
