FORMAT 1
KERNEL S
SOURCE (s|S|s)
SHELLS 3 2

# E <id> <alpha> <beta> <mu> <p>
E 0 0 1 1 -3
E 1 0 1 2 -3
E 2 0 1 0 -3

# G <id> <2k> <L> <M>
G 0 0 3 1
G 1 2 1 1
G 2 0 5 1
G 3 0 5 5
G 4 2 3 1
G 5 4 1 1
G 6 0 1 1
G 7 0 3 2
G 8 0 5 2
G 9 0 5 4
G 10 2 3 2
G 11 0 3 -3
G 12 0 5 -3
G 13 2 3 -3
G 14 0 3 -2
G 15 0 5 -4
G 16 0 5 -2
G 17 2 3 -2
G 18 0 3 -1
G 19 2 1 -1
G 20 0 5 -5
G 21 0 5 -1
G 22 2 3 -1
G 23 4 1 -1
G 24 0 1 -1
G 25 0 3 0
G 26 2 1 0
G 27 0 5 0
G 28 2 3 0
G 29 4 1 0
G 30 0 1 0
G 31 0 3 3
G 32 0 5 3
G 33 2 3 3

# TABLE <l> <l'> <rows> [SYMMETRIC]
# ROW <m> <m'> <terms>
# T <prefactor> <num> <den> <radicand> <geometry>

TABLE 3 2 35
ROW -3 -2 7
T 0  -3 10 5  0
T 0  3 10 30  1
T 1  -1 42 2  2
T 1  1 21 105  3
T 1  1 15 5  4
T 1  -3 70 30  5
T 2  -3 8 30  6
ROW -3 -1 4
T 0  3 4 2  7
T 1  1 42 14  8
T 1  1 21 42  9
T 1  -1 6 2  10
ROW -3 0 3
T 0  -3 2 1  11
T 1  -2 21 7  12
T 1  1 3 1  13
ROW -3 1 4
T 0  3 4 2  14
T 1  -1 21 42  15
T 1  1 42 14  16
T 1  -1 6 2  17
ROW -3 2 7
T 0  -3 10 5  18
T 0  3 10 30  19
T 1  -1 21 105  20
T 1  -1 42 2  21
T 1  1 15 5  22
T 1  -3 70 30  23
T 2  -3 8 30  24
ROW -2 -2 7
T 0  -3 5 5  25
T 0  3 5 5  26
T 1  -1 21 5  27
T 1  1 7 7  9
T 1  2 15 5  28
T 1  -3 35 5  29
T 2  -3 4 5  30
ROW -2 -1 9
T 0  3 20 30  0
T 0  -3 4 2  31
T 0  3 5 5  1
T 1  2 21 3  2
T 1  2 21 14  32
T 1  -1 30 30  4
T 1  1 6 2  33
T 1  -3 35 5  5
T 2  -3 4 5  6
ROW -2 0 1
T 1  -1 7 7  16
ROW -2 1 9
T 0  3 4 2  11
T 0  3 20 30  18
T 0  3 5 5  19
T 1  -2 21 14  12
T 1  2 21 3  21
T 1  -1 6 2  13
T 1  -1 30 30  22
T 1  -3 35 5  23
T 2  -3 4 5  24
ROW -2 2 1
T 1  -1 7 7  15
ROW -1 -2 9
T 0  3 5 3  0
T 0  3 10 5  31
T 0  -3 10 2  1
T 1  1 42 30  2
T 1  1 21 35  32
T 1  -2 15 3  4
T 1  -1 15 5  33
T 1  3 70 2  5
T 2  3 8 2  6
ROW -1 -1 9
T 0  3 10 2  25
T 0  -3 20 30  7
T 0  6 5 2  26
T 1  5 21 2  27
T 1  1 42 210  8
T 1  -1 15 2  28
T 1  1 30 30  10
T 1  -6 35 2  29
T 2  -3 2 2  30
ROW -1 0 6
T 0  9 10 1  18
T 0  3 5 6  19
T 1  -1 7 10  21
T 1  -1 5 1  22
T 1  -3 35 6  23
T 2  -3 4 6  24
ROW -1 1 3
T 0  3 20 30  14
T 1  -1 42 210  16
T 1  -1 30 30  17
ROW -1 2 9
T 0  -3 10 5  11
T 0  -3 5 3  18
T 0  3 10 2  19
T 1  -1 21 35  12
T 1  -1 42 30  21
T 1  1 15 5  13
T 1  2 15 3  22
T 1  -3 70 2  23
T 2  -3 8 2  24
ROW 0 -2 3
T 0  -3 5 5  14
T 1  -1 21 35  16
T 1  2 15 5  17
ROW 0 -1 6
T 0  3 10 2  18
T 0  -3 5 3  19
T 1  -4 21 5  21
T 1  -1 15 2  22
T 1  3 35 3  23
T 2  3 4 3  24
ROW 0 0 6
T 0  6 5 1  25
T 0  9 5 1  26
T 1  -10 21 1  27
T 1  -4 15 1  28
T 1  -9 35 1  29
T 2  -9 4 1  30
ROW 0 1 6
T 0  3 10 2  0
T 0  -3 5 3  1
T 1  -4 21 5  2
T 1  -1 15 2  4
T 1  3 35 3  5
T 2  3 4 3  6
ROW 0 2 3
T 0  -3 5 5  7
T 1  -1 21 35  8
T 1  2 15 5  10
ROW 1 -2 9
T 0  -3 10 5  11
T 0  3 5 3  18
T 0  -3 10 2  19
T 1  -1 21 35  12
T 1  1 42 30  21
T 1  1 15 5  13
T 1  -2 15 3  22
T 1  3 70 2  23
T 2  3 8 2  24
ROW 1 -1 3
T 0  3 20 30  14
T 1  -1 42 210  16
T 1  -1 30 30  17
ROW 1 0 6
T 0  9 10 1  0
T 0  3 5 6  1
T 1  -1 7 10  2
T 1  -1 5 1  4
T 1  -3 35 6  5
T 2  -3 4 6  6
ROW 1 1 9
T 0  3 10 2  25
T 0  3 20 30  7
T 0  6 5 2  26
T 1  5 21 2  27
T 1  -1 42 210  8
T 1  -1 15 2  28
T 1  -1 30 30  10
T 1  -6 35 2  29
T 2  -3 2 2  30
ROW 1 2 9
T 0  3 5 3  0
T 0  -3 10 5  31
T 0  -3 10 2  1
T 1  1 42 30  2
T 1  -1 21 35  32
T 1  -2 15 3  4
T 1  1 15 5  33
T 1  3 70 2  5
T 2  3 8 2  6
ROW 2 -2 1
T 1  -1 7 7  15
ROW 2 -1 9
T 0  3 4 2  11
T 0  -3 20 30  18
T 0  -3 5 5  19
T 1  -2 21 14  12
T 1  -2 21 3  21
T 1  -1 6 2  13
T 1  1 30 30  22
T 1  3 35 5  23
T 2  3 4 5  24
ROW 2 0 1
T 1  -1 7 7  8
ROW 2 1 9
T 0  3 20 30  0
T 0  3 4 2  31
T 0  3 5 5  1
T 1  2 21 3  2
T 1  -2 21 14  32
T 1  -1 30 30  4
T 1  -1 6 2  33
T 1  -3 35 5  5
T 2  -3 4 5  6
ROW 2 2 7
T 0  -3 5 5  25
T 0  3 5 5  26
T 1  -1 21 5  27
T 1  -1 7 7  9
T 1  2 15 5  28
T 1  -3 35 5  29
T 2  -3 4 5  30
ROW 3 -2 7
T 0  3 10 5  18
T 0  -3 10 30  19
T 1  -1 21 105  20
T 1  1 42 2  21
T 1  -1 15 5  22
T 1  3 70 30  23
T 2  3 8 30  24
ROW 3 -1 4
T 0  -3 4 2  14
T 1  -1 21 42  15
T 1  -1 42 14  16
T 1  1 6 2  17
ROW 3 0 3
T 0  -3 2 1  31
T 1  -2 21 7  32
T 1  1 3 1  33
ROW 3 1 4
T 0  3 4 2  7
T 1  1 42 14  8
T 1  -1 21 42  9
T 1  -1 6 2  10
ROW 3 2 7
T 0  -3 10 5  0
T 0  3 10 30  1
T 1  -1 42 2  2
T 1  -1 21 105  3
T 1  1 15 5  4
T 1  -3 70 30  5
T 2  -3 8 30  6
