FORMAT 1
KERNEL S
SOURCE (s|S|s)
SHELLS 2 3

# E <id> <alpha> <beta> <mu> <p>
E 0 1 0 1 -3
E 1 1 0 2 -3
E 2 1 0 0 -3

# G <id> <2k> <L> <M>
G 0 0 3 1
G 1 2 1 1
G 2 0 5 1
G 3 0 5 5
G 4 2 3 1
G 5 4 1 1
G 6 0 1 1
G 7 0 3 0
G 8 2 1 0
G 9 0 5 0
G 10 0 5 4
G 11 2 3 0
G 12 4 1 0
G 13 0 1 0
G 14 0 3 3
G 15 0 5 3
G 16 2 3 3
G 17 0 3 -2
G 18 0 5 -2
G 19 2 3 -2
G 20 0 3 -3
G 21 0 3 -1
G 22 2 1 -1
G 23 0 5 -3
G 24 0 5 -1
G 25 2 3 -3
G 26 2 3 -1
G 27 4 1 -1
G 28 0 1 -1
G 29 0 5 -4
G 30 0 5 -5
G 31 0 3 2
G 32 0 5 2
G 33 2 3 2

# TABLE <l> <l'> <rows> [SYMMETRIC]
# ROW <m> <m'> <terms>
# T <prefactor> <num> <den> <radicand> <geometry>

TABLE 2 3 35
ROW -2 -3 7
T 0  3 10 5  0
T 0  -3 10 30  1
T 1  1 42 2  2
T 1  -1 21 105  3
T 1  -1 15 5  4
T 1  3 70 30  5
T 2  3 8 30  6
ROW -2 -2 7
T 0  3 5 5  7
T 0  -3 5 5  8
T 1  1 21 5  9
T 1  -1 7 7  10
T 1  -2 15 5  11
T 1  3 35 5  12
T 2  3 4 5  13
ROW -2 -1 9
T 0  -3 5 3  0
T 0  -3 10 5  14
T 0  3 10 2  1
T 1  -1 42 30  2
T 1  -1 21 35  15
T 1  2 15 3  4
T 1  1 15 5  16
T 1  -3 70 2  5
T 2  -3 8 2  6
ROW -2 0 3
T 0  3 5 5  17
T 1  1 21 35  18
T 1  -2 15 5  19
ROW -2 1 9
T 0  3 10 5  20
T 0  -3 5 3  21
T 0  3 10 2  22
T 1  1 21 35  23
T 1  -1 42 30  24
T 1  -1 15 5  25
T 1  2 15 3  26
T 1  -3 70 2  27
T 2  -3 8 2  28
ROW -2 2 1
T 1  1 7 7  29
ROW -2 3 7
T 0  -3 10 5  21
T 0  3 10 30  22
T 1  1 21 105  30
T 1  -1 42 2  24
T 1  1 15 5  26
T 1  -3 70 30  27
T 2  -3 8 30  28
ROW -1 -3 4
T 0  -3 4 2  31
T 1  -1 42 14  32
T 1  -1 21 42  10
T 1  1 6 2  33
ROW -1 -2 9
T 0  -3 20 30  0
T 0  3 4 2  14
T 0  -3 5 5  1
T 1  -2 21 3  2
T 1  -2 21 14  15
T 1  1 30 30  4
T 1  -1 6 2  16
T 1  3 35 5  5
T 2  3 4 5  6
ROW -1 -1 9
T 0  -3 10 2  7
T 0  3 20 30  31
T 0  -6 5 2  8
T 1  -5 21 2  9
T 1  -1 42 210  32
T 1  1 15 2  11
T 1  -1 30 30  33
T 1  6 35 2  12
T 2  3 2 2  13
ROW -1 0 6
T 0  -3 10 2  21
T 0  3 5 3  22
T 1  4 21 5  24
T 1  1 15 2  26
T 1  -3 35 3  27
T 2  -3 4 3  28
ROW -1 1 3
T 0  -3 20 30  17
T 1  1 42 210  18
T 1  1 30 30  19
ROW -1 2 9
T 0  -3 4 2  20
T 0  3 20 30  21
T 0  3 5 5  22
T 1  2 21 14  23
T 1  2 21 3  24
T 1  1 6 2  25
T 1  -1 30 30  26
T 1  -3 35 5  27
T 2  -3 4 5  28
ROW -1 3 4
T 0  3 4 2  17
T 1  1 21 42  29
T 1  1 42 14  18
T 1  -1 6 2  19
ROW 0 -3 3
T 0  3 2 1  20
T 1  2 21 7  23
T 1  -1 3 1  25
ROW 0 -2 1
T 1  1 7 7  18
ROW 0 -1 6
T 0  -9 10 1  21
T 0  -3 5 6  22
T 1  1 7 10  24
T 1  1 5 1  26
T 1  3 35 6  27
T 2  3 4 6  28
ROW 0 0 6
T 0  -6 5 1  7
T 0  -9 5 1  8
T 1  10 21 1  9
T 1  4 15 1  11
T 1  9 35 1  12
T 2  9 4 1  13
ROW 0 1 6
T 0  -9 10 1  0
T 0  -3 5 6  1
T 1  1 7 10  2
T 1  1 5 1  4
T 1  3 35 6  5
T 2  3 4 6  6
ROW 0 2 1
T 1  1 7 7  32
ROW 0 3 3
T 0  3 2 1  14
T 1  2 21 7  15
T 1  -1 3 1  16
ROW 1 -3 4
T 0  -3 4 2  17
T 1  1 21 42  29
T 1  -1 42 14  18
T 1  1 6 2  19
ROW 1 -2 9
T 0  -3 4 2  20
T 0  -3 20 30  21
T 0  -3 5 5  22
T 1  2 21 14  23
T 1  -2 21 3  24
T 1  1 6 2  25
T 1  1 30 30  26
T 1  3 35 5  27
T 2  3 4 5  28
ROW 1 -1 3
T 0  -3 20 30  17
T 1  1 42 210  18
T 1  1 30 30  19
ROW 1 0 6
T 0  -3 10 2  0
T 0  3 5 3  1
T 1  4 21 5  2
T 1  1 15 2  4
T 1  -3 35 3  5
T 2  -3 4 3  6
ROW 1 1 9
T 0  -3 10 2  7
T 0  -3 20 30  31
T 0  -6 5 2  8
T 1  -5 21 2  9
T 1  1 42 210  32
T 1  1 15 2  11
T 1  1 30 30  33
T 1  6 35 2  12
T 2  3 2 2  13
ROW 1 2 9
T 0  -3 20 30  0
T 0  -3 4 2  14
T 0  -3 5 5  1
T 1  -2 21 3  2
T 1  2 21 14  15
T 1  1 30 30  4
T 1  1 6 2  16
T 1  3 35 5  5
T 2  3 4 5  6
ROW 1 3 4
T 0  -3 4 2  31
T 1  -1 42 14  32
T 1  1 21 42  10
T 1  1 6 2  33
ROW 2 -3 7
T 0  3 10 5  21
T 0  -3 10 30  22
T 1  1 21 105  30
T 1  1 42 2  24
T 1  -1 15 5  26
T 1  3 70 30  27
T 2  3 8 30  28
ROW 2 -2 1
T 1  1 7 7  29
ROW 2 -1 9
T 0  3 10 5  20
T 0  3 5 3  21
T 0  -3 10 2  22
T 1  1 21 35  23
T 1  1 42 30  24
T 1  -1 15 5  25
T 1  -2 15 3  26
T 1  3 70 2  27
T 2  3 8 2  28
ROW 2 0 3
T 0  3 5 5  31
T 1  1 21 35  32
T 1  -2 15 5  33
ROW 2 1 9
T 0  -3 5 3  0
T 0  3 10 5  14
T 0  3 10 2  1
T 1  -1 42 30  2
T 1  1 21 35  15
T 1  2 15 3  4
T 1  -1 15 5  16
T 1  -3 70 2  5
T 2  -3 8 2  6
ROW 2 2 7
T 0  3 5 5  7
T 0  -3 5 5  8
T 1  1 21 5  9
T 1  1 7 7  10
T 1  -2 15 5  11
T 1  3 35 5  12
T 2  3 4 5  13
ROW 2 3 7
T 0  3 10 5  0
T 0  -3 10 30  1
T 1  1 42 2  2
T 1  1 21 105  3
T 1  -1 15 5  4
T 1  3 70 30  5
T 2  3 8 30  6
