FORMAT 1
KERNEL S
SOURCE (s|S|s)
SHELLS 6 2

# E <id> <alpha> <beta> <mu> <p>
E 0 0 4 1 -6
E 1 0 4 2 -6
E 2 0 4 0 -6

# G <id> <2k> <L> <M>
G 0 0 6 4
G 1 2 4 4
G 2 0 8 4
G 3 0 8 8
G 4 2 6 4
G 5 4 4 4
G 6 0 4 4
G 7 0 6 5
G 8 0 8 5
G 9 0 8 7
G 10 2 6 5
G 11 0 6 -6
G 12 0 8 -6
G 13 2 6 -6
G 14 0 6 -5
G 15 0 8 -7
G 16 0 8 -5
G 17 2 6 -5
G 18 0 6 -4
G 19 2 4 -4
G 20 0 8 -8
G 21 0 8 -4
G 22 2 6 -4
G 23 4 4 -4
G 24 0 4 -4
G 25 0 6 3
G 26 2 4 3
G 27 0 8 3
G 28 2 6 3
G 29 4 4 3
G 30 0 4 3
G 31 0 6 6
G 32 0 8 6
G 33 2 6 6
G 34 0 6 -3
G 35 2 4 -3
G 36 0 8 -3
G 37 2 6 -3
G 38 4 4 -3
G 39 0 4 -3
G 40 0 6 2
G 41 2 4 2
G 42 0 8 2
G 43 2 6 2
G 44 4 4 2
G 45 0 4 2
G 46 0 6 -2
G 47 2 4 -2
G 48 0 8 -2
G 49 2 6 -2
G 50 4 4 -2
G 51 0 4 -2
G 52 0 6 1
G 53 2 4 1
G 54 0 8 1
G 55 2 6 1
G 56 4 4 1
G 57 0 4 1
G 58 0 6 -1
G 59 2 4 -1
G 60 0 8 -1
G 61 2 6 -1
G 62 4 4 -1
G 63 0 4 -1
G 64 0 6 0
G 65 2 4 0
G 66 0 8 0
G 67 2 6 0
G 68 4 4 0
G 69 0 4 0

# TABLE <l> <l'> <rows> [SYMMETRIC]
# ROW <m> <m'> <terms>
# T <prefactor> <num> <den> <radicand> <geometry>

TABLE 6 2 65
ROW -6 -2 7
T 0  3 22 22  0
T 0  -9 22 110  1
T 1  1 130 2  2
T 1  -1 65 910  3
T 1  -1 55 22  4
T 1  9 286 110  5
T 2  9 8 110  6
ROW -6 -1 4
T 0  -3 2 1  7
T 1  -1 130 26  8
T 1  -1 130 910  9
T 1  1 5 1  10
ROW -6 0 3
T 0  3 1 1  11
T 1  1 65 91  12
T 1  -2 5 1  13
ROW -6 1 4
T 0  -3 2 1  14
T 1  1 130 910  15
T 1  -1 130 26  16
T 1  1 5 1  17
ROW -6 2 7
T 0  3 22 22  18
T 0  -9 22 110  19
T 1  1 65 910  20
T 1  1 130 2  21
T 1  -1 55 22  22
T 1  9 286 110  23
T 2  9 8 110  24
ROW -5 -2 7
T 0  3 22 55  25
T 0  -3 11 165  26
T 1  1 130 10  27
T 1  -1 130 2730  9
T 1  -1 55 55  28
T 1  3 143 165  29
T 2  3 4 165  30
ROW -5 -1 9
T 0  -9 44 66  0
T 0  3 2 1  31
T 0  -3 22 330  1
T 1  -2 65 6  2
T 1  -2 65 91  32
T 1  3 110 66  4
T 1  -1 5 1  33
T 1  3 286 330  5
T 2  3 8 330  6
ROW -5 0 3
T 0  3 2 1  14
T 1  3 65 26  16
T 1  -1 5 1  17
ROW -5 1 9
T 0  -3 2 1  11
T 0  -9 44 66  18
T 0  -3 22 330  19
T 1  2 65 91  12
T 1  -2 65 6  21
T 1  1 5 1  13
T 1  3 110 66  22
T 1  3 286 330  23
T 2  3 8 330  24
ROW -5 2 7
T 0  3 22 55  34
T 0  -3 11 165  35
T 1  1 130 2730  15
T 1  1 130 10  36
T 1  -1 55 55  37
T 1  3 143 165  38
T 2  3 4 165  39
ROW -4 -2 9
T 0  9 22 10  40
T 0  -3 22 22  31
T 0  -3 11 105  41
T 1  1 130 30  42
T 1  -1 130 2002  32
T 1  -3 55 10  43
T 1  1 55 22  33
T 1  3 143 105  44
T 2  3 4 105  45
ROW -4 -1 9
T 0  -21 44 10  25
T 0  9 44 66  7
T 0  -6 11 30  26
T 1  -1 65 55  27
T 1  -1 65 429  8
T 1  7 110 10  28
T 1  -3 110 66  10
T 1  6 143 30  29
T 2  3 2 30  30
ROW -4 0 6
T 0  3 11 1  18
T 0  -9 11 5  19
T 1  6 65 11  21
T 1  -2 55 1  22
T 1  9 143 5  23
T 2  9 4 5  24
ROW -4 1 9
T 0  -9 44 66  14
T 0  -21 44 10  34
T 0  -6 11 30  35
T 1  1 65 429  16
T 1  -1 65 55  36
T 1  3 110 66  17
T 1  7 110 10  37
T 1  6 143 30  38
T 2  3 2 30  39
ROW -4 2 9
T 0  3 22 22  11
T 0  9 22 10  46
T 0  -3 11 105  47
T 1  1 130 2002  12
T 1  1 130 30  48
T 1  -1 55 22  13
T 1  -3 55 10  49
T 1  3 143 105  50
T 2  3 4 105  51
ROW -3 -2 9
T 0  3 11 30  52
T 0  -3 22 55  7
T 0  -9 11 7  53
T 1  1 130 70  54
T 1  -1 130 1430  8
T 1  -2 55 30  55
T 1  1 55 55  10
T 1  9 143 7  56
T 2  9 4 7  57
ROW -3 -1 12
T 0  -15 22 3  40
T 0  21 44 10  0
T 0  -9 11 14  41
T 0  -9 22 2  1
T 1  -2 13 1  42
T 1  -2 65 110  2
T 1  1 11 3  43
T 1  -7 110 10  4
T 1  9 143 14  44
T 1  9 286 2  5
T 2  9 4 14  45
T 2  9 8 2  6
ROW -3 0 6
T 0  -15 22 1  34
T 0  -18 11 3  35
T 1  1 13 22  36
T 1  1 11 1  37
T 1  18 143 3  38
T 2  9 2 3  39
ROW -3 1 12
T 0  -21 44 10  18
T 0  -15 22 3  46
T 0  9 22 2  19
T 0  -9 11 14  47
T 1  2 65 110  21
T 1  -2 13 1  48
T 1  7 110 10  22
T 1  1 11 3  49
T 1  -9 286 2  23
T 1  9 143 14  50
T 2  -9 8 2  24
T 2  9 4 14  51
ROW -3 2 9
T 0  3 22 55  14
T 0  3 11 30  58
T 0  -9 11 7  59
T 1  1 130 1430  16
T 1  1 130 70  60
T 1  -1 55 55  17
T 1  -2 55 30  61
T 1  9 143 7  62
T 2  9 4 7  63
ROW -2 -2 12
T 0  3 11 70  64
T 0  -9 22 10  0
T 0  -3 11 70  65
T 0  3 22 2  1
T 1  1 65 70  66
T 1  -3 130 110  2
T 1  -2 55 70  67
T 1  3 55 10  4
T 1  3 143 70  68
T 1  -3 286 2  5
T 2  3 4 70  69
T 2  -3 8 2  6
ROW -2 -1 12
T 0  -3 22 30  52
T 0  15 22 3  25
T 0  -12 11 7  53
T 0  -12 11 1  26
T 1  -3 130 70  54
T 1  -1 26 66  27
T 1  1 55 30  55
T 1  -1 11 3  28
T 1  12 143 7  56
T 1  12 143 1  29
T 2  3 1 7  57
T 2  3 1 1  30
ROW -2 0 6
T 0  -15 11 1  46
T 0  -6 11 42  47
T 1  3 13 3  48
T 1  2 11 1  49
T 1  6 143 42  50
T 2  3 2 42  51
ROW -2 1 12
T 0  -15 22 3  34
T 0  -3 22 30  58
T 0  12 11 1  35
T 0  -12 11 7  59
T 1  1 26 66  36
T 1  -3 130 70  60
T 1  1 11 3  37
T 1  1 55 30  61
T 1  -12 143 1  38
T 1  12 143 7  62
T 2  -3 1 1  39
T 2  3 1 7  63
ROW -2 2 6
T 0  9 22 10  18
T 0  -3 22 2  19
T 1  3 130 110  21
T 1  -3 55 10  22
T 1  3 286 2  23
T 2  3 8 2  24
ROW -1 -2 12
T 0  -21 22 3  52
T 0  -3 11 30  25
T 0  3 22 70  53
T 0  3 22 10  26
T 1  -3 65 7  54
T 1  -1 65 165  27
T 1  7 55 3  55
T 1  2 55 30  28
T 1  -3 286 70  56
T 1  -3 286 10  29
T 2  -3 8 70  57
T 2  -3 8 10  30
ROW -1 -1 12
T 0  -3 22 7  64
T 0  3 22 30  40
T 0  -15 11 7  65
T 0  -3 11 35  41
T 1  -8 65 7  66
T 1  -6 65 10  42
T 1  1 55 7  67
T 1  -1 55 30  43
T 1  15 143 7  68
T 1  3 143 35  44
T 2  15 4 7  69
T 2  3 4 35  45
ROW -1 0 6
T 0  -39 22 1  58
T 0  -3 11 210  59
T 1  6 65 21  60
T 1  13 55 1  61
T 1  3 143 210  62
T 2  3 4 210  63
ROW -1 1 6
T 0  -3 22 30  46
T 0  3 11 35  47
T 1  6 65 10  48
T 1  1 55 30  49
T 1  -3 143 35  50
T 2  -3 4 35  51
ROW -1 2 12
T 0  3 11 30  34
T 0  21 22 3  58
T 0  -3 22 10  35
T 0  -3 22 70  59
T 1  1 65 165  36
T 1  3 65 7  60
T 1  -2 55 30  37
T 1  -7 55 3  61
T 1  3 286 10  38
T 1  3 286 70  62
T 2  3 8 10  39
T 2  3 8 70  63
ROW 0 -2 6
T 0  3 11 70  46
T 0  -3 11 15  47
T 1  1 65 210  48
T 1  -2 55 70  49
T 1  3 143 15  50
T 2  3 4 15  51
ROW 0 -1 6
T 0  -3 22 7  58
T 0  6 11 30  59
T 1  14 65 3  60
T 1  1 55 7  61
T 1  -6 143 30  62
T 2  -3 2 30  63
ROW 0 0 6
T 0  -21 11 1  64
T 0  -45 11 1  65
T 1  28 65 1  66
T 1  14 55 1  67
T 1  45 143 1  68
T 2  45 4 1  69
ROW 0 1 6
T 0  -3 22 7  52
T 0  6 11 30  53
T 1  14 65 3  54
T 1  1 55 7  55
T 1  -6 143 30  56
T 2  -3 2 30  57
ROW 0 2 6
T 0  3 11 70  40
T 0  -3 11 15  41
T 1  1 65 210  42
T 1  -2 55 70  43
T 1  3 143 15  44
T 2  3 4 15  45
ROW 1 -2 12
T 0  3 11 30  34
T 0  -21 22 3  58
T 0  -3 22 10  35
T 0  3 22 70  59
T 1  1 65 165  36
T 1  -3 65 7  60
T 1  -2 55 30  37
T 1  7 55 3  61
T 1  3 286 10  38
T 1  -3 286 70  62
T 2  3 8 10  39
T 2  -3 8 70  63
ROW 1 -1 6
T 0  -3 22 30  46
T 0  3 11 35  47
T 1  6 65 10  48
T 1  1 55 30  49
T 1  -3 143 35  50
T 2  -3 4 35  51
ROW 1 0 6
T 0  -39 22 1  52
T 0  -3 11 210  53
T 1  6 65 21  54
T 1  13 55 1  55
T 1  3 143 210  56
T 2  3 4 210  57
ROW 1 1 12
T 0  -3 22 7  64
T 0  -3 22 30  40
T 0  -15 11 7  65
T 0  3 11 35  41
T 1  -8 65 7  66
T 1  6 65 10  42
T 1  1 55 7  67
T 1  1 55 30  43
T 1  15 143 7  68
T 1  -3 143 35  44
T 2  15 4 7  69
T 2  -3 4 35  45
ROW 1 2 12
T 0  -21 22 3  52
T 0  3 11 30  25
T 0  3 22 70  53
T 0  -3 22 10  26
T 1  -3 65 7  54
T 1  1 65 165  27
T 1  7 55 3  55
T 1  -2 55 30  28
T 1  -3 286 70  56
T 1  3 286 10  29
T 2  -3 8 70  57
T 2  3 8 10  30
ROW 2 -2 6
T 0  9 22 10  18
T 0  -3 22 2  19
T 1  3 130 110  21
T 1  -3 55 10  22
T 1  3 286 2  23
T 2  3 8 2  24
ROW 2 -1 12
T 0  -15 22 3  34
T 0  3 22 30  58
T 0  12 11 1  35
T 0  12 11 7  59
T 1  1 26 66  36
T 1  3 130 70  60
T 1  1 11 3  37
T 1  -1 55 30  61
T 1  -12 143 1  38
T 1  -12 143 7  62
T 2  -3 1 1  39
T 2  -3 1 7  63
ROW 2 0 6
T 0  -15 11 1  40
T 0  -6 11 42  41
T 1  3 13 3  42
T 1  2 11 1  43
T 1  6 143 42  44
T 2  3 2 42  45
ROW 2 1 12
T 0  -3 22 30  52
T 0  -15 22 3  25
T 0  -12 11 7  53
T 0  12 11 1  26
T 1  -3 130 70  54
T 1  1 26 66  27
T 1  1 55 30  55
T 1  1 11 3  28
T 1  12 143 7  56
T 1  -12 143 1  29
T 2  3 1 7  57
T 2  -3 1 1  30
ROW 2 2 12
T 0  3 11 70  64
T 0  9 22 10  0
T 0  -3 11 70  65
T 0  -3 22 2  1
T 1  1 65 70  66
T 1  3 130 110  2
T 1  -2 55 70  67
T 1  -3 55 10  4
T 1  3 143 70  68
T 1  3 286 2  5
T 2  3 4 70  69
T 2  3 8 2  6
ROW 3 -2 9
T 0  3 22 55  14
T 0  -3 11 30  58
T 0  9 11 7  59
T 1  1 130 1430  16
T 1  -1 130 70  60
T 1  -1 55 55  17
T 1  2 55 30  61
T 1  -9 143 7  62
T 2  -9 4 7  63
ROW 3 -1 12
T 0  -21 44 10  18
T 0  15 22 3  46
T 0  9 22 2  19
T 0  9 11 14  47
T 1  2 65 110  21
T 1  2 13 1  48
T 1  7 110 10  22
T 1  -1 11 3  49
T 1  -9 286 2  23
T 1  -9 143 14  50
T 2  -9 8 2  24
T 2  -9 4 14  51
ROW 3 0 6
T 0  -15 22 1  25
T 0  -18 11 3  26
T 1  1 13 22  27
T 1  1 11 1  28
T 1  18 143 3  29
T 2  9 2 3  30
ROW 3 1 12
T 0  -15 22 3  40
T 0  -21 44 10  0
T 0  -9 11 14  41
T 0  9 22 2  1
T 1  -2 13 1  42
T 1  2 65 110  2
T 1  1 11 3  43
T 1  7 110 10  4
T 1  9 143 14  44
T 1  -9 286 2  5
T 2  9 4 14  45
T 2  -9 8 2  6
ROW 3 2 9
T 0  3 11 30  52
T 0  3 22 55  7
T 0  -9 11 7  53
T 1  1 130 70  54
T 1  1 130 1430  8
T 1  -2 55 30  55
T 1  -1 55 55  10
T 1  9 143 7  56
T 2  9 4 7  57
ROW 4 -2 9
T 0  3 22 22  11
T 0  -9 22 10  46
T 0  3 11 105  47
T 1  1 130 2002  12
T 1  -1 130 30  48
T 1  -1 55 22  13
T 1  3 55 10  49
T 1  -3 143 105  50
T 2  -3 4 105  51
ROW 4 -1 9
T 0  -9 44 66  14
T 0  21 44 10  34
T 0  6 11 30  35
T 1  1 65 429  16
T 1  1 65 55  36
T 1  3 110 66  17
T 1  -7 110 10  37
T 1  -6 143 30  38
T 2  -3 2 30  39
ROW 4 0 6
T 0  3 11 1  0
T 0  -9 11 5  1
T 1  6 65 11  2
T 1  -2 55 1  4
T 1  9 143 5  5
T 2  9 4 5  6
ROW 4 1 9
T 0  -21 44 10  25
T 0  -9 44 66  7
T 0  -6 11 30  26
T 1  -1 65 55  27
T 1  1 65 429  8
T 1  7 110 10  28
T 1  3 110 66  10
T 1  6 143 30  29
T 2  3 2 30  30
ROW 4 2 9
T 0  9 22 10  40
T 0  3 22 22  31
T 0  -3 11 105  41
T 1  1 130 30  42
T 1  1 130 2002  32
T 1  -3 55 10  43
T 1  -1 55 22  33
T 1  3 143 105  44
T 2  3 4 105  45
ROW 5 -2 7
T 0  -3 22 55  34
T 0  3 11 165  35
T 1  1 130 2730  15
T 1  -1 130 10  36
T 1  1 55 55  37
T 1  -3 143 165  38
T 2  -3 4 165  39
ROW 5 -1 9
T 0  -3 2 1  11
T 0  9 44 66  18
T 0  3 22 330  19
T 1  2 65 91  12
T 1  2 65 6  21
T 1  1 5 1  13
T 1  -3 110 66  22
T 1  -3 286 330  23
T 2  -3 8 330  24
ROW 5 0 3
T 0  3 2 1  7
T 1  3 65 26  8
T 1  -1 5 1  10
ROW 5 1 9
T 0  -9 44 66  0
T 0  -3 2 1  31
T 0  -3 22 330  1
T 1  -2 65 6  2
T 1  2 65 91  32
T 1  3 110 66  4
T 1  1 5 1  33
T 1  3 286 330  5
T 2  3 8 330  6
ROW 5 2 7
T 0  3 22 55  25
T 0  -3 11 165  26
T 1  1 130 10  27
T 1  1 130 2730  9
T 1  -1 55 55  28
T 1  3 143 165  29
T 2  3 4 165  30
ROW 6 -2 7
T 0  -3 22 22  18
T 0  9 22 110  19
T 1  1 65 910  20
T 1  -1 130 2  21
T 1  1 55 22  22
T 1  -9 286 110  23
T 2  -9 8 110  24
ROW 6 -1 4
T 0  3 2 1  14
T 1  1 130 910  15
T 1  1 130 26  16
T 1  -1 5 1  17
ROW 6 0 3
T 0  3 1 1  31
T 1  1 65 91  32
T 1  -2 5 1  33
ROW 6 1 4
T 0  -3 2 1  7
T 1  -1 130 26  8
T 1  1 130 910  9
T 1  1 5 1  10
ROW 6 2 7
T 0  3 22 22  0
T 0  -9 22 110  1
T 1  1 130 2  2
T 1  1 65 910  3
T 1  -1 55 22  4
T 1  9 286 110  5
T 2  9 8 110  6
