FORMAT 1
KERNEL S
SOURCE (s|S|s)
SHELLS 5 4

# E <id> <alpha> <beta> <mu> <p>
E 0 0 1 1 -5
E 1 0 1 2 -5
E 2 0 1 3 -5
E 3 0 1 4 -5
E 4 0 1 0 -5

# G <id> <2k> <L> <M>
G 0 0 3 1
G 1 2 1 1
G 2 0 5 1
G 3 2 3 1
G 4 4 1 1
G 5 0 7 1
G 6 2 5 1
G 7 4 3 1
G 8 6 1 1
G 9 0 9 1
G 10 0 9 9
G 11 2 7 1
G 12 4 5 1
G 13 6 3 1
G 14 8 1 1
G 15 0 1 1
G 16 0 3 2
G 17 0 5 2
G 18 2 3 2
G 19 0 7 2
G 20 2 5 2
G 21 4 3 2
G 22 0 9 2
G 23 0 9 8
G 24 2 7 2
G 25 4 5 2
G 26 6 3 2
G 27 0 3 3
G 28 0 5 3
G 29 2 3 3
G 30 0 7 3
G 31 0 7 7
G 32 2 5 3
G 33 4 3 3
G 34 0 9 3
G 35 0 9 7
G 36 2 7 3
G 37 2 7 7
G 38 4 5 3
G 39 6 3 3
G 40 0 5 4
G 41 0 7 4
G 42 0 7 6
G 43 2 5 4
G 44 0 9 4
G 45 0 9 6
G 46 2 7 4
G 47 2 7 6
G 48 4 5 4
G 49 0 5 -5
G 50 0 7 -5
G 51 2 5 -5
G 52 0 9 -5
G 53 2 7 -5
G 54 4 5 -5
G 55 0 5 -4
G 56 0 7 -6
G 57 0 7 -4
G 58 2 5 -4
G 59 0 9 -6
G 60 0 9 -4
G 61 2 7 -6
G 62 2 7 -4
G 63 4 5 -4
G 64 0 3 -3
G 65 0 5 -3
G 66 2 3 -3
G 67 0 7 -7
G 68 0 7 -3
G 69 2 5 -3
G 70 4 3 -3
G 71 0 9 -7
G 72 0 9 -3
G 73 2 7 -7
G 74 2 7 -3
G 75 4 5 -3
G 76 6 3 -3
G 77 0 3 -2
G 78 0 5 -2
G 79 2 3 -2
G 80 0 7 -2
G 81 2 5 -2
G 82 4 3 -2
G 83 0 9 -8
G 84 0 9 -2
G 85 2 7 -2
G 86 4 5 -2
G 87 6 3 -2
G 88 0 3 -1
G 89 2 1 -1
G 90 0 5 -1
G 91 2 3 -1
G 92 4 1 -1
G 93 0 7 -1
G 94 2 5 -1
G 95 4 3 -1
G 96 6 1 -1
G 97 0 9 -9
G 98 0 9 -1
G 99 2 7 -1
G 100 4 5 -1
G 101 6 3 -1
G 102 8 1 -1
G 103 0 1 -1
G 104 0 3 0
G 105 2 1 0
G 106 0 5 0
G 107 2 3 0
G 108 4 1 0
G 109 0 7 0
G 110 2 5 0
G 111 4 3 0
G 112 6 1 0
G 113 0 9 0
G 114 2 7 0
G 115 4 5 0
G 116 6 3 0
G 117 8 1 0
G 118 0 1 0
G 119 0 5 5
G 120 0 7 5
G 121 2 5 5
G 122 0 9 5
G 123 2 7 5
G 124 4 5 5

# TABLE <l> <l'> <rows> [SYMMETRIC]
# ROW <m> <m'> <terms>
# T <prefactor> <num> <den> <radicand> <geometry>

TABLE 5 4 99
ROW -5 -4 16
T 0  -21 4 15  0
T 0  63 4 10  1
T 1  -5 4 6  2
T 1  7 2 15  3
T 1  -27 4 10  4
T 2  -5 286 70  5
T 2  5 13 6  6
T 2  -7 11 15  7
T 2  1 1 10  8
T 3  -7 4862 2  9
T 3  21 2431 2431  10
T 3  5 2431 70  11
T 3  -1 39 6  12
T 3  14 429 15  13
T 3  -1 22 10  14
T 4  -315 32 10  15
ROW -5 -3 11
T 0  105 8 3  16
T 1  5 4 21  17
T 1  -35 4 3  18
T 2  15 572 210  19
T 2  -5 13 21  20
T 2  35 22 3  21
T 3  7 4862 22  22
T 3  14 2431 2431  23
T 3  -15 4862 210  24
T 3  1 39 21  25
T 3  -35 429 3  26
ROW -5 -2 13
T 0  -45 8 7  27
T 1  -15 2 1  28
T 1  15 4 7  29
T 2  -75 572 30  30
T 2  5 572 30030  31
T 2  30 13 1  32
T 2  -15 22 7  33
T 3  -7 2431 33  34
T 3  14 2431 1001  35
T 3  75 4862 30  36
T 3  -5 4862 30030  37
T 3  -2 13 1  38
T 3  5 143 7  39
ROW -5 -1 9
T 1  15 2 1  40
T 2  25 286 165  41
T 2  15 572 4290  42
T 2  -30 13 1  43
T 3  7 2431 143  44
T 3  7 4862 6006  45
T 3  -25 2431 165  46
T 3  -15 4862 4290  47
T 3  2 13 1  48
ROW -5 0 6
T 1  -15 2 1  49
T 2  -75 286 66  50
T 2  30 13 1  51
T 3  -7 2431 1001  52
T 3  75 2431 66  53
T 3  -2 13 1  54
ROW -5 1 9
T 1  15 2 1  55
T 2  -15 572 4290  56
T 2  25 286 165  57
T 2  -30 13 1  58
T 3  -7 4862 6006  59
T 3  7 2431 143  60
T 3  15 4862 4290  61
T 3  -25 2431 165  62
T 3  2 13 1  63
ROW -5 2 13
T 0  -45 8 7  64
T 1  -15 2 1  65
T 1  15 4 7  66
T 2  -5 572 30030  67
T 2  -75 572 30  68
T 2  30 13 1  69
T 2  -15 22 7  70
T 3  -14 2431 1001  71
T 3  -7 2431 33  72
T 3  5 4862 30030  73
T 3  75 4862 30  74
T 3  -2 13 1  75
T 3  5 143 7  76
ROW -5 3 11
T 0  105 8 3  77
T 1  5 4 21  78
T 1  -35 4 3  79
T 2  15 572 210  80
T 2  -5 13 21  81
T 2  35 22 3  82
T 3  -14 2431 2431  83
T 3  7 4862 22  84
T 3  -15 4862 210  85
T 3  1 39 21  86
T 3  -35 429 3  87
ROW -5 4 16
T 0  -21 4 15  88
T 0  63 4 10  89
T 1  -5 4 6  90
T 1  7 2 15  91
T 1  -27 4 10  92
T 2  -5 286 70  93
T 2  5 13 6  94
T 2  -7 11 15  95
T 2  1 1 10  96
T 3  -21 2431 2431  97
T 3  -7 4862 2  98
T 3  5 2431 70  99
T 3  -1 39 6  100
T 3  14 429 15  101
T 3  -1 22 10  102
T 4  -315 32 10  103
ROW -4 -4 16
T 0  -63 2 1  104
T 0  63 2 1  105
T 1  -15 2 1  106
T 1  21 1 1  107
T 1  -27 2 1  108
T 2  -70 143 1  109
T 2  30 13 1  110
T 2  -42 11 1  111
T 2  2 1 1  112
T 3  -21 2431 1  113
T 3  7 2431 12155  23
T 3  140 2431 1  114
T 3  -2 13 1  115
T 3  28 143 1  116
T 3  -1 11 1  117
T 4  -315 16 1  118
ROW -4 -3 18
T 0  21 8 3  0
T 0  63 2 2  1
T 1  5 4 30  2
T 1  -7 4 3  3
T 1  -27 2 2  4
T 2  115 572 14  5
T 2  -35 572 858  31
T 2  -5 13 30  6
T 2  7 22 3  7
T 2  2 1 2  8
T 3  14 2431 10  9
T 3  28 2431 715  35
T 3  -115 4862 14  11
T 3  35 4862 858  37
T 3  1 39 30  12
T 3  -7 429 3  13
T 3  -1 11 2  14
T 4  -315 16 2  15
ROW -4 -2 13
T 0  3 2 105  16
T 1  -5 4 15  17
T 1  -1 1 105  18
T 2  -135 286 6  19
T 2  -5 286 858  42
T 2  5 13 15  20
T 2  2 11 105  21
T 3  -7 4862 770  22
T 3  7 4862 30030  45
T 3  135 2431 6  24
T 3  5 2431 858  47
T 3  -1 39 15  25
T 3  -4 429 105  26
ROW -4 -1 13
T 0  -27 8 35  27
T 1  -15 2 1  119
T 1  9 4 35  29
T 2  25 44 6  30
T 2  45 572 66  120
T 2  30 13 1  121
T 2  -9 22 35  33
T 3  14 2431 165  34
T 3  14 2431 1001  122
T 3  -25 374 6  36
T 3  -45 4862 66  123
T 3  -2 13 1  124
T 3  3 143 35  39
ROW -4 0 6
T 1  15 2 1  55
T 2  -20 143 165  57
T 2  -30 13 1  58
T 3  -35 2431 143  60
T 3  40 2431 165  62
T 3  2 13 1  63
ROW -4 1 13
T 0  -27 8 35  64
T 1  15 2 1  49
T 1  9 4 35  66
T 2  -45 572 66  50
T 2  25 44 6  68
T 2  -30 13 1  51
T 2  -9 22 35  70
T 3  -14 2431 1001  52
T 3  14 2431 165  72
T 3  45 4862 66  53
T 3  -25 374 6  74
T 3  2 13 1  54
T 3  3 143 35  76
ROW -4 2 13
T 0  3 2 105  77
T 1  -5 4 15  78
T 1  -1 1 105  79
T 2  5 286 858  56
T 2  -135 286 6  80
T 2  5 13 15  81
T 2  2 11 105  82
T 3  -7 4862 30030  59
T 3  -7 4862 770  84
T 3  -5 2431 858  61
T 3  135 2431 6  85
T 3  -1 39 15  86
T 3  -4 429 105  87
ROW -4 3 18
T 0  21 8 3  88
T 0  63 2 2  89
T 1  5 4 30  90
T 1  -7 4 3  91
T 1  -27 2 2  92
T 2  35 572 858  67
T 2  115 572 14  93
T 2  -5 13 30  94
T 2  7 22 3  95
T 2  2 1 2  96
T 3  -28 2431 715  71
T 3  14 2431 10  98
T 3  -35 4862 858  73
T 3  -115 4862 14  99
T 3  1 39 30  100
T 3  -7 429 3  101
T 3  -1 11 2  102
T 4  -315 16 2  103
ROW -4 4 1
T 3  -7 2431 12155  83
ROW -3 -4 18
T 0  21 2 3  0
T 0  -21 4 2  1
T 1  5 4 30  2
T 1  -7 1 3  3
T 1  9 4 2  4
T 2  70 429 14  5
T 2  35 858 858  31
T 2  -5 13 30  6
T 2  14 11 3  7
T 2  -1 3 2  8
T 3  21 4862 10  9
T 3  21 2431 715  35
T 3  -140 7293 14  11
T 3  -35 7293 858  37
T 3  1 39 30  12
T 3  -28 429 3  13
T 3  1 66 2  14
T 4  105 32 2  15
ROW -3 -3 18
T 0  -63 4 1  104
T 0  42 1 1  105
T 1  15 2 1  106
T 1  21 2 1  107
T 1  -18 1 1  108
T 2  665 429 1  109
T 2  -25 1716 6006  42
T 2  -30 13 1  110
T 2  -21 11 1  111
T 2  8 3 1  112
T 3  126 2431 1  113
T 3  21 4862 4290  45
T 3  -1330 7293 1  114
T 3  25 14586 6006  47
T 3  2 13 1  115
T 3  14 143 1  116
T 3  -4 33 1  117
T 4  -105 4 1  118
ROW -3 -2 18
T 0  27 8 21  0
T 0  21 2 14  1
T 1  15 2 1  119
T 1  -9 4 21  3
T 1  -9 2 14  4
T 2  -125 132 2  5
T 2  -265 1716 66  120
T 2  -30 13 1  121
T 2  9 22 21  7
T 2  2 3 14  8
T 3  -21 2431 70  9
T 3  21 2431 1001  122
T 3  125 1122 2  11
T 3  265 14586 66  123
T 3  2 13 1  124
T 3  -3 143 21  13
T 3  -1 33 14  14
T 4  -105 16 14  15
ROW -3 -1 13
T 0  3 8 105  16
T 1  -5 4 15  17
T 1  -1 4 105  18
T 2  815 1716 6  19
T 2  -5 66 33  41
T 2  5 13 15  20
T 2  1 22 105  21
T 3  21 4862 770  22
T 3  21 2431 715  44
T 3  -815 14586 6  24
T 3  5 561 33  46
T 3  -1 39 15  25
T 3  -1 429 105  26
ROW -3 0 10
T 0  -45 4 7  64
T 1  15 2 1  65
T 1  15 2 7  66
T 2  -115 858 30  68
T 2  -30 13 1  69
T 2  -15 11 7  70
T 3  -105 2431 33  72
T 3  115 7293 30  74
T 3  2 13 1  75
T 3  10 143 7  76
ROW -3 1 13
T 0  3 8 105  77
T 1  -5 4 15  78
T 1  -1 4 105  79
T 2  5 66 33  57
T 2  815 1716 6  80
T 2  5 13 15  81
T 2  1 22 105  82
T 3  -21 2431 715  60
T 3  21 4862 770  84
T 3  -5 561 33  62
T 3  -815 14586 6  85
T 3  -1 39 15  86
T 3  -1 429 105  87
ROW -3 2 18
T 0  27 8 21  88
T 0  21 2 14  89
T 1  -15 2 1  49
T 1  -9 4 21  91
T 1  -9 2 14  92
T 2  265 1716 66  50
T 2  -125 132 2  93
T 2  30 13 1  51
T 2  9 22 21  95
T 2  2 3 14  96
T 3  -21 2431 1001  52
T 3  -21 2431 70  98
T 3  -265 14586 66  53
T 3  125 1122 2  99
T 3  -2 13 1  54
T 3  -3 143 21  101
T 3  -1 33 14  102
T 4  -105 16 14  103
ROW -3 3 3
T 2  25 1716 6006  56
T 3  -21 4862 4290  59
T 3  -25 14586 6006  61
ROW -3 4 18
T 0  -21 2 3  88
T 0  21 4 2  89
T 1  -5 4 30  90
T 1  7 1 3  91
T 1  -9 4 2  92
T 2  -35 858 858  67
T 2  -70 429 14  93
T 2  5 13 30  94
T 2  -14 11 3  95
T 2  1 3 2  96
T 3  -21 2431 715  71
T 3  -21 4862 10  98
T 3  35 7293 858  73
T 3  140 7293 14  99
T 3  -1 39 30  100
T 3  28 429 3  101
T 3  -1 66 2  102
T 4  -105 32 2  103
ROW -2 -4 13
T 0  -21 4 5  16
T 1  -5 4 35  17
T 1  7 2 5  18
T 2  -35 143 14  19
T 2  5 143 2002  42
T 2  5 13 35  20
T 2  -7 11 5  21
T 3  -7 4862 330  22
T 3  21 4862 1430  45
T 3  70 2431 14  24
T 3  -10 2431 2002  47
T 3  -1 39 35  25
T 3  14 429 5  26
ROW -2 -3 21
T 0  147 8 1  0
T 0  -21 4 6  1
T 1  -5 8 10  2
T 1  -5 4 21  119
T 1  -49 4 1  3
T 1  9 4 6  4
T 2  -175 858 42  5
T 2  -5 286 154  120
T 2  5 26 10  6
T 2  5 13 21  121
T 2  49 22 1  7
T 2  -1 3 6  8
T 3  -28 2431 30  9
T 3  28 2431 429  122
T 3  175 7293 42  11
T 3  5 2431 154  123
T 3  -1 78 10  12
T 3  -1 39 21  124
T 3  -49 429 1  13
T 3  1 66 6  14
T 4  105 32 6  15
ROW -2 -2 21
T 0  3 4 21  104
T 0  21 2 21  105
T 1  5 4 21  106
T 1  5 4 15  40
T 1  -1 2 21  107
T 1  -9 2 21  108
T 2  -160 429 21  109
T 2  -50 143 11  41
T 2  -5 13 21  110
T 2  -5 13 15  43
T 2  1 11 21  111
T 2  2 3 21  112
T 3  -84 2431 21  113
T 3  14 2431 2145  44
T 3  320 7293 21  114
T 3  100 2431 11  46
T 3  1 39 21  115
T 3  1 39 15  48
T 3  -2 429 21  116
T 3  -1 33 21  117
T 4  -105 16 21  118
ROW -2 -1 25
T 0  6 1 7  0
T 0  -15 8 105  27
T 0  21 4 42  1
T 1  -5 8 70  2
T 1  5 4 15  28
T 1  -4 1 7  3
T 1  5 4 105  29
T 1  -9 4 42  4
T 2  205 858 6  5
T 2  -215 286 2  30
T 2  5 26 70  6
T 2  -5 13 15  32
T 2  8 11 7  7
T 2  -5 22 105  33
T 2  1 3 42  8
T 3  28 2431 210  9
T 3  84 2431 55  34
T 3  -205 7293 6  11
T 3  215 2431 2  36
T 3  -1 78 70  12
T 3  1 39 15  38
T 3  -16 429 7  13
T 3  5 429 105  39
T 3  -1 66 42  14
T 4  -105 32 42  15
ROW -2 0 10
T 0  -15 4 7  77
T 1  5 4 1  78
T 1  5 2 7  79
T 2  20 143 10  80
T 2  -5 13 1  81
T 2  -5 11 7  82
T 3  -35 2431 462  84
T 3  -40 2431 10  85
T 3  1 39 1  86
T 3  10 429 7  87
ROW -2 1 25
T 0  15 8 105  64
T 0  6 1 7  88
T 0  21 4 42  89
T 1  -5 4 15  65
T 1  -5 8 70  90
T 1  -5 4 105  66
T 1  -4 1 7  91
T 1  -9 4 42  92
T 2  215 286 2  68
T 2  205 858 6  93
T 2  5 13 15  69
T 2  5 26 70  94
T 2  5 22 105  70
T 2  8 11 7  95
T 2  1 3 42  96
T 3  -84 2431 55  72
T 3  28 2431 210  98
T 3  -215 2431 2  74
T 3  -205 7293 6  99
T 3  -1 39 15  75
T 3  -1 78 70  100
T 3  -5 429 105  76
T 3  -16 429 7  101
T 3  -1 66 42  102
T 4  -105 32 42  103
ROW -2 2 6
T 1  -5 4 15  55
T 2  50 143 11  57
T 2  5 13 15  58
T 3  -14 2431 2145  60
T 3  -100 2431 11  62
T 3  -1 39 15  63
ROW -2 3 21
T 0  -147 8 1  88
T 0  21 4 6  89
T 1  5 4 21  49
T 1  5 8 10  90
T 1  49 4 1  91
T 1  -9 4 6  92
T 2  5 286 154  50
T 2  175 858 42  93
T 2  -5 13 21  51
T 2  -5 26 10  94
T 2  -49 22 1  95
T 2  1 3 6  96
T 3  -28 2431 429  52
T 3  28 2431 30  98
T 3  -5 2431 154  53
T 3  -175 7293 42  99
T 3  1 39 21  54
T 3  1 78 10  100
T 3  49 429 1  101
T 3  -1 66 6  102
T 4  -105 32 6  103
ROW -2 4 13
T 0  21 4 5  77
T 1  5 4 35  78
T 1  -7 2 5  79
T 2  -5 143 2002  56
T 2  35 143 14  80
T 2  -5 13 35  81
T 2  7 11 5  82
T 3  -21 4862 1430  59
T 3  7 4862 330  84
T 3  10 2431 2002  61
T 3  -70 2431 14  85
T 3  1 39 35  86
T 3  -14 429 5  87
ROW -1 -4 16
T 0  3 8 210  27
T 1  5 4 30  28
T 1  5 4 6  119
T 1  -1 4 210  29
T 2  175 143 1  30
T 2  70 143 11  120
T 2  -5 13 30  32
T 2  -5 13 6  121
T 2  1 22 210  33
T 3  21 4862 110  34
T 3  7 4862 6006  122
T 3  -350 2431 1  36
T 3  -140 2431 11  123
T 3  1 39 30  38
T 3  1 39 6  124
T 3  -1 429 210  39
ROW -1 -3 16
T 0  -33 16 70  16
T 1  -5 8 10  17
T 1  -5 4 30  40
T 1  11 8 70  18
T 2  35 26 1  19
T 2  35 286 22  41
T 2  5 26 10  20
T 2  5 13 30  43
T 2  -1 4 70  21
T 3  7 2431 1155  22
T 3  7 2431 4290  44
T 3  -35 221 1  24
T 3  -35 2431 22  46
T 3  -1 78 10  25
T 3  -1 39 30  48
T 3  1 78 70  26
ROW -1 -2 22
T 0  129 16 2  0
T 0  45 16 30  27
T 0  -21 2 3  1
T 1  -5 2 5  2
T 1  -43 8 2  3
T 1  -15 8 30  29
T 1  9 2 3  4
T 2  145 858 21  5
T 2  -5 22 7  30
T 2  10 13 5  6
T 2  43 44 2  7
T 2  15 44 30  33
T 2  -2 3 3  8
T 3  98 2431 15  9
T 3  21 2431 770  34
T 3  -145 7293 21  11
T 3  5 187 7  36
T 3  -2 39 5  12
T 3  -43 858 2  13
T 3  -5 286 30  39
T 3  1 33 3  14
T 4  105 16 3  15
ROW -1 -1 25
T 0  57 8 6  104
T 0  -75 16 10  16
T 0  21 1 6  105
T 1  -5 4 6  106
T 1  5 8 70  17
T 1  -19 4 6  107
T 1  25 8 10  18
T 1  -9 1 6  108
T 2  -35 429 6  109
T 2  -125 286 7  19
T 2  5 13 6  110
T 2  -5 26 70  20
T 2  19 22 6  111
T 2  -25 44 10  21
T 2  4 3 6  112
T 3  294 2431 6  113
T 3  49 2431 165  22
T 3  70 7293 6  114
T 3  125 2431 7  24
T 3  -1 39 6  115
T 3  1 78 70  25
T 3  -19 429 6  116
T 3  25 858 10  26
T 3  -2 33 6  117
T 4  -105 8 6  118
ROW -1 0 15
T 0  33 8 10  88
T 0  21 2 15  89
T 1  -5 1 1  90
T 1  -11 4 10  91
T 1  -9 2 15  92
T 2  5 39 105  93
T 2  20 13 1  94
T 2  1 2 10  95
T 2  2 3 15  96
T 3  -490 2431 3  98
T 3  -10 663 105  99
T 3  -4 39 1  100
T 3  -1 39 10  101
T 3  -1 33 15  102
T 4  -105 16 15  103
ROW -1 1 10
T 0  75 16 10  77
T 1  -5 8 70  78
T 1  -25 8 10  79
T 2  125 286 7  80
T 2  5 26 70  81
T 2  25 44 10  82
T 3  -49 2431 165  84
T 3  -125 2431 7  85
T 3  -1 78 70  86
T 3  -25 858 10  87
ROW -1 2 22
T 0  -45 16 30  64
T 0  -129 16 2  88
T 0  21 2 3  89
T 1  5 2 5  90
T 1  15 8 30  66
T 1  43 8 2  91
T 1  -9 2 3  92
T 2  5 22 7  68
T 2  -145 858 21  93
T 2  -10 13 5  94
T 2  -15 44 30  70
T 2  -43 44 2  95
T 2  2 3 3  96
T 3  -21 2431 770  72
T 3  -98 2431 15  98
T 3  -5 187 7  74
T 3  145 7293 21  99
T 3  2 39 5  100
T 3  5 286 30  76
T 3  43 858 2  101
T 3  -1 33 3  102
T 4  -105 16 3  103
ROW -1 3 16
T 0  33 16 70  77
T 1  5 4 30  55
T 1  5 8 10  78
T 1  -11 8 70  79
T 2  -35 286 22  57
T 2  -35 26 1  80
T 2  -5 13 30  58
T 2  -5 26 10  81
T 2  1 4 70  82
T 3  -7 2431 4290  60
T 3  -7 2431 1155  84
T 3  35 2431 22  62
T 3  35 221 1  85
T 3  1 39 30  63
T 3  1 78 10  86
T 3  -1 78 70  87
ROW -1 4 16
T 0  -3 8 210  64
T 1  -5 4 6  49
T 1  -5 4 30  65
T 1  1 4 210  66
T 2  -70 143 11  50
T 2  -175 143 1  68
T 2  5 13 6  51
T 2  5 13 30  69
T 2  -1 22 210  70
T 3  -7 4862 6006  52
T 3  -21 4862 110  72
T 3  140 2431 11  53
T 3  350 2431 1  74
T 3  -1 39 6  54
T 3  -1 39 30  75
T 3  1 429 210  76
ROW 0 -4 6
T 1  -15 2 1  55
T 2  -70 429 165  57
T 2  30 13 1  58
T 3  -21 2431 143  60
T 3  140 7293 165  62
T 3  -2 13 1  63
ROW 0 -3 10
T 0  45 8 7  64
T 1  15 2 1  65
T 1  -15 4 7  66
T 2  -245 858 30  68
T 2  -30 13 1  69
T 2  15 22 7  70
T 3  -84 2431 33  72
T 3  245 7293 30  74
T 3  2 13 1  75
T 3  -5 143 7  76
ROW 0 -2 10
T 0  -15 1 3  77
T 1  5 4 21  78
T 1  10 1 3  79
T 2  -5 429 210  80
T 2  -5 13 21  81
T 2  -20 11 3  82
T 3  -147 2431 22  84
T 3  10 7293 210  85
T 3  1 39 21  86
T 3  40 429 3  87
ROW 0 -1 15
T 0  3 8 15  88
T 0  -21 2 10  89
T 1  -5 4 6  90
T 1  -1 4 15  91
T 1  9 2 10  92
T 2  115 858 70  93
T 2  5 13 6  94
T 2  1 22 15  95
T 2  -2 3 10  96
T 3  -588 2431 2  98
T 3  -115 7293 70  99
T 3  -1 39 6  100
T 3  -1 429 15  101
T 3  1 33 10  102
T 4  105 16 10  103
ROW 0 0 15
T 0  45 2 1  104
T 0  105 2 1  105
T 1  -15 2 1  106
T 1  -15 1 1  107
T 1  -45 2 1  108
T 2  700 429 1  109
T 2  30 13 1  110
T 2  30 11 1  111
T 2  10 3 1  112
T 3  -882 2431 1  113
T 3  -1400 7293 1  114
T 3  -2 13 1  115
T 3  -20 143 1  116
T 3  -5 33 1  117
T 4  -525 16 1  118
ROW 0 1 15
T 0  3 8 15  0
T 0  -21 2 10  1
T 1  -5 4 6  2
T 1  -1 4 15  3
T 1  9 2 10  4
T 2  115 858 70  5
T 2  5 13 6  6
T 2  1 22 15  7
T 2  -2 3 10  8
T 3  -588 2431 2  9
T 3  -115 7293 70  11
T 3  -1 39 6  12
T 3  -1 429 15  13
T 3  1 33 10  14
T 4  105 16 10  15
ROW 0 2 10
T 0  -15 1 3  16
T 1  5 4 21  17
T 1  10 1 3  18
T 2  -5 429 210  19
T 2  -5 13 21  20
T 2  -20 11 3  21
T 3  -147 2431 22  22
T 3  10 7293 210  24
T 3  1 39 21  25
T 3  40 429 3  26
ROW 0 3 10
T 0  45 8 7  27
T 1  15 2 1  28
T 1  -15 4 7  29
T 2  -245 858 30  30
T 2  -30 13 1  32
T 2  15 22 7  33
T 3  -84 2431 33  34
T 3  245 7293 30  36
T 3  2 13 1  38
T 3  -5 143 7  39
ROW 0 4 6
T 1  -15 2 1  40
T 2  -70 429 165  41
T 2  30 13 1  43
T 3  -21 2431 143  44
T 3  140 7293 165  46
T 3  -2 13 1  48
ROW 1 -4 16
T 0  3 8 210  64
T 1  -5 4 6  49
T 1  5 4 30  65
T 1  -1 4 210  66
T 2  -70 143 11  50
T 2  175 143 1  68
T 2  5 13 6  51
T 2  -5 13 30  69
T 2  1 22 210  70
T 3  -7 4862 6006  52
T 3  21 4862 110  72
T 3  140 2431 11  53
T 3  -350 2431 1  74
T 3  -1 39 6  54
T 3  1 39 30  75
T 3  -1 429 210  76
ROW 1 -3 16
T 0  -33 16 70  77
T 1  5 4 30  55
T 1  -5 8 10  78
T 1  11 8 70  79
T 2  -35 286 22  57
T 2  35 26 1  80
T 2  -5 13 30  58
T 2  5 26 10  81
T 2  -1 4 70  82
T 3  -7 2431 4290  60
T 3  7 2431 1155  84
T 3  35 2431 22  62
T 3  -35 221 1  85
T 3  1 39 30  63
T 3  -1 78 10  86
T 3  1 78 70  87
ROW 1 -2 22
T 0  -45 16 30  64
T 0  129 16 2  88
T 0  -21 2 3  89
T 1  -5 2 5  90
T 1  15 8 30  66
T 1  -43 8 2  91
T 1  9 2 3  92
T 2  5 22 7  68
T 2  145 858 21  93
T 2  10 13 5  94
T 2  -15 44 30  70
T 2  43 44 2  95
T 2  -2 3 3  96
T 3  -21 2431 770  72
T 3  98 2431 15  98
T 3  -5 187 7  74
T 3  -145 7293 21  99
T 3  -2 39 5  100
T 3  5 286 30  76
T 3  -43 858 2  101
T 3  1 33 3  102
T 4  105 16 3  103
ROW 1 -1 10
T 0  75 16 10  77
T 1  -5 8 70  78
T 1  -25 8 10  79
T 2  125 286 7  80
T 2  5 26 70  81
T 2  25 44 10  82
T 3  -49 2431 165  84
T 3  -125 2431 7  85
T 3  -1 78 70  86
T 3  -25 858 10  87
ROW 1 0 15
T 0  33 8 10  0
T 0  21 2 15  1
T 1  -5 1 1  2
T 1  -11 4 10  3
T 1  -9 2 15  4
T 2  5 39 105  5
T 2  20 13 1  6
T 2  1 2 10  7
T 2  2 3 15  8
T 3  -490 2431 3  9
T 3  -10 663 105  11
T 3  -4 39 1  12
T 3  -1 39 10  13
T 3  -1 33 15  14
T 4  -105 16 15  15
ROW 1 1 25
T 0  57 8 6  104
T 0  75 16 10  16
T 0  21 1 6  105
T 1  -5 4 6  106
T 1  -5 8 70  17
T 1  -19 4 6  107
T 1  -25 8 10  18
T 1  -9 1 6  108
T 2  -35 429 6  109
T 2  125 286 7  19
T 2  5 13 6  110
T 2  5 26 70  20
T 2  19 22 6  111
T 2  25 44 10  21
T 2  4 3 6  112
T 3  294 2431 6  113
T 3  -49 2431 165  22
T 3  70 7293 6  114
T 3  -125 2431 7  24
T 3  -1 39 6  115
T 3  -1 78 70  25
T 3  -19 429 6  116
T 3  -25 858 10  26
T 3  -2 33 6  117
T 4  -105 8 6  118
ROW 1 2 22
T 0  129 16 2  0
T 0  -45 16 30  27
T 0  -21 2 3  1
T 1  -5 2 5  2
T 1  -43 8 2  3
T 1  15 8 30  29
T 1  9 2 3  4
T 2  145 858 21  5
T 2  5 22 7  30
T 2  10 13 5  6
T 2  43 44 2  7
T 2  -15 44 30  33
T 2  -2 3 3  8
T 3  98 2431 15  9
T 3  -21 2431 770  34
T 3  -145 7293 21  11
T 3  -5 187 7  36
T 3  -2 39 5  12
T 3  -43 858 2  13
T 3  5 286 30  39
T 3  1 33 3  14
T 4  105 16 3  15
ROW 1 3 16
T 0  -33 16 70  16
T 1  -5 8 10  17
T 1  5 4 30  40
T 1  11 8 70  18
T 2  35 26 1  19
T 2  -35 286 22  41
T 2  5 26 10  20
T 2  -5 13 30  43
T 2  -1 4 70  21
T 3  7 2431 1155  22
T 3  -7 2431 4290  44
T 3  -35 221 1  24
T 3  35 2431 22  46
T 3  -1 78 10  25
T 3  1 39 30  48
T 3  1 78 70  26
ROW 1 4 16
T 0  3 8 210  27
T 1  5 4 30  28
T 1  -5 4 6  119
T 1  -1 4 210  29
T 2  175 143 1  30
T 2  -70 143 11  120
T 2  -5 13 30  32
T 2  5 13 6  121
T 2  1 22 210  33
T 3  21 4862 110  34
T 3  -7 4862 6006  122
T 3  -350 2431 1  36
T 3  140 2431 11  123
T 3  1 39 30  38
T 3  -1 39 6  124
T 3  -1 429 210  39
ROW 2 -4 13
T 0  -21 4 5  77
T 1  -5 4 35  78
T 1  7 2 5  79
T 2  -5 143 2002  56
T 2  -35 143 14  80
T 2  5 13 35  81
T 2  -7 11 5  82
T 3  -21 4862 1430  59
T 3  -7 4862 330  84
T 3  10 2431 2002  61
T 3  70 2431 14  85
T 3  -1 39 35  86
T 3  14 429 5  87
ROW 2 -3 21
T 0  147 8 1  88
T 0  -21 4 6  89
T 1  5 4 21  49
T 1  -5 8 10  90
T 1  -49 4 1  91
T 1  9 4 6  92
T 2  5 286 154  50
T 2  -175 858 42  93
T 2  -5 13 21  51
T 2  5 26 10  94
T 2  49 22 1  95
T 2  -1 3 6  96
T 3  -28 2431 429  52
T 3  -28 2431 30  98
T 3  -5 2431 154  53
T 3  175 7293 42  99
T 3  1 39 21  54
T 3  -1 78 10  100
T 3  -49 429 1  101
T 3  1 66 6  102
T 4  105 32 6  103
ROW 2 -2 6
T 1  -5 4 15  55
T 2  50 143 11  57
T 2  5 13 15  58
T 3  -14 2431 2145  60
T 3  -100 2431 11  62
T 3  -1 39 15  63
ROW 2 -1 25
T 0  15 8 105  64
T 0  -6 1 7  88
T 0  -21 4 42  89
T 1  -5 4 15  65
T 1  5 8 70  90
T 1  -5 4 105  66
T 1  4 1 7  91
T 1  9 4 42  92
T 2  215 286 2  68
T 2  -205 858 6  93
T 2  5 13 15  69
T 2  -5 26 70  94
T 2  5 22 105  70
T 2  -8 11 7  95
T 2  -1 3 42  96
T 3  -84 2431 55  72
T 3  -28 2431 210  98
T 3  -215 2431 2  74
T 3  205 7293 6  99
T 3  -1 39 15  75
T 3  1 78 70  100
T 3  -5 429 105  76
T 3  16 429 7  101
T 3  1 66 42  102
T 4  105 32 42  103
ROW 2 0 10
T 0  -15 4 7  16
T 1  5 4 1  17
T 1  5 2 7  18
T 2  20 143 10  19
T 2  -5 13 1  20
T 2  -5 11 7  21
T 3  -35 2431 462  22
T 3  -40 2431 10  24
T 3  1 39 1  25
T 3  10 429 7  26
ROW 2 1 25
T 0  6 1 7  0
T 0  15 8 105  27
T 0  21 4 42  1
T 1  -5 8 70  2
T 1  -5 4 15  28
T 1  -4 1 7  3
T 1  -5 4 105  29
T 1  -9 4 42  4
T 2  205 858 6  5
T 2  215 286 2  30
T 2  5 26 70  6
T 2  5 13 15  32
T 2  8 11 7  7
T 2  5 22 105  33
T 2  1 3 42  8
T 3  28 2431 210  9
T 3  -84 2431 55  34
T 3  -205 7293 6  11
T 3  -215 2431 2  36
T 3  -1 78 70  12
T 3  -1 39 15  38
T 3  -16 429 7  13
T 3  -5 429 105  39
T 3  -1 66 42  14
T 4  -105 32 42  15
ROW 2 2 21
T 0  3 4 21  104
T 0  21 2 21  105
T 1  5 4 21  106
T 1  -5 4 15  40
T 1  -1 2 21  107
T 1  -9 2 21  108
T 2  -160 429 21  109
T 2  50 143 11  41
T 2  -5 13 21  110
T 2  5 13 15  43
T 2  1 11 21  111
T 2  2 3 21  112
T 3  -84 2431 21  113
T 3  -14 2431 2145  44
T 3  320 7293 21  114
T 3  -100 2431 11  46
T 3  1 39 21  115
T 3  -1 39 15  48
T 3  -2 429 21  116
T 3  -1 33 21  117
T 4  -105 16 21  118
ROW 2 3 21
T 0  147 8 1  0
T 0  -21 4 6  1
T 1  -5 8 10  2
T 1  5 4 21  119
T 1  -49 4 1  3
T 1  9 4 6  4
T 2  -175 858 42  5
T 2  5 286 154  120
T 2  5 26 10  6
T 2  -5 13 21  121
T 2  49 22 1  7
T 2  -1 3 6  8
T 3  -28 2431 30  9
T 3  -28 2431 429  122
T 3  175 7293 42  11
T 3  -5 2431 154  123
T 3  -1 78 10  12
T 3  1 39 21  124
T 3  -49 429 1  13
T 3  1 66 6  14
T 4  105 32 6  15
ROW 2 4 13
T 0  -21 4 5  16
T 1  -5 4 35  17
T 1  7 2 5  18
T 2  -35 143 14  19
T 2  -5 143 2002  42
T 2  5 13 35  20
T 2  -7 11 5  21
T 3  -7 4862 330  22
T 3  -21 4862 1430  45
T 3  70 2431 14  24
T 3  10 2431 2002  47
T 3  -1 39 35  25
T 3  14 429 5  26
ROW 3 -4 18
T 0  21 2 3  88
T 0  -21 4 2  89
T 1  5 4 30  90
T 1  -7 1 3  91
T 1  9 4 2  92
T 2  -35 858 858  67
T 2  70 429 14  93
T 2  -5 13 30  94
T 2  14 11 3  95
T 2  -1 3 2  96
T 3  -21 2431 715  71
T 3  21 4862 10  98
T 3  35 7293 858  73
T 3  -140 7293 14  99
T 3  1 39 30  100
T 3  -28 429 3  101
T 3  1 66 2  102
T 4  105 32 2  103
ROW 3 -3 3
T 2  25 1716 6006  56
T 3  -21 4862 4290  59
T 3  -25 14586 6006  61
ROW 3 -2 18
T 0  -27 8 21  88
T 0  -21 2 14  89
T 1  -15 2 1  49
T 1  9 4 21  91
T 1  9 2 14  92
T 2  265 1716 66  50
T 2  125 132 2  93
T 2  30 13 1  51
T 2  -9 22 21  95
T 2  -2 3 14  96
T 3  -21 2431 1001  52
T 3  21 2431 70  98
T 3  -265 14586 66  53
T 3  -125 1122 2  99
T 3  -2 13 1  54
T 3  3 143 21  101
T 3  1 33 14  102
T 4  105 16 14  103
ROW 3 -1 13
T 0  -3 8 105  77
T 1  5 4 15  78
T 1  1 4 105  79
T 2  5 66 33  57
T 2  -815 1716 6  80
T 2  -5 13 15  81
T 2  -1 22 105  82
T 3  -21 2431 715  60
T 3  -21 4862 770  84
T 3  -5 561 33  62
T 3  815 14586 6  85
T 3  1 39 15  86
T 3  1 429 105  87
ROW 3 0 10
T 0  -45 4 7  27
T 1  15 2 1  28
T 1  15 2 7  29
T 2  -115 858 30  30
T 2  -30 13 1  32
T 2  -15 11 7  33
T 3  -105 2431 33  34
T 3  115 7293 30  36
T 3  2 13 1  38
T 3  10 143 7  39
ROW 3 1 13
T 0  3 8 105  16
T 1  -5 4 15  17
T 1  -1 4 105  18
T 2  815 1716 6  19
T 2  5 66 33  41
T 2  5 13 15  20
T 2  1 22 105  21
T 3  21 4862 770  22
T 3  -21 2431 715  44
T 3  -815 14586 6  24
T 3  -5 561 33  46
T 3  -1 39 15  25
T 3  -1 429 105  26
ROW 3 2 18
T 0  27 8 21  0
T 0  21 2 14  1
T 1  -15 2 1  119
T 1  -9 4 21  3
T 1  -9 2 14  4
T 2  -125 132 2  5
T 2  265 1716 66  120
T 2  30 13 1  121
T 2  9 22 21  7
T 2  2 3 14  8
T 3  -21 2431 70  9
T 3  -21 2431 1001  122
T 3  125 1122 2  11
T 3  -265 14586 66  123
T 3  -2 13 1  124
T 3  -3 143 21  13
T 3  -1 33 14  14
T 4  -105 16 14  15
ROW 3 3 18
T 0  -63 4 1  104
T 0  42 1 1  105
T 1  15 2 1  106
T 1  21 2 1  107
T 1  -18 1 1  108
T 2  665 429 1  109
T 2  25 1716 6006  42
T 2  -30 13 1  110
T 2  -21 11 1  111
T 2  8 3 1  112
T 3  126 2431 1  113
T 3  -21 4862 4290  45
T 3  -1330 7293 1  114
T 3  -25 14586 6006  47
T 3  2 13 1  115
T 3  14 143 1  116
T 3  -4 33 1  117
T 4  -105 4 1  118
ROW 3 4 18
T 0  21 2 3  0
T 0  -21 4 2  1
T 1  5 4 30  2
T 1  -7 1 3  3
T 1  9 4 2  4
T 2  70 429 14  5
T 2  -35 858 858  31
T 2  -5 13 30  6
T 2  14 11 3  7
T 2  -1 3 2  8
T 3  21 4862 10  9
T 3  -21 2431 715  35
T 3  -140 7293 14  11
T 3  35 7293 858  37
T 3  1 39 30  12
T 3  -28 429 3  13
T 3  1 66 2  14
T 4  105 32 2  15
ROW 4 -4 1
T 3  -7 2431 12155  83
ROW 4 -3 18
T 0  -21 8 3  88
T 0  -63 2 2  89
T 1  -5 4 30  90
T 1  7 4 3  91
T 1  27 2 2  92
T 2  35 572 858  67
T 2  -115 572 14  93
T 2  5 13 30  94
T 2  -7 22 3  95
T 2  -2 1 2  96
T 3  -28 2431 715  71
T 3  -14 2431 10  98
T 3  -35 4862 858  73
T 3  115 4862 14  99
T 3  -1 39 30  100
T 3  7 429 3  101
T 3  1 11 2  102
T 4  315 16 2  103
ROW 4 -2 13
T 0  -3 2 105  77
T 1  5 4 15  78
T 1  1 1 105  79
T 2  5 286 858  56
T 2  135 286 6  80
T 2  -5 13 15  81
T 2  -2 11 105  82
T 3  -7 4862 30030  59
T 3  7 4862 770  84
T 3  -5 2431 858  61
T 3  -135 2431 6  85
T 3  1 39 15  86
T 3  4 429 105  87
ROW 4 -1 13
T 0  27 8 35  64
T 1  15 2 1  49
T 1  -9 4 35  66
T 2  -45 572 66  50
T 2  -25 44 6  68
T 2  -30 13 1  51
T 2  9 22 35  70
T 3  -14 2431 1001  52
T 3  -14 2431 165  72
T 3  45 4862 66  53
T 3  25 374 6  74
T 3  2 13 1  54
T 3  -3 143 35  76
ROW 4 0 6
T 1  15 2 1  40
T 2  -20 143 165  41
T 2  -30 13 1  43
T 3  -35 2431 143  44
T 3  40 2431 165  46
T 3  2 13 1  48
ROW 4 1 13
T 0  -27 8 35  27
T 1  15 2 1  119
T 1  9 4 35  29
T 2  25 44 6  30
T 2  -45 572 66  120
T 2  -30 13 1  121
T 2  -9 22 35  33
T 3  14 2431 165  34
T 3  -14 2431 1001  122
T 3  -25 374 6  36
T 3  45 4862 66  123
T 3  2 13 1  124
T 3  3 143 35  39
ROW 4 2 13
T 0  3 2 105  16
T 1  -5 4 15  17
T 1  -1 1 105  18
T 2  -135 286 6  19
T 2  5 286 858  42
T 2  5 13 15  20
T 2  2 11 105  21
T 3  -7 4862 770  22
T 3  -7 4862 30030  45
T 3  135 2431 6  24
T 3  -5 2431 858  47
T 3  -1 39 15  25
T 3  -4 429 105  26
ROW 4 3 18
T 0  21 8 3  0
T 0  63 2 2  1
T 1  5 4 30  2
T 1  -7 4 3  3
T 1  -27 2 2  4
T 2  115 572 14  5
T 2  35 572 858  31
T 2  -5 13 30  6
T 2  7 22 3  7
T 2  2 1 2  8
T 3  14 2431 10  9
T 3  -28 2431 715  35
T 3  -115 4862 14  11
T 3  -35 4862 858  37
T 3  1 39 30  12
T 3  -7 429 3  13
T 3  -1 11 2  14
T 4  -315 16 2  15
ROW 4 4 16
T 0  -63 2 1  104
T 0  63 2 1  105
T 1  -15 2 1  106
T 1  21 1 1  107
T 1  -27 2 1  108
T 2  -70 143 1  109
T 2  30 13 1  110
T 2  -42 11 1  111
T 2  2 1 1  112
T 3  -21 2431 1  113
T 3  -7 2431 12155  23
T 3  140 2431 1  114
T 3  -2 13 1  115
T 3  28 143 1  116
T 3  -1 11 1  117
T 4  -315 16 1  118
ROW 5 -4 16
T 0  21 4 15  88
T 0  -63 4 10  89
T 1  5 4 6  90
T 1  -7 2 15  91
T 1  27 4 10  92
T 2  5 286 70  93
T 2  -5 13 6  94
T 2  7 11 15  95
T 2  -1 1 10  96
T 3  -21 2431 2431  97
T 3  7 4862 2  98
T 3  -5 2431 70  99
T 3  1 39 6  100
T 3  -14 429 15  101
T 3  1 22 10  102
T 4  315 32 10  103
ROW 5 -3 11
T 0  -105 8 3  77
T 1  -5 4 21  78
T 1  35 4 3  79
T 2  -15 572 210  80
T 2  5 13 21  81
T 2  -35 22 3  82
T 3  -14 2431 2431  83
T 3  -7 4862 22  84
T 3  15 4862 210  85
T 3  -1 39 21  86
T 3  35 429 3  87
ROW 5 -2 13
T 0  45 8 7  64
T 1  15 2 1  65
T 1  -15 4 7  66
T 2  -5 572 30030  67
T 2  75 572 30  68
T 2  -30 13 1  69
T 2  15 22 7  70
T 3  -14 2431 1001  71
T 3  7 2431 33  72
T 3  5 4862 30030  73
T 3  -75 4862 30  74
T 3  2 13 1  75
T 3  -5 143 7  76
ROW 5 -1 9
T 1  -15 2 1  55
T 2  -15 572 4290  56
T 2  -25 286 165  57
T 2  30 13 1  58
T 3  -7 4862 6006  59
T 3  -7 2431 143  60
T 3  15 4862 4290  61
T 3  25 2431 165  62
T 3  -2 13 1  63
ROW 5 0 6
T 1  -15 2 1  119
T 2  -75 286 66  120
T 2  30 13 1  121
T 3  -7 2431 1001  122
T 3  75 2431 66  123
T 3  -2 13 1  124
ROW 5 1 9
T 1  15 2 1  40
T 2  25 286 165  41
T 2  -15 572 4290  42
T 2  -30 13 1  43
T 3  7 2431 143  44
T 3  -7 4862 6006  45
T 3  -25 2431 165  46
T 3  15 4862 4290  47
T 3  2 13 1  48
ROW 5 2 13
T 0  -45 8 7  27
T 1  -15 2 1  28
T 1  15 4 7  29
T 2  -75 572 30  30
T 2  -5 572 30030  31
T 2  30 13 1  32
T 2  -15 22 7  33
T 3  -7 2431 33  34
T 3  -14 2431 1001  35
T 3  75 4862 30  36
T 3  5 4862 30030  37
T 3  -2 13 1  38
T 3  5 143 7  39
ROW 5 3 11
T 0  105 8 3  16
T 1  5 4 21  17
T 1  -35 4 3  18
T 2  15 572 210  19
T 2  -5 13 21  20
T 2  35 22 3  21
T 3  7 4862 22  22
T 3  -14 2431 2431  23
T 3  -15 4862 210  24
T 3  1 39 21  25
T 3  -35 429 3  26
ROW 5 4 16
T 0  -21 4 15  0
T 0  63 4 10  1
T 1  -5 4 6  2
T 1  7 2 15  3
T 1  -27 4 10  4
T 2  -5 286 70  5
T 2  5 13 6  6
T 2  -7 11 15  7
T 2  1 1 10  8
T 3  -7 4862 2  9
T 3  -21 2431 2431  10
T 3  5 2431 70  11
T 3  -1 39 6  12
T 3  14 429 15  13
T 3  -1 22 10  14
T 4  -315 32 10  15
