FORMAT 1
KERNEL S
SOURCE (s|S|s)
SHELLS 1 6

# E <id> <alpha> <beta> <mu> <p>
E 0 5 0 1 -6
E 1 5 0 0 -6

# G <id> <2k> <L> <M>
G 0 0 7 5
G 1 0 7 7
G 2 2 5 5
G 3 0 5 5
G 4 0 7 4
G 5 0 7 6
G 6 2 5 4
G 7 0 5 4
G 8 0 7 3
G 9 2 5 3
G 10 0 5 3
G 11 0 7 2
G 12 2 5 2
G 13 0 5 2
G 14 0 7 1
G 15 2 5 1
G 16 0 5 1
G 17 0 7 0
G 18 2 5 0
G 19 0 5 0
G 20 0 7 -1
G 21 2 5 -1
G 22 0 5 -1
G 23 0 7 -2
G 24 2 5 -2
G 25 0 5 -2
G 26 0 7 -3
G 27 2 5 -3
G 28 0 5 -3
G 29 0 7 -4
G 30 2 5 -4
G 31 0 5 -4
G 32 0 7 -5
G 33 2 5 -5
G 34 0 5 -5
G 35 0 7 -6
G 36 0 7 -7

# TABLE <l> <l'> <rows> [SYMMETRIC]
# ROW <m> <m'> <terms>
# T <prefactor> <num> <den> <radicand> <geometry>

TABLE 1 6 39
ROW -1 -6 4
T 0  1 26 2  0
T 0  1 26 182  1
T 0  -1 13 33  2
T 1  1 2 33  3
ROW -1 -5 4
T 0  1 26 6  4
T 0  1 13 39  5
T 0  -1 26 110  6
T 1  1 4 110  7
ROW -1 -4 6
T 0  1 13 3  8
T 0  1 13 33  0
T 0  -3 26 10  9
T 0  -1 26 2  2
T 1  3 4 10  10
T 1  1 4 2  3
ROW -1 -3 6
T 0  1 13 5  11
T 0  1 26 110  4
T 0  -3 13 2  12
T 0  -1 26 6  6
T 1  3 2 2  13
T 1  1 4 6  7
ROW -1 -2 6
T 0  1 26 30  14
T 0  3 26 10  8
T 0  -1 13 14  15
T 0  -1 13 3  9
T 1  1 2 14  16
T 1  1 2 3  10
ROW -1 -1 6
T 0  1 13 21  17
T 0  3 13 2  11
T 0  -1 13 21  18
T 0  -1 13 5  12
T 1  1 2 21  19
T 1  1 2 5  13
ROW -1 0 3
T 0  -2 13 7  20
T 0  1 13 15  21
T 1  -1 2 15  22
ROW -1 1 3
T 0  -3 13 2  23
T 0  1 13 5  24
T 1  -1 2 5  25
ROW -1 2 6
T 0  -3 26 10  26
T 0  -1 26 30  20
T 0  1 13 3  27
T 0  1 13 14  21
T 1  -1 2 3  28
T 1  -1 2 14  22
ROW -1 3 6
T 0  -1 26 110  29
T 0  -1 13 5  23
T 0  1 26 6  30
T 0  3 13 2  24
T 1  -1 4 6  31
T 1  -3 2 2  25
ROW -1 4 6
T 0  -1 13 33  32
T 0  -1 13 3  26
T 0  1 26 2  33
T 0  3 26 10  27
T 1  -1 4 2  34
T 1  -3 4 10  28
ROW -1 5 4
T 0  -1 13 39  35
T 0  -1 26 6  29
T 0  1 26 110  30
T 1  -1 4 110  31
ROW -1 6 4
T 0  -1 26 182  36
T 0  -1 26 2  32
T 0  1 13 33  33
T 1  -1 2 33  34
ROW 0 -6 1
T 0  -1 13 13  35
ROW 0 -5 3
T 0  -2 13 6  32
T 0  -1 13 11  33
T 1  1 2 11  34
ROW 0 -4 3
T 0  -1 13 33  29
T 0  -2 13 5  30
T 1  1 1 5  31
ROW 0 -3 3
T 0  -2 13 10  26
T 0  -3 13 3  27
T 1  3 2 3  28
ROW 0 -2 3
T 0  -3 13 5  23
T 0  -4 13 2  24
T 1  2 1 2  25
ROW 0 -1 3
T 0  -4 13 3  20
T 0  -1 13 35  21
T 1  1 2 35  22
ROW 0 0 3
T 0  -7 13 1  17
T 0  -6 13 1  18
T 1  3 1 1  19
ROW 0 1 3
T 0  -4 13 3  14
T 0  -1 13 35  15
T 1  1 2 35  16
ROW 0 2 3
T 0  -3 13 5  11
T 0  -4 13 2  12
T 1  2 1 2  13
ROW 0 3 3
T 0  -2 13 10  8
T 0  -3 13 3  9
T 1  3 2 3  10
ROW 0 4 3
T 0  -1 13 33  4
T 0  -2 13 5  6
T 1  1 1 5  7
ROW 0 5 3
T 0  -2 13 6  0
T 0  -1 13 11  2
T 1  1 2 11  3
ROW 0 6 1
T 0  -1 13 13  5
ROW 1 -6 4
T 0  -1 26 182  36
T 0  1 26 2  32
T 0  -1 13 33  33
T 1  1 2 33  34
ROW 1 -5 4
T 0  -1 13 39  35
T 0  1 26 6  29
T 0  -1 26 110  30
T 1  1 4 110  31
ROW 1 -4 6
T 0  -1 13 33  32
T 0  1 13 3  26
T 0  1 26 2  33
T 0  -3 26 10  27
T 1  -1 4 2  34
T 1  3 4 10  28
ROW 1 -3 6
T 0  -1 26 110  29
T 0  1 13 5  23
T 0  1 26 6  30
T 0  -3 13 2  24
T 1  -1 4 6  31
T 1  3 2 2  25
ROW 1 -2 6
T 0  -3 26 10  26
T 0  1 26 30  20
T 0  1 13 3  27
T 0  -1 13 14  21
T 1  -1 2 3  28
T 1  1 2 14  22
ROW 1 -1 3
T 0  -3 13 2  23
T 0  1 13 5  24
T 1  -1 2 5  25
ROW 1 0 3
T 0  -2 13 7  14
T 0  1 13 15  15
T 1  -1 2 15  16
ROW 1 1 6
T 0  1 13 21  17
T 0  -3 13 2  11
T 0  -1 13 21  18
T 0  1 13 5  12
T 1  1 2 21  19
T 1  -1 2 5  13
ROW 1 2 6
T 0  1 26 30  14
T 0  -3 26 10  8
T 0  -1 13 14  15
T 0  1 13 3  9
T 1  1 2 14  16
T 1  -1 2 3  10
ROW 1 3 6
T 0  1 13 5  11
T 0  -1 26 110  4
T 0  -3 13 2  12
T 0  1 26 6  6
T 1  3 2 2  13
T 1  -1 4 6  7
ROW 1 4 6
T 0  1 13 3  8
T 0  -1 13 33  0
T 0  -3 26 10  9
T 0  1 26 2  2
T 1  3 4 10  10
T 1  -1 4 2  3
ROW 1 5 4
T 0  1 26 6  4
T 0  -1 13 39  5
T 0  -1 26 110  6
T 1  1 4 110  7
ROW 1 6 4
T 0  1 26 2  0
T 0  -1 26 182  1
T 0  -1 13 33  2
T 1  1 2 33  3
