FORMAT 1
KERNEL S
SOURCE (s|S|s)
SHELLS 1 3

# E <id> <alpha> <beta> <mu> <p>
E 0 2 0 1 -3
E 1 2 0 0 -3

# G <id> <2k> <L> <M>
G 0 0 4 2
G 1 0 4 4
G 2 2 2 2
G 3 0 2 2
G 4 0 4 1
G 5 0 4 3
G 6 2 2 1
G 7 0 2 1
G 8 0 4 0
G 9 2 2 0
G 10 0 2 0
G 11 0 4 -1
G 12 2 2 -1
G 13 0 2 -1
G 14 0 4 -2
G 15 2 2 -2
G 16 0 2 -2
G 17 0 4 -3
G 18 0 4 -4

# TABLE <l> <l'> <rows> [SYMMETRIC]
# ROW <m> <m'> <terms>
# T <prefactor> <num> <den> <radicand> <geometry>

TABLE 1 3 21
ROW -1 -3 4
T 0  1 14 2  0
T 0  1 7 14  1
T 0  -1 14 30  2
T 1  1 4 30  3
ROW -1 -2 4
T 0  1 14 6  4
T 0  1 14 42  5
T 0  -1 7 5  6
T 1  1 2 5  7
ROW -1 -1 6
T 0  1 7 6  8
T 0  1 14 30  0
T 0  -1 7 6  9
T 0  -1 14 2  2
T 1  1 2 6  10
T 1  1 4 2  3
ROW -1 0 3
T 0  -1 7 10  11
T 0  1 7 3  12
T 1  -1 2 3  13
ROW -1 1 3
T 0  -1 14 30  14
T 0  1 14 2  15
T 1  -1 4 2  16
ROW -1 2 4
T 0  -1 14 42  17
T 0  -1 14 6  11
T 0  1 7 5  12
T 1  -1 2 5  13
ROW -1 3 4
T 0  -1 7 14  18
T 0  -1 14 2  14
T 0  1 14 30  15
T 1  -1 4 30  16
ROW 0 -3 1
T 0  -1 7 7  17
ROW 0 -2 3
T 0  -2 7 3  14
T 0  -1 7 5  15
T 1  1 2 5  16
ROW 0 -1 3
T 0  -1 7 15  11
T 0  -2 7 2  12
T 1  1 1 2  13
ROW 0 0 3
T 0  -4 7 1  8
T 0  -3 7 1  9
T 1  3 2 1  10
ROW 0 1 3
T 0  -1 7 15  4
T 0  -2 7 2  6
T 1  1 1 2  7
ROW 0 2 3
T 0  -2 7 3  0
T 0  -1 7 5  2
T 1  1 2 5  3
ROW 0 3 1
T 0  -1 7 7  5
ROW 1 -3 4
T 0  -1 7 14  18
T 0  1 14 2  14
T 0  -1 14 30  15
T 1  1 4 30  16
ROW 1 -2 4
T 0  -1 14 42  17
T 0  1 14 6  11
T 0  -1 7 5  12
T 1  1 2 5  13
ROW 1 -1 3
T 0  -1 14 30  14
T 0  1 14 2  15
T 1  -1 4 2  16
ROW 1 0 3
T 0  -1 7 10  4
T 0  1 7 3  6
T 1  -1 2 3  7
ROW 1 1 6
T 0  1 7 6  8
T 0  -1 14 30  0
T 0  -1 7 6  9
T 0  1 14 2  2
T 1  1 2 6  10
T 1  -1 4 2  3
ROW 1 2 4
T 0  1 14 6  4
T 0  -1 14 42  5
T 0  -1 7 5  6
T 1  1 2 5  7
ROW 1 3 4
T 0  1 14 2  0
T 0  -1 7 14  1
T 0  -1 14 30  2
T 1  1 4 30  3
