FORMAT 1
KERNEL S
SOURCE (s|S|s)
SHELLS 2 5

# E <id> <alpha> <beta> <mu> <p>
E 0 3 0 1 -5
E 1 3 0 2 -5
E 2 3 0 0 -5

# G <id> <2k> <L> <M>
G 0 0 5 3
G 1 2 3 3
G 2 0 7 3
G 3 0 7 7
G 4 2 5 3
G 5 4 3 3
G 6 0 3 3
G 7 0 5 2
G 8 2 3 2
G 9 0 7 2
G 10 0 7 6
G 11 2 5 2
G 12 4 3 2
G 13 0 3 2
G 14 0 5 1
G 15 0 5 5
G 16 2 3 1
G 17 0 7 1
G 18 0 7 5
G 19 2 5 1
G 20 2 5 5
G 21 4 3 1
G 22 0 3 1
G 23 0 5 0
G 24 0 5 4
G 25 2 3 0
G 26 0 7 0
G 27 0 7 4
G 28 2 5 0
G 29 2 5 4
G 30 4 3 0
G 31 0 3 0
G 32 0 5 -2
G 33 2 3 -2
G 34 0 7 -2
G 35 2 5 -2
G 36 4 3 -2
G 37 0 3 -2
G 38 0 5 -3
G 39 0 5 -1
G 40 2 3 -3
G 41 2 3 -1
G 42 0 7 -3
G 43 0 7 -1
G 44 2 5 -3
G 45 2 5 -1
G 46 4 3 -3
G 47 4 3 -1
G 48 0 3 -3
G 49 0 3 -1
G 50 0 5 -4
G 51 0 7 -4
G 52 2 5 -4
G 53 0 5 -5
G 54 0 7 -5
G 55 2 5 -5
G 56 0 7 -6
G 57 0 7 -7

# TABLE <l> <l'> <rows> [SYMMETRIC]
# ROW <m> <m'> <terms>
# T <prefactor> <num> <den> <radicand> <geometry>

TABLE 2 5 55
ROW -2 -5 7
T 0  1 6 15  0
T 0  -1 3 105  1
T 1  3 286 2  2
T 1  -3 286 2002  3
T 1  -1 39 15  4
T 1  1 33 105  5
T 2  3 4 105  6
ROW -2 -4 7
T 0  1 1 1  7
T 0  -1 1 7  8
T 1  3 286 10  9
T 1  -3 286 1430  10
T 1  -2 13 1  11
T 1  1 11 7  12
T 2  9 4 7  13
ROW -2 -3 9
T 0  1 3 14  14
T 0  -1 6 15  15
T 0  -1 3 35  16
T 1  3 286 30  17
T 1  -9 286 110  18
T 1  -2 39 14  19
T 1  1 39 15  20
T 1  1 33 35  21
T 2  3 4 35  22
ROW -2 -2 9
T 0  1 3 35  23
T 0  -1 1 1  24
T 0  -1 3 35  25
T 1  3 143 35  26
T 1  -3 143 165  27
T 1  -2 39 35  28
T 1  2 13 1  29
T 1  1 33 35  30
T 2  3 4 35  31
ROW -2 -1 12
T 0  -5 6 3  14
T 0  -1 3 14  0
T 0  1 6 30  16
T 0  1 6 2  1
T 1  -3 143 35  17
T 1  -3 143 105  2
T 1  5 39 3  19
T 1  2 39 14  4
T 1  -1 66 30  21
T 1  -1 66 2  5
T 2  -3 8 30  22
T 2  -3 8 2  6
ROW -2 0 6
T 0  1 3 35  32
T 0  -1 3 5  33
T 1  9 143 14  34
T 1  -2 39 35  35
T 1  1 33 5  36
T 2  3 4 5  37
ROW -2 1 12
T 0  1 3 14  38
T 0  -5 6 3  39
T 0  -1 6 2  40
T 0  1 6 30  41
T 1  3 143 105  42
T 1  -3 143 35  43
T 1  -2 39 14  44
T 1  5 39 3  45
T 1  1 66 2  46
T 1  -1 66 30  47
T 2  3 8 2  48
T 2  -3 8 30  49
ROW -2 2 3
T 0  1 1 1  50
T 1  3 143 165  51
T 1  -2 13 1  52
ROW -2 3 9
T 0  1 6 15  53
T 0  -1 3 14  39
T 0  1 3 35  41
T 1  9 286 110  54
T 1  -3 286 30  43
T 1  -1 39 15  55
T 1  2 39 14  45
T 1  -1 33 35  47
T 2  -3 4 35  49
ROW -2 4 7
T 0  -1 1 1  32
T 0  1 1 7  33
T 1  3 286 1430  56
T 1  -3 286 10  34
T 1  2 13 1  35
T 1  -1 11 7  36
T 2  -9 4 7  37
ROW -2 5 7
T 0  -1 6 15  38
T 0  1 3 105  40
T 1  3 286 2002  57
T 1  -3 286 2  42
T 1  1 39 15  44
T 1  -1 33 105  46
T 2  -3 4 105  48
ROW -1 -5 4
T 0  -1 4 30  24
T 1  -3 286 22  27
T 1  -3 143 143  10
T 1  1 26 30  29
ROW -1 -4 9
T 0  -7 12 6  0
T 0  1 4 30  15
T 0  -1 3 42  1
T 1  -6 143 5  2
T 1  -6 143 55  18
T 1  7 78 6  4
T 1  -1 26 30  20
T 1  1 33 42  5
T 2  3 4 42  6
ROW -1 -3 9
T 0  -5 6 2  7
T 0  7 12 6  24
T 0  -2 3 14  8
T 1  -9 143 5  9
T 1  -9 286 110  27
T 1  5 39 2  11
T 1  -7 78 6  29
T 1  2 33 14  12
T 2  3 2 14  13
ROW -1 -2 12
T 0  -1 6 21  14
T 0  5 6 2  0
T 0  -1 6 210  16
T 0  -1 6 14  1
T 1  -12 143 5  17
T 1  -12 143 15  2
T 1  1 39 21  19
T 1  -5 39 2  4
T 1  1 66 210  21
T 1  1 66 14  5
T 2  3 8 210  22
T 2  3 8 14  6
ROW -1 -1 12
T 0  -1 6 5  23
T 0  1 6 21  7
T 0  -4 3 5  25
T 0  -2 3 3  8
T 1  -21 143 5  26
T 1  -3 143 210  9
T 1  1 39 5  28
T 1  -1 39 21  11
T 1  4 33 5  30
T 1  2 33 3  12
T 2  3 1 5  31
T 2  3 2 3  13
ROW -1 0 6
T 0  -1 6 5  39
T 0  5 3 2  41
T 1  12 143 21  43
T 1  1 39 5  45
T 1  -5 33 2  47
T 2  -15 4 2  49
ROW -1 1 6
T 0  -1 6 21  32
T 0  2 3 3  33
T 1  3 143 210  34
T 1  1 39 21  35
T 1  -2 33 3  36
T 2  -3 2 3  37
ROW -1 2 12
T 0  -5 6 2  38
T 0  1 6 21  39
T 0  1 6 14  40
T 0  1 6 210  41
T 1  12 143 15  42
T 1  12 143 5  43
T 1  5 39 2  44
T 1  -1 39 21  45
T 1  -1 66 14  46
T 1  -1 66 210  47
T 2  -3 8 14  48
T 2  -3 8 210  49
ROW -1 3 9
T 0  -7 12 6  50
T 0  5 6 2  32
T 0  2 3 14  33
T 1  9 286 110  51
T 1  9 143 5  34
T 1  7 78 6  52
T 1  -5 39 2  35
T 1  -2 33 14  36
T 2  -3 2 14  37
ROW -1 4 9
T 0  -1 4 30  53
T 0  7 12 6  38
T 0  1 3 42  40
T 1  6 143 55  54
T 1  6 143 5  42
T 1  1 26 30  55
T 1  -7 78 6  44
T 1  -1 33 42  46
T 2  -3 4 42  48
ROW -1 5 4
T 0  1 4 30  50
T 1  3 143 143  56
T 1  3 286 22  51
T 1  -1 26 30  52
ROW 0 -5 3
T 0  5 2 1  53
T 1  3 143 66  54
T 1  -5 13 1  55
ROW 0 -4 3
T 0  1 1 1  50
T 1  3 143 165  51
T 1  -2 13 1  52
ROW 0 -3 6
T 0  -1 6 1  38
T 0  -2 3 7  40
T 1  9 143 30  42
T 1  1 39 1  44
T 1  2 33 7  46
T 2  3 2 7  48
ROW 0 -2 6
T 0  -1 1 1  32
T 0  -1 1 7  33
T 1  18 143 10  34
T 1  2 13 1  35
T 1  1 11 7  36
T 2  9 4 7  37
ROW 0 -1 6
T 0  -3 2 1  39
T 0  -1 1 10  41
T 1  6 143 105  43
T 1  3 13 1  45
T 1  1 11 10  47
T 2  9 4 10  49
ROW 0 0 6
T 0  -5 3 1  23
T 0  -10 3 1  25
T 1  63 143 1  26
T 1  10 39 1  28
T 1  10 33 1  30
T 2  15 2 1  31
ROW 0 1 6
T 0  -3 2 1  14
T 0  -1 1 10  16
T 1  6 143 105  17
T 1  3 13 1  19
T 1  1 11 10  21
T 2  9 4 10  22
ROW 0 2 6
T 0  -1 1 1  7
T 0  -1 1 7  8
T 1  18 143 10  9
T 1  2 13 1  11
T 1  1 11 7  12
T 2  9 4 7  13
ROW 0 3 6
T 0  -1 6 1  0
T 0  -2 3 7  1
T 1  9 143 30  2
T 1  1 39 1  4
T 1  2 33 7  5
T 2  3 2 7  6
ROW 0 4 3
T 0  1 1 1  24
T 1  3 143 165  27
T 1  -2 13 1  29
ROW 0 5 3
T 0  5 2 1  15
T 1  3 143 66  18
T 1  -5 13 1  20
ROW 1 -5 4
T 0  -1 4 30  50
T 1  3 143 143  56
T 1  -3 286 22  51
T 1  1 26 30  52
ROW 1 -4 9
T 0  -1 4 30  53
T 0  -7 12 6  38
T 0  -1 3 42  40
T 1  6 143 55  54
T 1  -6 143 5  42
T 1  1 26 30  55
T 1  7 78 6  44
T 1  1 33 42  46
T 2  3 4 42  48
ROW 1 -3 9
T 0  -7 12 6  50
T 0  -5 6 2  32
T 0  -2 3 14  33
T 1  9 286 110  51
T 1  -9 143 5  34
T 1  7 78 6  52
T 1  5 39 2  35
T 1  2 33 14  36
T 2  3 2 14  37
ROW 1 -2 12
T 0  -5 6 2  38
T 0  -1 6 21  39
T 0  1 6 14  40
T 0  -1 6 210  41
T 1  12 143 15  42
T 1  -12 143 5  43
T 1  5 39 2  44
T 1  1 39 21  45
T 1  -1 66 14  46
T 1  1 66 210  47
T 2  -3 8 14  48
T 2  3 8 210  49
ROW 1 -1 6
T 0  -1 6 21  32
T 0  2 3 3  33
T 1  3 143 210  34
T 1  1 39 21  35
T 1  -2 33 3  36
T 2  -3 2 3  37
ROW 1 0 6
T 0  -1 6 5  14
T 0  5 3 2  16
T 1  12 143 21  17
T 1  1 39 5  19
T 1  -5 33 2  21
T 2  -15 4 2  22
ROW 1 1 12
T 0  -1 6 5  23
T 0  -1 6 21  7
T 0  -4 3 5  25
T 0  2 3 3  8
T 1  -21 143 5  26
T 1  3 143 210  9
T 1  1 39 5  28
T 1  1 39 21  11
T 1  4 33 5  30
T 1  -2 33 3  12
T 2  3 1 5  31
T 2  -3 2 3  13
ROW 1 2 12
T 0  -1 6 21  14
T 0  -5 6 2  0
T 0  -1 6 210  16
T 0  1 6 14  1
T 1  -12 143 5  17
T 1  12 143 15  2
T 1  1 39 21  19
T 1  5 39 2  4
T 1  1 66 210  21
T 1  -1 66 14  5
T 2  3 8 210  22
T 2  -3 8 14  6
ROW 1 3 9
T 0  -5 6 2  7
T 0  -7 12 6  24
T 0  -2 3 14  8
T 1  -9 143 5  9
T 1  9 286 110  27
T 1  5 39 2  11
T 1  7 78 6  29
T 1  2 33 14  12
T 2  3 2 14  13
ROW 1 4 9
T 0  -7 12 6  0
T 0  -1 4 30  15
T 0  -1 3 42  1
T 1  -6 143 5  2
T 1  6 143 55  18
T 1  7 78 6  4
T 1  1 26 30  20
T 1  1 33 42  5
T 2  3 4 42  6
ROW 1 5 4
T 0  -1 4 30  24
T 1  -3 286 22  27
T 1  3 143 143  10
T 1  1 26 30  29
ROW 2 -5 7
T 0  1 6 15  38
T 0  -1 3 105  40
T 1  3 286 2002  57
T 1  3 286 2  42
T 1  -1 39 15  44
T 1  1 33 105  46
T 2  3 4 105  48
ROW 2 -4 7
T 0  1 1 1  32
T 0  -1 1 7  33
T 1  3 286 1430  56
T 1  3 286 10  34
T 1  -2 13 1  35
T 1  1 11 7  36
T 2  9 4 7  37
ROW 2 -3 9
T 0  1 6 15  53
T 0  1 3 14  39
T 0  -1 3 35  41
T 1  9 286 110  54
T 1  3 286 30  43
T 1  -1 39 15  55
T 1  -2 39 14  45
T 1  1 33 35  47
T 2  3 4 35  49
ROW 2 -2 3
T 0  1 1 1  50
T 1  3 143 165  51
T 1  -2 13 1  52
ROW 2 -1 12
T 0  1 3 14  38
T 0  5 6 3  39
T 0  -1 6 2  40
T 0  -1 6 30  41
T 1  3 143 105  42
T 1  3 143 35  43
T 1  -2 39 14  44
T 1  -5 39 3  45
T 1  1 66 2  46
T 1  1 66 30  47
T 2  3 8 2  48
T 2  3 8 30  49
ROW 2 0 6
T 0  1 3 35  7
T 0  -1 3 5  8
T 1  9 143 14  9
T 1  -2 39 35  11
T 1  1 33 5  12
T 2  3 4 5  13
ROW 2 1 12
T 0  -5 6 3  14
T 0  1 3 14  0
T 0  1 6 30  16
T 0  -1 6 2  1
T 1  -3 143 35  17
T 1  3 143 105  2
T 1  5 39 3  19
T 1  -2 39 14  4
T 1  -1 66 30  21
T 1  1 66 2  5
T 2  -3 8 30  22
T 2  3 8 2  6
ROW 2 2 9
T 0  1 3 35  23
T 0  1 1 1  24
T 0  -1 3 35  25
T 1  3 143 35  26
T 1  3 143 165  27
T 1  -2 39 35  28
T 1  -2 13 1  29
T 1  1 33 35  30
T 2  3 4 35  31
ROW 2 3 9
T 0  1 3 14  14
T 0  1 6 15  15
T 0  -1 3 35  16
T 1  3 286 30  17
T 1  9 286 110  18
T 1  -2 39 14  19
T 1  -1 39 15  20
T 1  1 33 35  21
T 2  3 4 35  22
ROW 2 4 7
T 0  1 1 1  7
T 0  -1 1 7  8
T 1  3 286 10  9
T 1  3 286 1430  10
T 1  -2 13 1  11
T 1  1 11 7  12
T 2  9 4 7  13
ROW 2 5 7
T 0  1 6 15  0
T 0  -1 3 105  1
T 1  3 286 2  2
T 1  3 286 2002  3
T 1  -1 39 15  4
T 1  1 33 105  5
T 2  3 4 105  6
