FORMAT 1
KERNEL S
SOURCE (s|S|s)
SHELLS 4 2

# E <id> <alpha> <beta> <mu> <p>
E 0 0 2 1 -4
E 1 0 2 2 -4
E 2 0 2 0 -4

# G <id> <2k> <L> <M>
G 0 0 4 2
G 1 2 2 2
G 2 0 6 2
G 3 0 6 6
G 4 2 4 2
G 5 4 2 2
G 6 0 2 2
G 7 0 4 3
G 8 0 6 3
G 9 0 6 5
G 10 2 4 3
G 11 0 4 -4
G 12 0 6 -4
G 13 2 4 -4
G 14 0 4 -3
G 15 0 6 -5
G 16 0 6 -3
G 17 2 4 -3
G 18 0 4 -2
G 19 2 2 -2
G 20 0 6 -6
G 21 0 6 -2
G 22 2 4 -2
G 23 4 2 -2
G 24 0 2 -2
G 25 0 4 1
G 26 2 2 1
G 27 0 6 1
G 28 2 4 1
G 29 4 2 1
G 30 0 2 1
G 31 0 4 4
G 32 0 6 4
G 33 2 4 4
G 34 0 4 -1
G 35 2 2 -1
G 36 0 6 -1
G 37 2 4 -1
G 38 4 2 -1
G 39 0 2 -1
G 40 0 4 0
G 41 2 2 0
G 42 0 6 0
G 43 2 4 0
G 44 4 2 0
G 45 0 2 0

# TABLE <l> <l'> <rows> [SYMMETRIC]
# ROW <m> <m'> <terms>
# T <prefactor> <num> <den> <radicand> <geometry>

TABLE 4 2 45
ROW -4 -2 7
T 0  1 7 21  0
T 0  -3 7 35  1
T 1  1 66 2  2
T 1  -1 22 110  3
T 1  -2 77 21  4
T 1  1 21 35  5
T 2  3 4 35  6
ROW -4 -1 4
T 0  -1 2 6  7
T 1  -1 22 2  8
T 1  -1 66 330  9
T 1  1 11 6  10
ROW -4 0 3
T 0  2 1 1  11
T 1  1 11 5  12
T 1  -4 11 1  13
ROW -4 1 4
T 0  -1 2 6  14
T 1  1 66 330  15
T 1  -1 22 2  16
T 1  1 11 6  17
ROW -4 2 7
T 0  1 7 21  18
T 0  -3 7 35  19
T 1  1 22 110  20
T 1  1 66 2  21
T 1  -2 77 21  22
T 1  1 21 35  23
T 2  3 4 35  24
ROW -3 -2 7
T 0  3 14 21  25
T 0  -3 14 70  26
T 1  1 66 10  27
T 1  -1 33 165  9
T 1  -3 77 21  28
T 1  1 42 70  29
T 2  3 8 70  30
ROW -3 -1 9
T 0  -5 28 42  0
T 0  1 2 6  31
T 0  -3 14 70  1
T 1  -4 33 1  2
T 1  -2 33 30  32
T 1  5 154 42  4
T 1  -1 11 6  33
T 1  1 42 70  5
T 2  3 8 70  6
ROW -3 0 3
T 0  1 2 1  14
T 1  2 11 3  16
T 1  -1 11 1  17
ROW -3 1 9
T 0  -1 2 6  11
T 0  -5 28 42  18
T 0  -3 14 70  19
T 1  2 33 30  12
T 1  -4 33 1  21
T 1  1 11 6  13
T 1  5 154 42  22
T 1  1 42 70  23
T 2  3 8 70  24
ROW -3 2 7
T 0  3 14 21  34
T 0  -3 14 70  35
T 1  1 33 165  15
T 1  1 66 10  36
T 1  -3 77 21  37
T 1  1 42 70  38
T 2  3 8 70  39
ROW -2 -2 9
T 0  3 7 15  40
T 0  -1 7 21  31
T 0  -3 7 15  41
T 1  1 33 15  42
T 1  -1 33 105  32
T 1  -6 77 15  43
T 1  2 77 21  33
T 1  1 21 15  44
T 2  3 4 15  45
ROW -2 -1 9
T 0  -9 28 6  25
T 0  5 28 42  7
T 0  -6 7 5  26
T 1  -1 33 35  27
T 1  -1 11 14  8
T 1  9 154 6  28
T 1  -5 154 42  10
T 1  2 21 5  29
T 2  3 2 5  30
ROW -2 0 6
T 0  -4 7 1  18
T 0  -3 7 15  19
T 1  2 33 42  21
T 1  8 77 1  22
T 1  1 21 15  23
T 2  3 4 15  24
ROW -2 1 9
T 0  -5 28 42  14
T 0  -9 28 6  34
T 0  -6 7 5  35
T 1  1 11 14  16
T 1  -1 33 35  36
T 1  5 154 42  17
T 1  9 154 6  37
T 1  2 21 5  38
T 2  3 2 5  39
ROW -2 2 3
T 0  1 7 21  11
T 1  1 33 105  12
T 1  -2 77 21  13
ROW -1 -2 9
T 0  -5 7 3  25
T 0  -3 14 21  7
T 0  3 14 10  26
T 1  -1 66 70  27
T 1  -1 11 7  8
T 1  10 77 3  28
T 1  3 77 21  10
T 1  -1 42 10  29
T 2  -3 8 10  30
ROW -1 -1 12
T 0  -1 14 30  40
T 0  9 28 6  0
T 0  -3 7 30  41
T 0  -3 14 10  1
T 1  -2 33 30  42
T 1  -4 33 7  2
T 1  1 77 30  43
T 1  -9 154 6  4
T 1  1 21 30  44
T 1  1 42 10  5
T 2  3 4 30  45
T 2  3 8 10  6
ROW -1 0 6
T 0  -17 14 1  34
T 0  -3 7 30  35
T 1  1 33 210  36
T 1  17 77 1  37
T 1  1 21 30  38
T 2  3 4 30  39
ROW -1 1 6
T 0  -9 28 6  18
T 0  3 14 10  19
T 1  4 33 7  21
T 1  9 154 6  22
T 1  -1 42 10  23
T 2  -3 8 10  24
ROW -1 2 9
T 0  3 14 21  14
T 0  5 7 3  34
T 0  -3 14 10  35
T 1  1 11 7  16
T 1  1 66 70  36
T 1  -3 77 21  17
T 1  -10 77 3  37
T 1  1 42 10  38
T 2  3 8 10  39
ROW 0 -2 6
T 0  3 7 15  18
T 0  -3 7 1  19
T 1  1 33 70  21
T 1  -6 77 15  22
T 1  1 21 1  23
T 2  3 4 1  24
ROW 0 -1 6
T 0  -1 14 30  34
T 0  12 7 1  35
T 1  5 33 7  36
T 1  1 77 30  37
T 1  -4 21 1  38
T 2  -3 1 1  39
ROW 0 0 6
T 0  -10 7 1  40
T 0  -18 7 1  41
T 1  5 11 1  42
T 1  20 77 1  43
T 1  2 7 1  44
T 2  9 2 1  45
ROW 0 1 6
T 0  -1 14 30  25
T 0  12 7 1  26
T 1  5 33 7  27
T 1  1 77 30  28
T 1  -4 21 1  29
T 2  -3 1 1  30
ROW 0 2 6
T 0  3 7 15  0
T 0  -3 7 1  1
T 1  1 33 70  2
T 1  -6 77 15  4
T 1  1 21 1  5
T 2  3 4 1  6
ROW 1 -2 9
T 0  3 14 21  14
T 0  -5 7 3  34
T 0  3 14 10  35
T 1  1 11 7  16
T 1  -1 66 70  36
T 1  -3 77 21  17
T 1  10 77 3  37
T 1  -1 42 10  38
T 2  -3 8 10  39
ROW 1 -1 6
T 0  -9 28 6  18
T 0  3 14 10  19
T 1  4 33 7  21
T 1  9 154 6  22
T 1  -1 42 10  23
T 2  -3 8 10  24
ROW 1 0 6
T 0  -17 14 1  25
T 0  -3 7 30  26
T 1  1 33 210  27
T 1  17 77 1  28
T 1  1 21 30  29
T 2  3 4 30  30
ROW 1 1 12
T 0  -1 14 30  40
T 0  -9 28 6  0
T 0  -3 7 30  41
T 0  3 14 10  1
T 1  -2 33 30  42
T 1  4 33 7  2
T 1  1 77 30  43
T 1  9 154 6  4
T 1  1 21 30  44
T 1  -1 42 10  5
T 2  3 4 30  45
T 2  -3 8 10  6
ROW 1 2 9
T 0  -5 7 3  25
T 0  3 14 21  7
T 0  3 14 10  26
T 1  -1 66 70  27
T 1  1 11 7  8
T 1  10 77 3  28
T 1  -3 77 21  10
T 1  -1 42 10  29
T 2  -3 8 10  30
ROW 2 -2 3
T 0  1 7 21  11
T 1  1 33 105  12
T 1  -2 77 21  13
ROW 2 -1 9
T 0  -5 28 42  14
T 0  9 28 6  34
T 0  6 7 5  35
T 1  1 11 14  16
T 1  1 33 35  36
T 1  5 154 42  17
T 1  -9 154 6  37
T 1  -2 21 5  38
T 2  -3 2 5  39
ROW 2 0 6
T 0  -4 7 1  0
T 0  -3 7 15  1
T 1  2 33 42  2
T 1  8 77 1  4
T 1  1 21 15  5
T 2  3 4 15  6
ROW 2 1 9
T 0  -9 28 6  25
T 0  -5 28 42  7
T 0  -6 7 5  26
T 1  -1 33 35  27
T 1  1 11 14  8
T 1  9 154 6  28
T 1  5 154 42  10
T 1  2 21 5  29
T 2  3 2 5  30
ROW 2 2 9
T 0  3 7 15  40
T 0  1 7 21  31
T 0  -3 7 15  41
T 1  1 33 15  42
T 1  1 33 105  32
T 1  -6 77 15  43
T 1  -2 77 21  33
T 1  1 21 15  44
T 2  3 4 15  45
ROW 3 -2 7
T 0  -3 14 21  34
T 0  3 14 70  35
T 1  1 33 165  15
T 1  -1 66 10  36
T 1  3 77 21  37
T 1  -1 42 70  38
T 2  -3 8 70  39
ROW 3 -1 9
T 0  -1 2 6  11
T 0  5 28 42  18
T 0  3 14 70  19
T 1  2 33 30  12
T 1  4 33 1  21
T 1  1 11 6  13
T 1  -5 154 42  22
T 1  -1 42 70  23
T 2  -3 8 70  24
ROW 3 0 3
T 0  1 2 1  7
T 1  2 11 3  8
T 1  -1 11 1  10
ROW 3 1 9
T 0  -5 28 42  0
T 0  -1 2 6  31
T 0  -3 14 70  1
T 1  -4 33 1  2
T 1  2 33 30  32
T 1  5 154 42  4
T 1  1 11 6  33
T 1  1 42 70  5
T 2  3 8 70  6
ROW 3 2 7
T 0  3 14 21  25
T 0  -3 14 70  26
T 1  1 66 10  27
T 1  1 33 165  9
T 1  -3 77 21  28
T 1  1 42 70  29
T 2  3 8 70  30
ROW 4 -2 7
T 0  -1 7 21  18
T 0  3 7 35  19
T 1  1 22 110  20
T 1  -1 66 2  21
T 1  2 77 21  22
T 1  -1 21 35  23
T 2  -3 4 35  24
ROW 4 -1 4
T 0  1 2 6  14
T 1  1 66 330  15
T 1  1 22 2  16
T 1  -1 11 6  17
ROW 4 0 3
T 0  2 1 1  31
T 1  1 11 5  32
T 1  -4 11 1  33
ROW 4 1 4
T 0  -1 2 6  7
T 1  -1 22 2  8
T 1  1 66 330  9
T 1  1 11 6  10
ROW 4 2 7
T 0  1 7 21  0
T 0  -3 7 35  1
T 1  1 66 2  2
T 1  1 22 110  3
T 1  -2 77 21  4
T 1  1 21 35  5
T 2  3 4 35  6
