FORMAT 1
KERNEL S
SOURCE (s|S|s)
SHELLS 2 6

# E <id> <alpha> <beta> <mu> <p>
E 0 4 0 1 -6
E 1 4 0 2 -6
E 2 4 0 0 -6

# G <id> <2k> <L> <M>
G 0 0 6 4
G 1 2 4 4
G 2 0 8 4
G 3 0 8 8
G 4 2 6 4
G 5 4 4 4
G 6 0 4 4
G 7 0 6 3
G 8 2 4 3
G 9 0 8 3
G 10 0 8 7
G 11 2 6 3
G 12 4 4 3
G 13 0 4 3
G 14 0 6 2
G 15 0 6 6
G 16 2 4 2
G 17 0 8 2
G 18 0 8 6
G 19 2 6 2
G 20 2 6 6
G 21 4 4 2
G 22 0 4 2
G 23 0 6 1
G 24 0 6 5
G 25 2 4 1
G 26 0 8 1
G 27 0 8 5
G 28 2 6 1
G 29 2 6 5
G 30 4 4 1
G 31 0 4 1
G 32 0 6 0
G 33 2 4 0
G 34 0 8 0
G 35 2 6 0
G 36 4 4 0
G 37 0 4 0
G 38 0 6 -2
G 39 2 4 -2
G 40 0 8 -2
G 41 2 6 -2
G 42 4 4 -2
G 43 0 4 -2
G 44 0 6 -3
G 45 0 6 -1
G 46 2 4 -3
G 47 2 4 -1
G 48 0 8 -3
G 49 0 8 -1
G 50 2 6 -3
G 51 2 6 -1
G 52 4 4 -3
G 53 4 4 -1
G 54 0 4 -3
G 55 0 4 -1
G 56 0 6 -4
G 57 2 4 -4
G 58 0 8 -4
G 59 2 6 -4
G 60 4 4 -4
G 61 0 4 -4
G 62 0 6 -5
G 63 0 8 -5
G 64 2 6 -5
G 65 0 6 -6
G 66 0 8 -6
G 67 2 6 -6
G 68 0 8 -7
G 69 0 8 -8

# TABLE <l> <l'> <rows> [SYMMETRIC]
# ROW <m> <m'> <terms>
# T <prefactor> <num> <den> <radicand> <geometry>

TABLE 2 6 65
ROW -2 -6 7
T 0  3 22 22  0
T 0  -9 22 110  1
T 1  1 130 2  2
T 1  -1 65 910  3
T 1  -1 55 22  4
T 1  9 286 110  5
T 2  9 8 110  6
ROW -2 -5 7
T 0  3 22 55  7
T 0  -3 11 165  8
T 1  1 130 10  9
T 1  -1 130 2730  10
T 1  -1 55 55  11
T 1  3 143 165  12
T 2  3 4 165  13
ROW -2 -4 9
T 0  9 22 10  14
T 0  -3 22 22  15
T 0  -3 11 105  16
T 1  1 130 30  17
T 1  -1 130 2002  18
T 1  -3 55 10  19
T 1  1 55 22  20
T 1  3 143 105  21
T 2  3 4 105  22
ROW -2 -3 9
T 0  3 11 30  23
T 0  -3 22 55  24
T 0  -9 11 7  25
T 1  1 130 70  26
T 1  -1 130 1430  27
T 1  -2 55 30  28
T 1  1 55 55  29
T 1  9 143 7  30
T 2  9 4 7  31
ROW -2 -2 12
T 0  3 11 70  32
T 0  -9 22 10  0
T 0  -3 11 70  33
T 0  3 22 2  1
T 1  1 65 70  34
T 1  -3 130 110  2
T 1  -2 55 70  35
T 1  3 55 10  4
T 1  3 143 70  36
T 1  -3 286 2  5
T 2  3 4 70  37
T 2  -3 8 2  6
ROW -2 -1 12
T 0  -21 22 3  23
T 0  -3 11 30  7
T 0  3 22 70  25
T 0  3 22 10  8
T 1  -3 65 7  26
T 1  -1 65 165  9
T 1  7 55 3  28
T 1  2 55 30  11
T 1  -3 286 70  30
T 1  -3 286 10  12
T 2  -3 8 70  31
T 2  -3 8 10  13
ROW -2 0 6
T 0  3 11 70  38
T 0  -3 11 15  39
T 1  1 65 210  40
T 1  -2 55 70  41
T 1  3 143 15  42
T 2  3 4 15  43
ROW -2 1 12
T 0  3 11 30  44
T 0  -21 22 3  45
T 0  -3 22 10  46
T 0  3 22 70  47
T 1  1 65 165  48
T 1  -3 65 7  49
T 1  -2 55 30  50
T 1  7 55 3  51
T 1  3 286 10  52
T 1  -3 286 70  53
T 2  3 8 10  54
T 2  -3 8 70  55
ROW -2 2 6
T 0  9 22 10  56
T 0  -3 22 2  57
T 1  3 130 110  58
T 1  -3 55 10  59
T 1  3 286 2  60
T 2  3 8 2  61
ROW -2 3 9
T 0  3 22 55  62
T 0  -3 11 30  45
T 0  9 11 7  47
T 1  1 130 1430  63
T 1  -1 130 70  49
T 1  -1 55 55  64
T 1  2 55 30  51
T 1  -9 143 7  53
T 2  -9 4 7  55
ROW -2 4 9
T 0  3 22 22  65
T 0  -9 22 10  38
T 0  3 11 105  39
T 1  1 130 2002  66
T 1  -1 130 30  40
T 1  -1 55 22  67
T 1  3 55 10  41
T 1  -3 143 105  42
T 2  -3 4 105  43
ROW -2 5 7
T 0  -3 22 55  44
T 0  3 11 165  46
T 1  1 130 2730  68
T 1  -1 130 10  48
T 1  1 55 55  50
T 1  -3 143 165  52
T 2  -3 4 165  54
ROW -2 6 7
T 0  -3 22 22  56
T 0  9 22 110  57
T 1  1 65 910  69
T 1  -1 130 2  58
T 1  1 55 22  59
T 1  -9 286 110  60
T 2  -9 8 110  61
ROW -1 -6 4
T 0  -3 2 1  24
T 1  -1 130 26  27
T 1  -1 130 910  10
T 1  1 5 1  29
ROW -1 -5 9
T 0  -9 44 66  0
T 0  3 2 1  15
T 0  -3 22 330  1
T 1  -2 65 6  2
T 1  -2 65 91  18
T 1  3 110 66  4
T 1  -1 5 1  20
T 1  3 286 330  5
T 2  3 8 330  6
ROW -1 -4 9
T 0  -21 44 10  7
T 0  9 44 66  24
T 0  -6 11 30  8
T 1  -1 65 55  9
T 1  -1 65 429  27
T 1  7 110 10  11
T 1  -3 110 66  29
T 1  6 143 30  12
T 2  3 2 30  13
ROW -1 -3 12
T 0  -15 22 3  14
T 0  21 44 10  0
T 0  -9 11 14  16
T 0  -9 22 2  1
T 1  -2 13 1  17
T 1  -2 65 110  2
T 1  1 11 3  19
T 1  -7 110 10  4
T 1  9 143 14  21
T 1  9 286 2  5
T 2  9 4 14  22
T 2  9 8 2  6
ROW -1 -2 12
T 0  -3 22 30  23
T 0  15 22 3  7
T 0  -12 11 7  25
T 0  -12 11 1  8
T 1  -3 130 70  26
T 1  -1 26 66  9
T 1  1 55 30  28
T 1  -1 11 3  11
T 1  12 143 7  30
T 1  12 143 1  12
T 2  3 1 7  31
T 2  3 1 1  13
ROW -1 -1 12
T 0  -3 22 7  32
T 0  3 22 30  14
T 0  -15 11 7  33
T 0  -3 11 35  16
T 1  -8 65 7  34
T 1  -6 65 10  17
T 1  1 55 7  35
T 1  -1 55 30  19
T 1  15 143 7  36
T 1  3 143 35  21
T 2  15 4 7  37
T 2  3 4 35  22
ROW -1 0 6
T 0  -3 22 7  45
T 0  6 11 30  47
T 1  14 65 3  49
T 1  1 55 7  51
T 1  -6 143 30  53
T 2  -3 2 30  55
ROW -1 1 6
T 0  -3 22 30  38
T 0  3 11 35  39
T 1  6 65 10  40
T 1  1 55 30  41
T 1  -3 143 35  42
T 2  -3 4 35  43
ROW -1 2 12
T 0  -15 22 3  44
T 0  3 22 30  45
T 0  12 11 1  46
T 0  12 11 7  47
T 1  1 26 66  48
T 1  3 130 70  49
T 1  1 11 3  50
T 1  -1 55 30  51
T 1  -12 143 1  52
T 1  -12 143 7  53
T 2  -3 1 1  54
T 2  -3 1 7  55
ROW -1 3 12
T 0  -21 44 10  56
T 0  15 22 3  38
T 0  9 22 2  57
T 0  9 11 14  39
T 1  2 65 110  58
T 1  2 13 1  40
T 1  7 110 10  59
T 1  -1 11 3  41
T 1  -9 286 2  60
T 1  -9 143 14  42
T 2  -9 8 2  61
T 2  -9 4 14  43
ROW -1 4 9
T 0  -9 44 66  62
T 0  21 44 10  44
T 0  6 11 30  46
T 1  1 65 429  63
T 1  1 65 55  48
T 1  3 110 66  64
T 1  -7 110 10  50
T 1  -6 143 30  52
T 2  -3 2 30  54
ROW -1 5 9
T 0  -3 2 1  65
T 0  9 44 66  56
T 0  3 22 330  57
T 1  2 65 91  66
T 1  2 65 6  58
T 1  1 5 1  67
T 1  -3 110 66  59
T 1  -3 286 330  60
T 2  -3 8 330  61
ROW -1 6 4
T 0  3 2 1  62
T 1  1 130 910  68
T 1  1 130 26  63
T 1  -1 5 1  64
ROW 0 -6 3
T 0  3 1 1  65
T 1  1 65 91  66
T 1  -2 5 1  67
ROW 0 -5 3
T 0  3 2 1  62
T 1  3 65 26  63
T 1  -1 5 1  64
ROW 0 -4 6
T 0  3 11 1  56
T 0  -9 11 5  57
T 1  6 65 11  58
T 1  -2 55 1  59
T 1  9 143 5  60
T 2  9 4 5  61
ROW 0 -3 6
T 0  -15 22 1  44
T 0  -18 11 3  46
T 1  1 13 22  48
T 1  1 11 1  50
T 1  18 143 3  52
T 2  9 2 3  54
ROW 0 -2 6
T 0  -15 11 1  38
T 0  -6 11 42  39
T 1  3 13 3  40
T 1  2 11 1  41
T 1  6 143 42  42
T 2  3 2 42  43
ROW 0 -1 6
T 0  -39 22 1  45
T 0  -3 11 210  47
T 1  6 65 21  49
T 1  13 55 1  51
T 1  3 143 210  53
T 2  3 4 210  55
ROW 0 0 6
T 0  -21 11 1  32
T 0  -45 11 1  33
T 1  28 65 1  34
T 1  14 55 1  35
T 1  45 143 1  36
T 2  45 4 1  37
ROW 0 1 6
T 0  -39 22 1  23
T 0  -3 11 210  25
T 1  6 65 21  26
T 1  13 55 1  28
T 1  3 143 210  30
T 2  3 4 210  31
ROW 0 2 6
T 0  -15 11 1  14
T 0  -6 11 42  16
T 1  3 13 3  17
T 1  2 11 1  19
T 1  6 143 42  21
T 2  3 2 42  22
ROW 0 3 6
T 0  -15 22 1  7
T 0  -18 11 3  8
T 1  1 13 22  9
T 1  1 11 1  11
T 1  18 143 3  12
T 2  9 2 3  13
ROW 0 4 6
T 0  3 11 1  0
T 0  -9 11 5  1
T 1  6 65 11  2
T 1  -2 55 1  4
T 1  9 143 5  5
T 2  9 4 5  6
ROW 0 5 3
T 0  3 2 1  24
T 1  3 65 26  27
T 1  -1 5 1  29
ROW 0 6 3
T 0  3 1 1  15
T 1  1 65 91  18
T 1  -2 5 1  20
ROW 1 -6 4
T 0  -3 2 1  62
T 1  1 130 910  68
T 1  -1 130 26  63
T 1  1 5 1  64
ROW 1 -5 9
T 0  -3 2 1  65
T 0  -9 44 66  56
T 0  -3 22 330  57
T 1  2 65 91  66
T 1  -2 65 6  58
T 1  1 5 1  67
T 1  3 110 66  59
T 1  3 286 330  60
T 2  3 8 330  61
ROW 1 -4 9
T 0  -9 44 66  62
T 0  -21 44 10  44
T 0  -6 11 30  46
T 1  1 65 429  63
T 1  -1 65 55  48
T 1  3 110 66  64
T 1  7 110 10  50
T 1  6 143 30  52
T 2  3 2 30  54
ROW 1 -3 12
T 0  -21 44 10  56
T 0  -15 22 3  38
T 0  9 22 2  57
T 0  -9 11 14  39
T 1  2 65 110  58
T 1  -2 13 1  40
T 1  7 110 10  59
T 1  1 11 3  41
T 1  -9 286 2  60
T 1  9 143 14  42
T 2  -9 8 2  61
T 2  9 4 14  43
ROW 1 -2 12
T 0  -15 22 3  44
T 0  -3 22 30  45
T 0  12 11 1  46
T 0  -12 11 7  47
T 1  1 26 66  48
T 1  -3 130 70  49
T 1  1 11 3  50
T 1  1 55 30  51
T 1  -12 143 1  52
T 1  12 143 7  53
T 2  -3 1 1  54
T 2  3 1 7  55
ROW 1 -1 6
T 0  -3 22 30  38
T 0  3 11 35  39
T 1  6 65 10  40
T 1  1 55 30  41
T 1  -3 143 35  42
T 2  -3 4 35  43
ROW 1 0 6
T 0  -3 22 7  23
T 0  6 11 30  25
T 1  14 65 3  26
T 1  1 55 7  28
T 1  -6 143 30  30
T 2  -3 2 30  31
ROW 1 1 12
T 0  -3 22 7  32
T 0  -3 22 30  14
T 0  -15 11 7  33
T 0  3 11 35  16
T 1  -8 65 7  34
T 1  6 65 10  17
T 1  1 55 7  35
T 1  1 55 30  19
T 1  15 143 7  36
T 1  -3 143 35  21
T 2  15 4 7  37
T 2  -3 4 35  22
ROW 1 2 12
T 0  -3 22 30  23
T 0  -15 22 3  7
T 0  -12 11 7  25
T 0  12 11 1  8
T 1  -3 130 70  26
T 1  1 26 66  9
T 1  1 55 30  28
T 1  1 11 3  11
T 1  12 143 7  30
T 1  -12 143 1  12
T 2  3 1 7  31
T 2  -3 1 1  13
ROW 1 3 12
T 0  -15 22 3  14
T 0  -21 44 10  0
T 0  -9 11 14  16
T 0  9 22 2  1
T 1  -2 13 1  17
T 1  2 65 110  2
T 1  1 11 3  19
T 1  7 110 10  4
T 1  9 143 14  21
T 1  -9 286 2  5
T 2  9 4 14  22
T 2  -9 8 2  6
ROW 1 4 9
T 0  -21 44 10  7
T 0  -9 44 66  24
T 0  -6 11 30  8
T 1  -1 65 55  9
T 1  1 65 429  27
T 1  7 110 10  11
T 1  3 110 66  29
T 1  6 143 30  12
T 2  3 2 30  13
ROW 1 5 9
T 0  -9 44 66  0
T 0  -3 2 1  15
T 0  -3 22 330  1
T 1  -2 65 6  2
T 1  2 65 91  18
T 1  3 110 66  4
T 1  1 5 1  20
T 1  3 286 330  5
T 2  3 8 330  6
ROW 1 6 4
T 0  -3 2 1  24
T 1  -1 130 26  27
T 1  1 130 910  10
T 1  1 5 1  29
ROW 2 -6 7
T 0  3 22 22  56
T 0  -9 22 110  57
T 1  1 65 910  69
T 1  1 130 2  58
T 1  -1 55 22  59
T 1  9 286 110  60
T 2  9 8 110  61
ROW 2 -5 7
T 0  3 22 55  44
T 0  -3 11 165  46
T 1  1 130 2730  68
T 1  1 130 10  48
T 1  -1 55 55  50
T 1  3 143 165  52
T 2  3 4 165  54
ROW 2 -4 9
T 0  3 22 22  65
T 0  9 22 10  38
T 0  -3 11 105  39
T 1  1 130 2002  66
T 1  1 130 30  40
T 1  -1 55 22  67
T 1  -3 55 10  41
T 1  3 143 105  42
T 2  3 4 105  43
ROW 2 -3 9
T 0  3 22 55  62
T 0  3 11 30  45
T 0  -9 11 7  47
T 1  1 130 1430  63
T 1  1 130 70  49
T 1  -1 55 55  64
T 1  -2 55 30  51
T 1  9 143 7  53
T 2  9 4 7  55
ROW 2 -2 6
T 0  9 22 10  56
T 0  -3 22 2  57
T 1  3 130 110  58
T 1  -3 55 10  59
T 1  3 286 2  60
T 2  3 8 2  61
ROW 2 -1 12
T 0  3 11 30  44
T 0  21 22 3  45
T 0  -3 22 10  46
T 0  -3 22 70  47
T 1  1 65 165  48
T 1  3 65 7  49
T 1  -2 55 30  50
T 1  -7 55 3  51
T 1  3 286 10  52
T 1  3 286 70  53
T 2  3 8 10  54
T 2  3 8 70  55
ROW 2 0 6
T 0  3 11 70  14
T 0  -3 11 15  16
T 1  1 65 210  17
T 1  -2 55 70  19
T 1  3 143 15  21
T 2  3 4 15  22
ROW 2 1 12
T 0  -21 22 3  23
T 0  3 11 30  7
T 0  3 22 70  25
T 0  -3 22 10  8
T 1  -3 65 7  26
T 1  1 65 165  9
T 1  7 55 3  28
T 1  -2 55 30  11
T 1  -3 286 70  30
T 1  3 286 10  12
T 2  -3 8 70  31
T 2  3 8 10  13
ROW 2 2 12
T 0  3 11 70  32
T 0  9 22 10  0
T 0  -3 11 70  33
T 0  -3 22 2  1
T 1  1 65 70  34
T 1  3 130 110  2
T 1  -2 55 70  35
T 1  -3 55 10  4
T 1  3 143 70  36
T 1  3 286 2  5
T 2  3 4 70  37
T 2  3 8 2  6
ROW 2 3 9
T 0  3 11 30  23
T 0  3 22 55  24
T 0  -9 11 7  25
T 1  1 130 70  26
T 1  1 130 1430  27
T 1  -2 55 30  28
T 1  -1 55 55  29
T 1  9 143 7  30
T 2  9 4 7  31
ROW 2 4 9
T 0  9 22 10  14
T 0  3 22 22  15
T 0  -3 11 105  16
T 1  1 130 30  17
T 1  1 130 2002  18
T 1  -3 55 10  19
T 1  -1 55 22  20
T 1  3 143 105  21
T 2  3 4 105  22
ROW 2 5 7
T 0  3 22 55  7
T 0  -3 11 165  8
T 1  1 130 10  9
T 1  1 130 2730  10
T 1  -1 55 55  11
T 1  3 143 165  12
T 2  3 4 165  13
ROW 2 6 7
T 0  3 22 22  0
T 0  -9 22 110  1
T 1  1 130 2  2
T 1  1 65 910  3
T 1  -1 55 22  4
T 1  9 286 110  5
T 2  9 8 110  6
