FORMAT 1
KERNEL S
SOURCE (s|S|s)
SHELLS 1 4

# E <id> <alpha> <beta> <mu> <p>
E 0 3 0 1 -4
E 1 3 0 0 -4

# G <id> <2k> <L> <M>
G 0 0 5 3
G 1 0 5 5
G 2 2 3 3
G 3 0 3 3
G 4 0 5 2
G 5 0 5 4
G 6 2 3 2
G 7 0 3 2
G 8 0 5 1
G 9 2 3 1
G 10 0 3 1
G 11 0 5 0
G 12 2 3 0
G 13 0 3 0
G 14 0 5 -1
G 15 2 3 -1
G 16 0 3 -1
G 17 0 5 -2
G 18 2 3 -2
G 19 0 3 -2
G 20 0 5 -3
G 21 2 3 -3
G 22 0 3 -3
G 23 0 5 -4
G 24 0 5 -5

# TABLE <l> <l'> <rows> [SYMMETRIC]
# ROW <m> <m'> <terms>
# T <prefactor> <num> <den> <radicand> <geometry>

TABLE 1 4 27
ROW -1 -4 4
T 0  1 18 2  0
T 0  1 6 10  1
T 0  -1 9 14  2
T 1  1 2 14  3
ROW -1 -3 4
T 0  1 18 6  4
T 0  1 3 2  5
T 0  -1 18 42  6
T 1  1 4 42  7
ROW -1 -2 6
T 0  1 9 3  8
T 0  1 9 14  0
T 0  -1 18 30  9
T 0  -1 18 2  2
T 1  1 4 30  10
T 1  1 4 2  3
ROW -1 -1 6
T 0  1 9 10  11
T 0  1 18 42  4
T 0  -1 9 10  12
T 0  -1 18 6  6
T 1  1 2 10  13
T 1  1 4 6  7
ROW -1 0 3
T 0  -1 9 15  14
T 0  1 9 6  15
T 1  -1 2 6  16
ROW -1 1 3
T 0  -1 18 42  17
T 0  1 18 6  18
T 1  -1 4 6  19
ROW -1 2 6
T 0  -1 9 14  20
T 0  -1 9 3  14
T 0  1 18 2  21
T 0  1 18 30  15
T 1  -1 4 2  22
T 1  -1 4 30  16
ROW -1 3 4
T 0  -1 3 2  23
T 0  -1 18 6  17
T 0  1 18 42  18
T 1  -1 4 42  19
ROW -1 4 4
T 0  -1 6 10  24
T 0  -1 18 2  20
T 0  1 9 14  21
T 1  -1 2 14  22
ROW 0 -4 1
T 0  -1 3 1  23
ROW 0 -3 3
T 0  -4 9 1  20
T 0  -1 9 7  21
T 1  1 2 7  22
ROW 0 -2 3
T 0  -1 9 21  17
T 0  -2 9 3  18
T 1  1 1 3  19
ROW 0 -1 3
T 0  -2 9 6  14
T 0  -1 9 15  15
T 1  1 2 15  16
ROW 0 0 3
T 0  -5 9 1  11
T 0  -4 9 1  12
T 1  2 1 1  13
ROW 0 1 3
T 0  -2 9 6  8
T 0  -1 9 15  9
T 1  1 2 15  10
ROW 0 2 3
T 0  -1 9 21  4
T 0  -2 9 3  6
T 1  1 1 3  7
ROW 0 3 3
T 0  -4 9 1  0
T 0  -1 9 7  2
T 1  1 2 7  3
ROW 0 4 1
T 0  -1 3 1  5
ROW 1 -4 4
T 0  -1 6 10  24
T 0  1 18 2  20
T 0  -1 9 14  21
T 1  1 2 14  22
ROW 1 -3 4
T 0  -1 3 2  23
T 0  1 18 6  17
T 0  -1 18 42  18
T 1  1 4 42  19
ROW 1 -2 6
T 0  -1 9 14  20
T 0  1 9 3  14
T 0  1 18 2  21
T 0  -1 18 30  15
T 1  -1 4 2  22
T 1  1 4 30  16
ROW 1 -1 3
T 0  -1 18 42  17
T 0  1 18 6  18
T 1  -1 4 6  19
ROW 1 0 3
T 0  -1 9 15  8
T 0  1 9 6  9
T 1  -1 2 6  10
ROW 1 1 6
T 0  1 9 10  11
T 0  -1 18 42  4
T 0  -1 9 10  12
T 0  1 18 6  6
T 1  1 2 10  13
T 1  -1 4 6  7
ROW 1 2 6
T 0  1 9 3  8
T 0  -1 9 14  0
T 0  -1 18 30  9
T 0  1 18 2  2
T 1  1 4 30  10
T 1  -1 4 2  3
ROW 1 3 4
T 0  1 18 6  4
T 0  -1 3 2  5
T 0  -1 18 42  6
T 1  1 4 42  7
ROW 1 4 4
T 0  1 18 2  0
T 0  -1 6 10  1
T 0  -1 9 14  2
T 1  1 2 14  3
