FORMAT 1
KERNEL S
SOURCE (s|S|s)
SHELLS 2 4

# E <id> <alpha> <beta> <mu> <p>
E 0 2 0 1 -4
E 1 2 0 2 -4
E 2 2 0 0 -4

# G <id> <2k> <L> <M>
G 0 0 4 2
G 1 2 2 2
G 2 0 6 2
G 3 0 6 6
G 4 2 4 2
G 5 4 2 2
G 6 0 2 2
G 7 0 4 1
G 8 2 2 1
G 9 0 6 1
G 10 0 6 5
G 11 2 4 1
G 12 4 2 1
G 13 0 2 1
G 14 0 4 0
G 15 0 4 4
G 16 2 2 0
G 17 0 6 0
G 18 0 6 4
G 19 2 4 0
G 20 2 4 4
G 21 4 2 0
G 22 0 2 0
G 23 0 4 3
G 24 0 6 3
G 25 2 4 3
G 26 0 4 -2
G 27 2 2 -2
G 28 0 6 -2
G 29 2 4 -2
G 30 4 2 -2
G 31 0 2 -2
G 32 0 4 -3
G 33 0 4 -1
G 34 2 2 -1
G 35 0 6 -3
G 36 0 6 -1
G 37 2 4 -3
G 38 2 4 -1
G 39 4 2 -1
G 40 0 2 -1
G 41 0 4 -4
G 42 0 6 -4
G 43 2 4 -4
G 44 0 6 -5
G 45 0 6 -6

# TABLE <l> <l'> <rows> [SYMMETRIC]
# ROW <m> <m'> <terms>
# T <prefactor> <num> <den> <radicand> <geometry>

TABLE 2 4 45
ROW -2 -4 7
T 0  1 7 21  0
T 0  -3 7 35  1
T 1  1 66 2  2
T 1  -1 22 110  3
T 1  -2 77 21  4
T 1  1 21 35  5
T 2  3 4 35  6
ROW -2 -3 7
T 0  3 14 21  7
T 0  -3 14 70  8
T 1  1 66 10  9
T 1  -1 33 165  10
T 1  -3 77 21  11
T 1  1 42 70  12
T 2  3 8 70  13
ROW -2 -2 9
T 0  3 7 15  14
T 0  -1 7 21  15
T 0  -3 7 15  16
T 1  1 33 15  17
T 1  -1 33 105  18
T 1  -6 77 15  19
T 1  2 77 21  20
T 1  1 21 15  21
T 2  3 4 15  22
ROW -2 -1 9
T 0  -5 7 3  7
T 0  -3 14 21  23
T 0  3 14 10  8
T 1  -1 66 70  9
T 1  -1 11 7  24
T 1  10 77 3  11
T 1  3 77 21  25
T 1  -1 42 10  12
T 2  -3 8 10  13
ROW -2 0 6
T 0  3 7 15  26
T 0  -3 7 1  27
T 1  1 33 70  28
T 1  -6 77 15  29
T 1  1 21 1  30
T 2  3 4 1  31
ROW -2 1 9
T 0  3 14 21  32
T 0  -5 7 3  33
T 0  3 14 10  34
T 1  1 11 7  35
T 1  -1 66 70  36
T 1  -3 77 21  37
T 1  10 77 3  38
T 1  -1 42 10  39
T 2  -3 8 10  40
ROW -2 2 3
T 0  1 7 21  41
T 1  1 33 105  42
T 1  -2 77 21  43
ROW -2 3 7
T 0  -3 14 21  33
T 0  3 14 70  34
T 1  1 33 165  44
T 1  -1 66 10  36
T 1  3 77 21  38
T 1  -1 42 70  39
T 2  -3 8 70  40
ROW -2 4 7
T 0  -1 7 21  26
T 0  3 7 35  27
T 1  1 22 110  45
T 1  -1 66 2  28
T 1  2 77 21  29
T 1  -1 21 35  30
T 2  -3 4 35  31
ROW -1 -4 4
T 0  -1 2 6  23
T 1  -1 22 2  24
T 1  -1 66 330  10
T 1  1 11 6  25
ROW -1 -3 9
T 0  -5 28 42  0
T 0  1 2 6  15
T 0  -3 14 70  1
T 1  -4 33 1  2
T 1  -2 33 30  18
T 1  5 154 42  4
T 1  -1 11 6  20
T 1  1 42 70  5
T 2  3 8 70  6
ROW -1 -2 9
T 0  -9 28 6  7
T 0  5 28 42  23
T 0  -6 7 5  8
T 1  -1 33 35  9
T 1  -1 11 14  24
T 1  9 154 6  11
T 1  -5 154 42  25
T 1  2 21 5  12
T 2  3 2 5  13
ROW -1 -1 12
T 0  -1 14 30  14
T 0  9 28 6  0
T 0  -3 7 30  16
T 0  -3 14 10  1
T 1  -2 33 30  17
T 1  -4 33 7  2
T 1  1 77 30  19
T 1  -9 154 6  4
T 1  1 21 30  21
T 1  1 42 10  5
T 2  3 4 30  22
T 2  3 8 10  6
ROW -1 0 6
T 0  -1 14 30  33
T 0  12 7 1  34
T 1  5 33 7  36
T 1  1 77 30  38
T 1  -4 21 1  39
T 2  -3 1 1  40
ROW -1 1 6
T 0  -9 28 6  26
T 0  3 14 10  27
T 1  4 33 7  28
T 1  9 154 6  29
T 1  -1 42 10  30
T 2  -3 8 10  31
ROW -1 2 9
T 0  -5 28 42  32
T 0  9 28 6  33
T 0  6 7 5  34
T 1  1 11 14  35
T 1  1 33 35  36
T 1  5 154 42  37
T 1  -9 154 6  38
T 1  -2 21 5  39
T 2  -3 2 5  40
ROW -1 3 9
T 0  -1 2 6  41
T 0  5 28 42  26
T 0  3 14 70  27
T 1  2 33 30  42
T 1  4 33 1  28
T 1  1 11 6  43
T 1  -5 154 42  29
T 1  -1 42 70  30
T 2  -3 8 70  31
ROW -1 4 4
T 0  1 2 6  32
T 1  1 66 330  44
T 1  1 22 2  35
T 1  -1 11 6  37
ROW 0 -4 3
T 0  2 1 1  41
T 1  1 11 5  42
T 1  -4 11 1  43
ROW 0 -3 3
T 0  1 2 1  32
T 1  2 11 3  35
T 1  -1 11 1  37
ROW 0 -2 6
T 0  -4 7 1  26
T 0  -3 7 15  27
T 1  2 33 42  28
T 1  8 77 1  29
T 1  1 21 15  30
T 2  3 4 15  31
ROW 0 -1 6
T 0  -17 14 1  33
T 0  -3 7 30  34
T 1  1 33 210  36
T 1  17 77 1  38
T 1  1 21 30  39
T 2  3 4 30  40
ROW 0 0 6
T 0  -10 7 1  14
T 0  -18 7 1  16
T 1  5 11 1  17
T 1  20 77 1  19
T 1  2 7 1  21
T 2  9 2 1  22
ROW 0 1 6
T 0  -17 14 1  7
T 0  -3 7 30  8
T 1  1 33 210  9
T 1  17 77 1  11
T 1  1 21 30  12
T 2  3 4 30  13
ROW 0 2 6
T 0  -4 7 1  0
T 0  -3 7 15  1
T 1  2 33 42  2
T 1  8 77 1  4
T 1  1 21 15  5
T 2  3 4 15  6
ROW 0 3 3
T 0  1 2 1  23
T 1  2 11 3  24
T 1  -1 11 1  25
ROW 0 4 3
T 0  2 1 1  15
T 1  1 11 5  18
T 1  -4 11 1  20
ROW 1 -4 4
T 0  -1 2 6  32
T 1  1 66 330  44
T 1  -1 22 2  35
T 1  1 11 6  37
ROW 1 -3 9
T 0  -1 2 6  41
T 0  -5 28 42  26
T 0  -3 14 70  27
T 1  2 33 30  42
T 1  -4 33 1  28
T 1  1 11 6  43
T 1  5 154 42  29
T 1  1 42 70  30
T 2  3 8 70  31
ROW 1 -2 9
T 0  -5 28 42  32
T 0  -9 28 6  33
T 0  -6 7 5  34
T 1  1 11 14  35
T 1  -1 33 35  36
T 1  5 154 42  37
T 1  9 154 6  38
T 1  2 21 5  39
T 2  3 2 5  40
ROW 1 -1 6
T 0  -9 28 6  26
T 0  3 14 10  27
T 1  4 33 7  28
T 1  9 154 6  29
T 1  -1 42 10  30
T 2  -3 8 10  31
ROW 1 0 6
T 0  -1 14 30  7
T 0  12 7 1  8
T 1  5 33 7  9
T 1  1 77 30  11
T 1  -4 21 1  12
T 2  -3 1 1  13
ROW 1 1 12
T 0  -1 14 30  14
T 0  -9 28 6  0
T 0  -3 7 30  16
T 0  3 14 10  1
T 1  -2 33 30  17
T 1  4 33 7  2
T 1  1 77 30  19
T 1  9 154 6  4
T 1  1 21 30  21
T 1  -1 42 10  5
T 2  3 4 30  22
T 2  -3 8 10  6
ROW 1 2 9
T 0  -9 28 6  7
T 0  -5 28 42  23
T 0  -6 7 5  8
T 1  -1 33 35  9
T 1  1 11 14  24
T 1  9 154 6  11
T 1  5 154 42  25
T 1  2 21 5  12
T 2  3 2 5  13
ROW 1 3 9
T 0  -5 28 42  0
T 0  -1 2 6  15
T 0  -3 14 70  1
T 1  -4 33 1  2
T 1  2 33 30  18
T 1  5 154 42  4
T 1  1 11 6  20
T 1  1 42 70  5
T 2  3 8 70  6
ROW 1 4 4
T 0  -1 2 6  23
T 1  -1 22 2  24
T 1  1 66 330  10
T 1  1 11 6  25
ROW 2 -4 7
T 0  1 7 21  26
T 0  -3 7 35  27
T 1  1 22 110  45
T 1  1 66 2  28
T 1  -2 77 21  29
T 1  1 21 35  30
T 2  3 4 35  31
ROW 2 -3 7
T 0  3 14 21  33
T 0  -3 14 70  34
T 1  1 33 165  44
T 1  1 66 10  36
T 1  -3 77 21  38
T 1  1 42 70  39
T 2  3 8 70  40
ROW 2 -2 3
T 0  1 7 21  41
T 1  1 33 105  42
T 1  -2 77 21  43
ROW 2 -1 9
T 0  3 14 21  32
T 0  5 7 3  33
T 0  -3 14 10  34
T 1  1 11 7  35
T 1  1 66 70  36
T 1  -3 77 21  37
T 1  -10 77 3  38
T 1  1 42 10  39
T 2  3 8 10  40
ROW 2 0 6
T 0  3 7 15  0
T 0  -3 7 1  1
T 1  1 33 70  2
T 1  -6 77 15  4
T 1  1 21 1  5
T 2  3 4 1  6
ROW 2 1 9
T 0  -5 7 3  7
T 0  3 14 21  23
T 0  3 14 10  8
T 1  -1 66 70  9
T 1  1 11 7  24
T 1  10 77 3  11
T 1  -3 77 21  25
T 1  -1 42 10  12
T 2  -3 8 10  13
ROW 2 2 9
T 0  3 7 15  14
T 0  1 7 21  15
T 0  -3 7 15  16
T 1  1 33 15  17
T 1  1 33 105  18
T 1  -6 77 15  19
T 1  -2 77 21  20
T 1  1 21 15  21
T 2  3 4 15  22
ROW 2 3 7
T 0  3 14 21  7
T 0  -3 14 70  8
T 1  1 66 10  9
T 1  1 33 165  10
T 1  -3 77 21  11
T 1  1 42 70  12
T 2  3 8 70  13
ROW 2 4 7
T 0  1 7 21  0
T 0  -3 7 35  1
T 1  1 66 2  2
T 1  1 22 110  3
T 1  -2 77 21  4
T 1  1 21 35  5
T 2  3 4 35  6
