@BASIS_SET AUG-CC-PVTZ-RIFIT  !AUG-CC-PVTZ-RIFIT

@ATOMBASIS H
S 1  1
8.512827591000e+00  1.000000000000e+00
S 1  1
1.873089116600e+00  1.000000000000e+00
S 1  1
5.261842694100e-01  1.000000000000e+00
S 1  1
2.897398993600e-01  1.000000000000e+00
S 1  1
1.271943606300e-01  1.000000000000e+00
P 1  1
2.372549163500e+00  1.000000000000e+00
P 1  1
1.180408446800e+00  1.000000000000e+00
P 1  1
6.038220424100e-01  1.000000000000e+00
P 1  1
2.355128952100e-01  1.000000000000e+00
D 1  1
1.809637318900e+00  1.000000000000e+00
D 1  1
1.143972605500e+00  1.000000000000e+00
D 1  1
4.366540505300e-01  1.000000000000e+00
F 1  1
1.806306057600e+00  1.000000000000e+00
F 1  1
2.529778776300e-01  1.000000000000e+00
@END

@ATOMBASIS HE
S 1  1
2.347678518000e+01  1.000000000000e+00
S 1  1
5.058369704800e+00  1.000000000000e+00
S 1  1
1.185425865600e+00  1.000000000000e+00
S 1  1
6.414253860700e-01  1.000000000000e+00
S 1  1
2.398074906300e-01  1.000000000000e+00
S 1  1
8.726381628000e-02  1.000000000000e+00
P 1  1
7.369432355100e+00  1.000000000000e+00
P 1  1
3.513828420600e+00  1.000000000000e+00
P 1  1
1.322397538500e+00  1.000000000000e+00
P 1  1
5.024979211800e-01  1.000000000000e+00
P 1  1
2.400066393200e-01  1.000000000000e+00
D 1  1
4.857289224200e+00  1.000000000000e+00
D 1  1
2.475791471500e+00  1.000000000000e+00
D 1  1
8.034066571300e-01  1.000000000000e+00
@END

@ATOMBASIS BE
S 1  1
1.154100000000e+02  1.000000000000e+00
S 1  1
2.742010000000e+01  1.000000000000e+00
S 1  1
8.957890000000e+00  1.000000000000e+00
S 1  1
3.300360000000e+00  1.000000000000e+00
S 1  1
1.079390000000e+00  1.000000000000e+00
S 1  1
4.506450000000e-01  1.000000000000e+00
S 1  1
1.862930000000e-01  1.000000000000e+00
S 1  1
1.020490000000e-01  1.000000000000e+00
S 1  1
5.590000000000e-02  1.000000000000e+00
P 1  1
1.295850000000e+01  1.000000000000e+00
P 1  1
3.563240000000e+00  1.000000000000e+00
P 1  1
1.152630000000e+00  1.000000000000e+00
P 1  1
5.500860000000e-01  1.000000000000e+00
P 1  1
2.445000000000e-01  1.000000000000e+00
P 1  1
1.075620000000e-01  1.000000000000e+00
P 1  1
4.731900000000e-02  1.000000000000e+00
D 1  1
5.022910000000e+00  1.000000000000e+00
D 1  1
1.698000000000e+00  1.000000000000e+00
D 1  1
4.889120000000e-01  1.000000000000e+00
D 1  1
2.653570000000e-01  1.000000000000e+00
D 1  1
1.006980000000e-01  1.000000000000e+00
D 1  1
3.821300000000e-02  1.000000000000e+00
F 1  1
1.670530000000e+00  1.000000000000e+00
F 1  1
4.526960000000e-01  1.000000000000e+00
F 1  1
2.546720000000e-01  1.000000000000e+00
F 1  1
1.525650000000e-01  1.000000000000e+00
G 1  1
5.000000000000e-01  1.000000000000e+00
G 1  1
1.773480000000e-01  1.000000000000e+00
@END

@ATOMBASIS B
S 1  1
1.437660729200e+02  1.000000000000e+00
S 1  1
3.241535999400e+01  1.000000000000e+00
S 1  1
1.229969392500e+01  1.000000000000e+00
S 1  1
4.566409191700e+00  1.000000000000e+00
S 1  1
1.500975845500e+00  1.000000000000e+00
S 1  1
8.503669096800e-01  1.000000000000e+00
S 1  1
3.983896658000e-01  1.000000000000e+00
S 1  1
1.831322324200e-01  1.000000000000e+00
S 1  1
6.306050849300e-02  1.000000000000e+00
P 1  1
1.616563097400e+01  1.000000000000e+00
P 1  1
4.149989358600e+00  1.000000000000e+00
P 1  1
1.466888875200e+00  1.000000000000e+00
P 1  1
7.121491189100e-01  1.000000000000e+00
P 1  1
3.863722452900e-01  1.000000000000e+00
P 1  1
1.793166063100e-01  1.000000000000e+00
P 1  1
6.450817570000e-02  1.000000000000e+00
D 1  1
6.424445391400e+00  1.000000000000e+00
D 1  1
2.294292411300e+00  1.000000000000e+00
D 1  1
8.852156337500e-01  1.000000000000e+00
D 1  1
3.654829585300e-01  1.000000000000e+00
D 1  1
1.533570594500e-01  1.000000000000e+00
D 1  1
6.434879420300e-02  1.000000000000e+00
F 1  1
2.010344970700e+00  1.000000000000e+00
F 1  1
7.126585513800e-01  1.000000000000e+00
F 1  1
3.484588080100e-01  1.000000000000e+00
F 1  1
1.202439266600e-01  1.000000000000e+00
G 1  1
7.593214427100e-01  1.000000000000e+00
G 1  1
2.502318978000e-01  1.000000000000e+00
@END

@ATOMBASIS C
S 1  1
2.805566118800e+02  1.000000000000e+00
S 1  1
6.023024719100e+01  1.000000000000e+00
S 1  1
2.211665082400e+01  1.000000000000e+00
S 1  1
6.862093289600e+00  1.000000000000e+00
S 1  1
1.562254953900e+00  1.000000000000e+00
S 1  1
9.124504549500e-01  1.000000000000e+00
S 1  1
5.027491704400e-01  1.000000000000e+00
S 1  1
2.158234874900e-01  1.000000000000e+00
S 1  1
1.015362786100e-01  1.000000000000e+00
P 1  1
2.423186517600e+01  1.000000000000e+00
P 1  1
6.476451418500e+00  1.000000000000e+00
P 1  1
2.129088467700e+00  1.000000000000e+00
P 1  1
1.037563974600e+00  1.000000000000e+00
P 1  1
5.494127504600e-01  1.000000000000e+00
P 1  1
2.815265223100e-01  1.000000000000e+00
P 1  1
1.150595443600e-01  1.000000000000e+00
D 1  1
9.718981081500e+00  1.000000000000e+00
D 1  1
3.035147500300e+00  1.000000000000e+00
D 1  1
1.467773756200e+00  1.000000000000e+00
D 1  1
5.737082790900e-01  1.000000000000e+00
D 1  1
2.905558966800e-01  1.000000000000e+00
D 1  1
1.489045600500e-01  1.000000000000e+00
F 1  1
2.275620130300e+00  1.000000000000e+00
F 1  1
1.196889885200e+00  1.000000000000e+00
F 1  1
5.415748721600e-01  1.000000000000e+00
F 1  1
2.017927703700e-01  1.000000000000e+00
G 1  1
1.216610163800e+00  1.000000000000e+00
G 1  1
4.359975294500e-01  1.000000000000e+00
@END

@ATOMBASIS N
S 1  1
2.875092694700e+02  1.000000000000e+00
S 1  1
6.427603089800e+01  1.000000000000e+00
S 1  1
2.168192401600e+01  1.000000000000e+00
S 1  1
7.906874319300e+00  1.000000000000e+00
S 1  1
2.431967391300e+00  1.000000000000e+00
S 1  1
1.222668147400e+00  1.000000000000e+00
S 1  1
7.667482735600e-01  1.000000000000e+00
S 1  1
3.115884699400e-01  1.000000000000e+00
S 1  1
1.010973622600e-01  1.000000000000e+00
P 1  1
3.496502737100e+01  1.000000000000e+00
P 1  1
1.032389664800e+01  1.000000000000e+00
P 1  1
2.898158264300e+00  1.000000000000e+00
P 1  1
1.407740455500e+00  1.000000000000e+00
P 1  1
8.508338653600e-01  1.000000000000e+00
P 1  1
3.735327414500e-01  1.000000000000e+00
P 1  1
1.481018367400e-01  1.000000000000e+00
D 1  1
1.390863708900e+01  1.000000000000e+00
D 1  1
4.584723253100e+00  1.000000000000e+00
D 1  1
2.210184865100e+00  1.000000000000e+00
D 1  1
8.376830120900e-01  1.000000000000e+00
D 1  1
4.194837560800e-01  1.000000000000e+00
D 1  1
1.341064913900e-01  1.000000000000e+00
F 1  1
3.473066578800e+00  1.000000000000e+00
F 1  1
1.558946354800e+00  1.000000000000e+00
F 1  1
8.467763823900e-01  1.000000000000e+00
F 1  1
2.885874333700e-01  1.000000000000e+00
G 1  1
1.776406628100e+00  1.000000000000e+00
G 1  1
5.998118830500e-01  1.000000000000e+00
@END

@ATOMBASIS O
S 1  1
3.665453150300e+02  1.000000000000e+00
S 1  1
7.669331485800e+01  1.000000000000e+00
S 1  1
2.457383509100e+01  1.000000000000e+00
S 1  1
8.416558507200e+00  1.000000000000e+00
S 1  1
3.020208035600e+00  1.000000000000e+00
S 1  1
1.333156361700e+00  1.000000000000e+00
S 1  1
8.125065872700e-01  1.000000000000e+00
S 1  1
3.650525366200e-01  1.000000000000e+00
S 1  1
1.121182011800e-01  1.000000000000e+00
P 1  1
5.285438642300e+01  1.000000000000e+00
P 1  1
1.502179582400e+01  1.000000000000e+00
P 1  1
3.913771948200e+00  1.000000000000e+00
P 1  1
2.167884061100e+00  1.000000000000e+00
P 1  1
9.741924398400e-01  1.000000000000e+00
P 1  1
5.184561541200e-01  1.000000000000e+00
P 1  1
2.135445992600e-01  1.000000000000e+00
D 1  1
1.590773313200e+01  1.000000000000e+00
D 1  1
5.379932921500e+00  1.000000000000e+00
D 1  1
2.955262392100e+00  1.000000000000e+00
D 1  1
1.162445899700e+00  1.000000000000e+00
D 1  1
5.035339942100e-01  1.000000000000e+00
D 1  1
1.673457467600e-01  1.000000000000e+00
F 1  1
4.687384670100e+00  1.000000000000e+00
F 1  1
2.151278948900e+00  1.000000000000e+00
F 1  1
1.089406816900e+00  1.000000000000e+00
F 1  1
4.038370454300e-01  1.000000000000e+00
G 1  1
2.327096487800e+00  1.000000000000e+00
G 1  1
7.865575716200e-01  1.000000000000e+00
@END

@ATOMBASIS F
S 1  1
4.229261644300e+02  1.000000000000e+00
S 1  1
9.457498093100e+01  1.000000000000e+00
S 1  1
3.290124299700e+01  1.000000000000e+00
S 1  1
1.154389645700e+01  1.000000000000e+00
S 1  1
3.665445275800e+00  1.000000000000e+00
S 1  1
1.762717017400e+00  1.000000000000e+00
S 1  1
1.055048433500e+00  1.000000000000e+00
S 1  1
4.524931780300e-01  1.000000000000e+00
S 1  1
1.603633350500e-01  1.000000000000e+00
P 1  1
5.172583643600e+01  1.000000000000e+00
P 1  1
1.392562528700e+01  1.000000000000e+00
P 1  1
4.756681430000e+00  1.000000000000e+00
P 1  1
2.636687236600e+00  1.000000000000e+00
P 1  1
1.260978829200e+00  1.000000000000e+00
P 1  1
6.487962288700e-01  1.000000000000e+00
P 1  1
2.796444005200e-01  1.000000000000e+00
D 1  1
1.871362192200e+01  1.000000000000e+00
D 1  1
6.421169731400e+00  1.000000000000e+00
D 1  1
3.818509568300e+00  1.000000000000e+00
D 1  1
1.523280486500e+00  1.000000000000e+00
D 1  1
6.269873182600e-01  1.000000000000e+00
D 1  1
2.510487947800e-01  1.000000000000e+00
F 1  1
6.194742872300e+00  1.000000000000e+00
F 1  1
2.969812848200e+00  1.000000000000e+00
F 1  1
1.439372598000e+00  1.000000000000e+00
F 1  1
5.456614289100e-01  1.000000000000e+00
G 1  1
3.115636799000e+00  1.000000000000e+00
G 1  1
1.102818436900e+00  1.000000000000e+00
@END

@ATOMBASIS NE
S 1  1
6.653890000000e+02  1.000000000000e+00
S 1  1
1.367780000000e+02  1.000000000000e+00
S 1  1
3.747400000000e+01  1.000000000000e+00
S 1  1
1.724020000000e+01  1.000000000000e+00
S 1  1
4.134000000000e+00  1.000000000000e+00
S 1  1
2.104680000000e+00  1.000000000000e+00
S 1  1
1.100950000000e+00  1.000000000000e+00
S 1  1
6.080610000000e-01  1.000000000000e+00
S 1  1
2.553392439900e-01  1.000000000000e+00
P 1  1
7.848850000000e+01  1.000000000000e+00
P 1  1
2.272850000000e+01  1.000000000000e+00
P 1  1
6.440890000000e+00  1.000000000000e+00
P 1  1
3.808840000000e+00  1.000000000000e+00
P 1  1
1.603980000000e+00  1.000000000000e+00
P 1  1
8.288990000000e-01  1.000000000000e+00
P 1  1
3.964168991200e-01  1.000000000000e+00
D 1  1
2.312670000000e+01  1.000000000000e+00
D 1  1
7.857430000000e+00  1.000000000000e+00
D 1  1
4.839550000000e+00  1.000000000000e+00
D 1  1
1.923370000000e+00  1.000000000000e+00
D 1  1
7.765760000000e-01  1.000000000000e+00
D 1  1
3.325733009900e-01  1.000000000000e+00
F 1  1
8.178920000000e+00  1.000000000000e+00
F 1  1
3.886870000000e+00  1.000000000000e+00
F 1  1
1.846070000000e+00  1.000000000000e+00
F 1  1
7.370525083100e-01  1.000000000000e+00
G 1  1
4.110880000000e+00  1.000000000000e+00
G 1  1
1.578500653800e+00  1.000000000000e+00
@END

@ATOMBASIS MG
S 1  1
2.474820000000e+02  1.000000000000e+00
S 1  1
8.230650000000e+01  1.000000000000e+00
S 1  1
3.188820000000e+01  1.000000000000e+00
S 1  1
1.236280000000e+01  1.000000000000e+00
S 1  1
4.993410000000e+00  1.000000000000e+00
S 1  1
1.707810000000e+00  1.000000000000e+00
S 1  1
7.904490000000e-01  1.000000000000e+00
S 1  1
2.751530000000e-01  1.000000000000e+00
S 1  1
1.234430000000e-01  1.000000000000e+00
S 1  1
7.712330000000e-02  1.000000000000e+00
S 1  1
3.843530000000e-02  1.000000000000e+00
P 1  1
5.864020000000e+01  1.000000000000e+00
P 1  1
7.176800000000e+00  1.000000000000e+00
P 1  1
3.498730000000e+00  1.000000000000e+00
P 1  1
1.518220000000e+00  1.000000000000e+00
P 1  1
8.068480000000e-01  1.000000000000e+00
P 1  1
3.265590000000e-01  1.000000000000e+00
P 1  1
1.547200000000e-01  1.000000000000e+00
P 1  1
7.247740000000e-02  1.000000000000e+00
P 1  1
4.125900000000e-02  1.000000000000e+00
D 1  1
2.992120000000e+01  1.000000000000e+00
D 1  1
9.113940000000e+00  1.000000000000e+00
D 1  1
3.171490000000e+00  1.000000000000e+00
D 1  1
1.488380000000e+00  1.000000000000e+00
D 1  1
5.720010000000e-01  1.000000000000e+00
D 1  1
3.928160000000e-01  1.000000000000e+00
D 1  1
1.847200000000e-01  1.000000000000e+00
D 1  1
8.477730000000e-02  1.000000000000e+00
F 1  1
4.609120000000e+00  1.000000000000e+00
F 1  1
1.543470000000e+00  1.000000000000e+00
F 1  1
6.449900000000e-01  1.000000000000e+00
F 1  1
3.342250000000e-01  1.000000000000e+00
F 1  1
1.745750000000e-01  1.000000000000e+00
F 1  1
1.042770000000e-01  1.000000000000e+00
G 1  1
1.764550000000e+00  1.000000000000e+00
G 1  1
7.172190000000e-01  1.000000000000e+00
G 1  1
1.309590000000e-01  1.000000000000e+00
@END

@ATOMBASIS AL
S 1  1
3.006264090300e+02  1.000000000000e+00
S 1  1
1.047739527500e+02  1.000000000000e+00
S 1  1
4.051245052600e+01  1.000000000000e+00
S 1  1
1.625516882300e+01  1.000000000000e+00
S 1  1
6.740579350600e+00  1.000000000000e+00
S 1  1
3.085572664300e+00  1.000000000000e+00
S 1  1
1.348204125400e+00  1.000000000000e+00
S 1  1
5.421425040400e-01  1.000000000000e+00
S 1  1
2.297646722700e-01  1.000000000000e+00
S 1  1
1.328970406700e-01  1.000000000000e+00
S 1  1
4.854333703600e-02  1.000000000000e+00
P 1  1
7.620234432500e+01  1.000000000000e+00
P 1  1
9.732374822200e+00  1.000000000000e+00
P 1  1
5.430097625700e+00  1.000000000000e+00
P 1  1
2.049895450200e+00  1.000000000000e+00
P 1  1
8.784678191300e-01  1.000000000000e+00
P 1  1
3.439161963600e-01  1.000000000000e+00
P 1  1
1.651227032900e-01  1.000000000000e+00
P 1  1
6.907734343000e-02  1.000000000000e+00
P 1  1
3.179633577600e-02  1.000000000000e+00
D 1  1
3.733015683300e+01  1.000000000000e+00
D 1  1
1.104715250000e+01  1.000000000000e+00
D 1  1
3.743439593600e+00  1.000000000000e+00
D 1  1
1.882568168000e+00  1.000000000000e+00
D 1  1
7.453126153400e-01  1.000000000000e+00
D 1  1
4.569540206500e-01  1.000000000000e+00
D 1  1
1.947989641700e-01  1.000000000000e+00
D 1  1
7.949393678300e-02  1.000000000000e+00
F 1  1
5.781499220600e+00  1.000000000000e+00
F 1  1
2.629588042200e+00  1.000000000000e+00
F 1  1
6.840435099400e-01  1.000000000000e+00
F 1  1
4.583670664200e-01  1.000000000000e+00
F 1  1
2.067709632000e-01  1.000000000000e+00
F 1  1
6.977590252400e-02  1.000000000000e+00
G 1  1
1.301047317500e+00  1.000000000000e+00
G 1  1
3.511123942600e-01  1.000000000000e+00
G 1  1
1.156175571700e-01  1.000000000000e+00
@END

@ATOMBASIS SI
S 1  1
2.548988636800e+02  1.000000000000e+00
S 1  1
9.336933602200e+01  1.000000000000e+00
S 1  1
3.484818831600e+01  1.000000000000e+00
S 1  1
1.110181665900e+01  1.000000000000e+00
S 1  1
5.964581708200e+00  1.000000000000e+00
S 1  1
2.782704512100e+00  1.000000000000e+00
S 1  1
1.131451360900e+00  1.000000000000e+00
S 1  1
6.252109607600e-01  1.000000000000e+00
S 1  1
2.810522154200e-01  1.000000000000e+00
S 1  1
1.636361289400e-01  1.000000000000e+00
S 1  1
7.233316775600e-02  1.000000000000e+00
P 1  1
9.383111415600e+01  1.000000000000e+00
P 1  1
9.865737557500e+00  1.000000000000e+00
P 1  1
3.788508808600e+00  1.000000000000e+00
P 1  1
1.971136160100e+00  1.000000000000e+00
P 1  1
1.122508320500e+00  1.000000000000e+00
P 1  1
4.504019846300e-01  1.000000000000e+00
P 1  1
2.333556169500e-01  1.000000000000e+00
P 1  1
1.528121245100e-01  1.000000000000e+00
P 1  1
6.539694677700e-02  1.000000000000e+00
D 1  1
3.380182011400e+01  1.000000000000e+00
D 1  1
9.676144648500e+00  1.000000000000e+00
D 1  1
4.610793901800e+00  1.000000000000e+00
D 1  1
1.936839016100e+00  1.000000000000e+00
D 1  1
7.194864647000e-01  1.000000000000e+00
D 1  1
3.611840546900e-01  1.000000000000e+00
D 1  1
2.051470090300e-01  1.000000000000e+00
D 1  1
1.102392196400e-01  1.000000000000e+00
F 1  1
7.940197495700e+00  1.000000000000e+00
F 1  1
3.548999828200e+00  1.000000000000e+00
F 1  1
1.300006062000e+00  1.000000000000e+00
F 1  1
6.156394217100e-01  1.000000000000e+00
F 1  1
2.915506774900e-01  1.000000000000e+00
F 1  1
1.111865290000e-01  1.000000000000e+00
G 1  1
1.844334104500e+00  1.000000000000e+00
G 1  1
5.122436930900e-01  1.000000000000e+00
G 1  1
2.000034324200e-01  1.000000000000e+00
@END

@ATOMBASIS P
S 1  1
3.004106881000e+02  1.000000000000e+00
S 1  1
1.062884095800e+02  1.000000000000e+00
S 1  1
3.906099222900e+01  1.000000000000e+00
S 1  1
1.302607458200e+01  1.000000000000e+00
S 1  1
7.070193259300e+00  1.000000000000e+00
S 1  1
3.275330264100e+00  1.000000000000e+00
S 1  1
1.305567025200e+00  1.000000000000e+00
S 1  1
7.346534178300e-01  1.000000000000e+00
S 1  1
3.903215908400e-01  1.000000000000e+00
S 1  1
1.809962911800e-01  1.000000000000e+00
S 1  1
5.082803106000e-02  1.000000000000e+00
P 1  1
1.029093551400e+02  1.000000000000e+00
P 1  1
1.191467772400e+01  1.000000000000e+00
P 1  1
4.255294037900e+00  1.000000000000e+00
P 1  1
2.519938717200e+00  1.000000000000e+00
P 1  1
9.022591469000e-01  1.000000000000e+00
P 1  1
6.064917200700e-01  1.000000000000e+00
P 1  1
3.116346072000e-01  1.000000000000e+00
P 1  1
1.915807578600e-01  1.000000000000e+00
P 1  1
8.976356612700e-02  1.000000000000e+00
D 1  1
3.607651940100e+01  1.000000000000e+00
D 1  1
1.079600532500e+01  1.000000000000e+00
D 1  1
6.395849645700e+00  1.000000000000e+00
D 1  1
2.416351574700e+00  1.000000000000e+00
D 1  1
1.020778076200e+00  1.000000000000e+00
D 1  1
4.905637537400e-01  1.000000000000e+00
D 1  1
2.357312640000e-01  1.000000000000e+00
D 1  1
7.752453962000e-02  1.000000000000e+00
F 1  1
9.073810284300e+00  1.000000000000e+00
F 1  1
3.504646832200e+00  1.000000000000e+00
F 1  1
1.380790129100e+00  1.000000000000e+00
F 1  1
7.561513921700e-01  1.000000000000e+00
F 1  1
3.848138669200e-01  1.000000000000e+00
F 1  1
1.422591704900e-01  1.000000000000e+00
G 1  1
2.541255675300e+00  1.000000000000e+00
G 1  1
6.963092469100e-01  1.000000000000e+00
G 1  1
2.705643751300e-01  1.000000000000e+00
@END

@ATOMBASIS S
S 1  1
3.461601733200e+02  1.000000000000e+00
S 1  1
1.180687690800e+02  1.000000000000e+00
S 1  1
4.257879104400e+01  1.000000000000e+00
S 1  1
1.507184696600e+01  1.000000000000e+00
S 1  1
8.165998510700e+00  1.000000000000e+00
S 1  1
3.928003876900e+00  1.000000000000e+00
S 1  1
1.677761748300e+00  1.000000000000e+00
S 1  1
9.182005756300e-01  1.000000000000e+00
S 1  1
4.498011943100e-01  1.000000000000e+00
S 1  1
1.930313266900e-01  1.000000000000e+00
S 1  1
6.658619223800e-02  1.000000000000e+00
P 1  1
1.153216148700e+02  1.000000000000e+00
P 1  1
1.325473207700e+01  1.000000000000e+00
P 1  1
4.940750943400e+00  1.000000000000e+00
P 1  1
3.204935163100e+00  1.000000000000e+00
P 1  1
1.128990457000e+00  1.000000000000e+00
P 1  1
7.538513316100e-01  1.000000000000e+00
P 1  1
4.741571913200e-01  1.000000000000e+00
P 1  1
2.514473603800e-01  1.000000000000e+00
P 1  1
1.194650434200e-01  1.000000000000e+00
D 1  1
4.843822835600e+01  1.000000000000e+00
D 1  1
1.350209942800e+01  1.000000000000e+00
D 1  1
6.457534855100e+00  1.000000000000e+00
D 1  1
2.957204276000e+00  1.000000000000e+00
D 1  1
1.244739902800e+00  1.000000000000e+00
D 1  1
6.034929250600e-01  1.000000000000e+00
D 1  1
2.556835000400e-01  1.000000000000e+00
D 1  1
9.675240496700e-02  1.000000000000e+00
F 1  1
1.130273032600e+01  1.000000000000e+00
F 1  1
4.950345570700e+00  1.000000000000e+00
F 1  1
1.815427928500e+00  1.000000000000e+00
F 1  1
1.029009709700e+00  1.000000000000e+00
F 1  1
4.892003139900e-01  1.000000000000e+00
F 1  1
1.965507438700e-01  1.000000000000e+00
G 1  1
2.956947455900e+00  1.000000000000e+00
G 1  1
8.638382499300e-01  1.000000000000e+00
G 1  1
3.577437820800e-01  1.000000000000e+00
@END

@ATOMBASIS CL
S 1  1
3.963291985200e+02  1.000000000000e+00
S 1  1
1.316402077700e+02  1.000000000000e+00
S 1  1
4.677730392400e+01  1.000000000000e+00
S 1  1
1.703229010600e+01  1.000000000000e+00
S 1  1
8.925587770600e+00  1.000000000000e+00
S 1  1
4.049631910700e+00  1.000000000000e+00
S 1  1
1.723282016800e+00  1.000000000000e+00
S 1  1
1.057999607300e+00  1.000000000000e+00
S 1  1
5.415667883100e-01  1.000000000000e+00
S 1  1
2.273180070500e-01  1.000000000000e+00
S 1  1
9.269555333500e-02  1.000000000000e+00
P 1  1
1.308637970800e+02  1.000000000000e+00
P 1  1
1.568345499600e+01  1.000000000000e+00
P 1  1
5.333079008200e+00  1.000000000000e+00
P 1  1
3.621088868300e+00  1.000000000000e+00
P 1  1
1.363314027600e+00  1.000000000000e+00
P 1  1
8.433512927700e-01  1.000000000000e+00
P 1  1
5.666178493500e-01  1.000000000000e+00
P 1  1
2.945464490100e-01  1.000000000000e+00
P 1  1
1.513329895100e-01  1.000000000000e+00
D 1  1
4.436900759500e+01  1.000000000000e+00
D 1  1
1.305677602000e+01  1.000000000000e+00
D 1  1
6.121269642000e+00  1.000000000000e+00
D 1  1
3.048550714100e+00  1.000000000000e+00
D 1  1
1.457028873700e+00  1.000000000000e+00
D 1  1
7.112139742800e-01  1.000000000000e+00
D 1  1
3.041381653100e-01  1.000000000000e+00
D 1  1
1.410290029200e-01  1.000000000000e+00
F 1  1
1.333463563000e+01  1.000000000000e+00
F 1  1
5.106077529000e+00  1.000000000000e+00
F 1  1
2.006848569300e+00  1.000000000000e+00
F 1  1
1.281522863500e+00  1.000000000000e+00
F 1  1
5.965838225600e-01  1.000000000000e+00
F 1  1
2.507559712400e-01  1.000000000000e+00
G 1  1
3.695300774100e+00  1.000000000000e+00
G 1  1
1.094690809800e+00  1.000000000000e+00
G 1  1
4.833488446100e-01  1.000000000000e+00
@END

@ATOMBASIS AR
S 1  1
3.983357124800e+02  1.000000000000e+00
S 1  1
1.310611401700e+02  1.000000000000e+00
S 1  1
4.598081782200e+01  1.000000000000e+00
S 1  1
1.670179381400e+01  1.000000000000e+00
S 1  1
8.872272429400e+00  1.000000000000e+00
S 1  1
3.997395026200e+00  1.000000000000e+00
S 1  1
1.717619675000e+00  1.000000000000e+00
S 1  1
1.091790441700e+00  1.000000000000e+00
S 1  1
5.744424877000e-01  1.000000000000e+00
S 1  1
2.726581033400e-01  1.000000000000e+00
S 1  1
1.555319798900e-01  1.000000000000e+00
S 1  1
8.871989000000e-02  1.000000000000e+00
P 1  1
1.445468670300e+02  1.000000000000e+00
P 1  1
1.768237325100e+01  1.000000000000e+00
P 1  1
6.866434692400e+00  1.000000000000e+00
P 1  1
4.231657335100e+00  1.000000000000e+00
P 1  1
1.524592665300e+00  1.000000000000e+00
P 1  1
8.959959606700e-01  1.000000000000e+00
P 1  1
5.745530530600e-01  1.000000000000e+00
P 1  1
3.001630400200e-01  1.000000000000e+00
P 1  1
1.457399178400e-01  1.000000000000e+00
D 1  1
5.075229468400e+01  1.000000000000e+00
D 1  1
1.256896325100e+01  1.000000000000e+00
D 1  1
8.078960423500e+00  1.000000000000e+00
D 1  1
2.886955503900e+00  1.000000000000e+00
D 1  1
1.667092013700e+00  1.000000000000e+00
D 1  1
8.366181105100e-01  1.000000000000e+00
D 1  1
3.626873113500e-01  1.000000000000e+00
D 1  1
1.930376654800e-01  1.000000000000e+00
F 1  1
1.558630420700e+01  1.000000000000e+00
F 1  1
6.027176979600e+00  1.000000000000e+00
F 1  1
2.341011374800e+00  1.000000000000e+00
F 1  1
1.486538083800e+00  1.000000000000e+00
F 1  1
7.037088556300e-01  1.000000000000e+00
F 1  1
3.205780807600e-01  1.000000000000e+00
G 1  1
4.693275251900e+00  1.000000000000e+00
G 1  1
1.374054926300e+00  1.000000000000e+00
G 1  1
6.707264821600e-01  1.000000000000e+00
@END

@ATOMBASIS SC
S 1  1
1.830037290100e+03  1.000000000000e+00
S 1  1
1.013819389100e+03  1.000000000000e+00
S 1  1
4.632066326500e+02  1.000000000000e+00
S 1  1
1.860504923600e+02  1.000000000000e+00
S 1  1
8.324600816800e+01  1.000000000000e+00
S 1  1
3.616761781700e+01  1.000000000000e+00
S 1  1
1.478607381400e+01  1.000000000000e+00
S 1  1
4.145342347500e+00  1.000000000000e+00
S 1  1
2.716186446300e+00  1.000000000000e+00
S 1  1
1.188465232000e+00  1.000000000000e+00
S 1  1
6.735910726700e-01  1.000000000000e+00
S 1  1
4.736130977900e-01  1.000000000000e+00
S 1  1
1.828701026400e-01  1.000000000000e+00
S 1  1
4.905614012600e-02  1.000000000000e+00
P 1  1
5.957513585000e+02  1.000000000000e+00
P 1  1
1.424894271700e+02  1.000000000000e+00
P 1  1
3.528691456700e+01  1.000000000000e+00
P 1  1
9.438372758000e+00  1.000000000000e+00
P 1  1
6.239601527200e+00  1.000000000000e+00
P 1  1
2.390018409200e+00  1.000000000000e+00
P 1  1
1.018439758600e+00  1.000000000000e+00
P 1  1
7.882264828000e-01  1.000000000000e+00
P 1  1
5.859692669600e-01  1.000000000000e+00
P 1  1
3.630491481700e-01  1.000000000000e+00
P 1  1
1.643447785400e-01  1.000000000000e+00
P 1  1
6.177002737600e-02  1.000000000000e+00
D 1  1
1.336603878300e+02  1.000000000000e+00
D 1  1
4.453223947600e+01  1.000000000000e+00
D 1  1
1.915515880500e+01  1.000000000000e+00
D 1  1
9.168776327600e+00  1.000000000000e+00
D 1  1
3.916313313600e+00  1.000000000000e+00
D 1  1
1.672414484400e+00  1.000000000000e+00
D 1  1
9.802836728700e-01  1.000000000000e+00
D 1  1
4.661104129000e-01  1.000000000000e+00
D 1  1
2.647614693700e-01  1.000000000000e+00
D 1  1
6.814158559500e-02  1.000000000000e+00
F 1  1
2.681532659700e+01  1.000000000000e+00
F 1  1
5.500197683600e+00  1.000000000000e+00
F 1  1
4.087565687500e+00  1.000000000000e+00
F 1  1
1.767736893400e+00  1.000000000000e+00
F 1  1
8.082365272300e-01  1.000000000000e+00
F 1  1
3.757299302800e-01  1.000000000000e+00
F 1  1
2.030656211400e-01  1.000000000000e+00
F 1  1
8.048302024600e-02  1.000000000000e+00
G 1  1
9.222931670200e+00  1.000000000000e+00
G 1  1
2.924284610100e+00  1.000000000000e+00
G 1  1
1.351657781700e+00  1.000000000000e+00
G 1  1
6.148258303100e-01  1.000000000000e+00
G 1  1
3.308733488000e-01  1.000000000000e+00
G 1  1
9.112583728600e-02  1.000000000000e+00
H 1  1
1.823969204200e+00  1.000000000000e+00
H 1  1
9.023247919400e-01  1.000000000000e+00
H 1  1
3.151728096000e-01  1.000000000000e+00
H 1  1
9.629897824900e-02  1.000000000000e+00
I 1  1
1.721271408700e+00  1.000000000000e+00
I 1  1
6.735900100400e-01  1.000000000000e+00
I 1  1
2.468255098200e-01  1.000000000000e+00
@END

@ATOMBASIS TI
S 1  1
2.013581472900e+03  1.000000000000e+00
S 1  1
1.105267414000e+03  1.000000000000e+00
S 1  1
5.017885195200e+02  1.000000000000e+00
S 1  1
1.987290833400e+02  1.000000000000e+00
S 1  1
8.771426417400e+01  1.000000000000e+00
S 1  1
3.792314556800e+01  1.000000000000e+00
S 1  1
1.592771566000e+01  1.000000000000e+00
S 1  1
6.627999105900e+00  1.000000000000e+00
S 1  1
2.310959002600e+00  1.000000000000e+00
S 1  1
1.176569638200e+00  1.000000000000e+00
S 1  1
8.333277724100e-01  1.000000000000e+00
S 1  1
4.229406484800e-01  1.000000000000e+00
S 1  1
1.745475610100e-01  1.000000000000e+00
S 1  1
5.712562979100e-02  1.000000000000e+00
P 1  1
6.543449739900e+02  1.000000000000e+00
P 1  1
1.803269413200e+02  1.000000000000e+00
P 1  1
5.232891540300e+01  1.000000000000e+00
P 1  1
1.873587194800e+01  1.000000000000e+00
P 1  1
8.970850649100e+00  1.000000000000e+00
P 1  1
4.990574947100e+00  1.000000000000e+00
P 1  1
2.243827510900e+00  1.000000000000e+00
P 1  1
9.995585645100e-01  1.000000000000e+00
P 1  1
5.890750180200e-01  1.000000000000e+00
P 1  1
3.905267207400e-01  1.000000000000e+00
P 1  1
2.350709141200e-01  1.000000000000e+00
P 1  1
9.326822083500e-02  1.000000000000e+00
D 1  1
1.502835621600e+02  1.000000000000e+00
D 1  1
4.344742928700e+01  1.000000000000e+00
D 1  1
1.674865246100e+01  1.000000000000e+00
D 1  1
8.429343579400e+00  1.000000000000e+00
D 1  1
3.620377519900e+00  1.000000000000e+00
D 1  1
1.704573957700e+00  1.000000000000e+00
D 1  1
1.008040542700e+00  1.000000000000e+00
D 1  1
5.244176865500e-01  1.000000000000e+00
D 1  1
2.358150754100e-01  1.000000000000e+00
D 1  1
7.419569253500e-02  1.000000000000e+00
F 1  1
4.189786364900e+01  1.000000000000e+00
F 1  1
1.922698640100e+01  1.000000000000e+00
F 1  1
4.695633090700e+00  1.000000000000e+00
F 1  1
2.144404136500e+00  1.000000000000e+00
F 1  1
1.064596827900e+00  1.000000000000e+00
F 1  1
4.972773058200e-01  1.000000000000e+00
F 1  1
2.112100048000e-01  1.000000000000e+00
F 1  1
6.266716184800e-02  1.000000000000e+00
G 1  1
8.209951172500e+00  1.000000000000e+00
G 1  1
2.523827987100e+00  1.000000000000e+00
G 1  1
1.396395951900e+00  1.000000000000e+00
G 1  1
7.526632751500e-01  1.000000000000e+00
G 1  1
3.324969348800e-01  1.000000000000e+00
G 1  1
6.453252125600e-02  1.000000000000e+00
H 1  1
2.958839461700e+00  1.000000000000e+00
H 1  1
1.369905331500e+00  1.000000000000e+00
H 1  1
5.884261586600e-01  1.000000000000e+00
H 1  1
1.651042853100e-01  1.000000000000e+00
I 1  1
1.446205810700e+00  1.000000000000e+00
I 1  1
4.918164716700e-01  1.000000000000e+00
I 1  1
1.528865835700e-01  1.000000000000e+00
@END

@ATOMBASIS V
S 1  1
1.998971619500e+03  1.000000000000e+00
S 1  1
1.097867315500e+03  1.000000000000e+00
S 1  1
4.983331565600e+02  1.000000000000e+00
S 1  1
1.977181164400e+02  1.000000000000e+00
S 1  1
8.710799832300e+01  1.000000000000e+00
S 1  1
3.729105616300e+01  1.000000000000e+00
S 1  1
1.382900578900e+01  1.000000000000e+00
S 1  1
6.257312570600e+00  1.000000000000e+00
S 1  1
2.654581402800e+00  1.000000000000e+00
S 1  1
9.807699205000e-01  1.000000000000e+00
S 1  1
6.277239516300e-01  1.000000000000e+00
S 1  1
2.111239350600e-01  1.000000000000e+00
S 1  1
1.681937025300e-01  1.000000000000e+00
S 1  1
1.009701227700e-01  1.000000000000e+00
P 1  1
6.515173134200e+02  1.000000000000e+00
P 1  1
1.787605428300e+02  1.000000000000e+00
P 1  1
4.588260453000e+01  1.000000000000e+00
P 1  1
1.793490772700e+01  1.000000000000e+00
P 1  1
8.502883713800e+00  1.000000000000e+00
P 1  1
4.987530912900e+00  1.000000000000e+00
P 1  1
2.498580608100e+00  1.000000000000e+00
P 1  1
1.031211337400e+00  1.000000000000e+00
P 1  1
6.138661412400e-01  1.000000000000e+00
P 1  1
3.239254830500e-01  1.000000000000e+00
P 1  1
2.143679887500e-01  1.000000000000e+00
P 1  1
6.172602714900e-02  1.000000000000e+00
D 1  1
1.493057802300e+02  1.000000000000e+00
D 1  1
4.529317437000e+01  1.000000000000e+00
D 1  1
2.017557059500e+01  1.000000000000e+00
D 1  1
9.703822424100e+00  1.000000000000e+00
D 1  1
4.237695027900e+00  1.000000000000e+00
D 1  1
2.112502318100e+00  1.000000000000e+00
D 1  1
1.021144712000e+00  1.000000000000e+00
D 1  1
5.332742338800e-01  1.000000000000e+00
D 1  1
2.663108588600e-01  1.000000000000e+00
D 1  1
1.214028542400e-01  1.000000000000e+00
F 1  1
3.312349205100e+01  1.000000000000e+00
F 1  1
5.756112611200e+00  1.000000000000e+00
F 1  1
3.188933250700e+00  1.000000000000e+00
F 1  1
1.549702855300e+00  1.000000000000e+00
F 1  1
8.288443737300e-01  1.000000000000e+00
F 1  1
4.277631928300e-01  1.000000000000e+00
F 1  1
2.502060597700e-01  1.000000000000e+00
F 1  1
7.883980438900e-02  1.000000000000e+00
G 1  1
1.006690935600e+01  1.000000000000e+00
G 1  1
3.336633635300e+00  1.000000000000e+00
G 1  1
1.859914620600e+00  1.000000000000e+00
G 1  1
8.544180195300e-01  1.000000000000e+00
G 1  1
4.138672664300e-01  1.000000000000e+00
G 1  1
1.524589210000e-01  1.000000000000e+00
H 1  1
3.966809359500e+00  1.000000000000e+00
H 1  1
1.990219889500e+00  1.000000000000e+00
H 1  1
7.872080770800e-01  1.000000000000e+00
H 1  1
2.641783214300e-01  1.000000000000e+00
I 1  1
3.171137895400e+00  1.000000000000e+00
I 1  1
1.662575175000e+00  1.000000000000e+00
I 1  1
6.357331695900e-01  1.000000000000e+00
@END

@ATOMBASIS CR
S 1  1
1.997830964000e+03  1.000000000000e+00
S 1  1
1.094902708900e+03  1.000000000000e+00
S 1  1
4.957544484700e+02  1.000000000000e+00
S 1  1
1.934384454000e+02  1.000000000000e+00
S 1  1
7.876507134500e+01  1.000000000000e+00
S 1  1
3.013150079700e+01  1.000000000000e+00
S 1  1
1.431301620700e+01  1.000000000000e+00
S 1  1
6.554826063500e+00  1.000000000000e+00
S 1  1
3.939306333400e+00  1.000000000000e+00
S 1  1
2.010078901900e+00  1.000000000000e+00
S 1  1
1.065769496600e+00  1.000000000000e+00
S 1  1
6.489769675100e-01  1.000000000000e+00
S 1  1
3.686185338500e-01  1.000000000000e+00
S 1  1
1.148965156400e-01  1.000000000000e+00
P 1  1
6.529686697200e+02  1.000000000000e+00
P 1  1
1.750674570200e+02  1.000000000000e+00
P 1  1
3.979194010400e+01  1.000000000000e+00
P 1  1
1.606801655200e+01  1.000000000000e+00
P 1  1
6.780977844000e+00  1.000000000000e+00
P 1  1
4.130262286800e+00  1.000000000000e+00
P 1  1
2.170070360000e+00  1.000000000000e+00
P 1  1
1.012471106300e+00  1.000000000000e+00
P 1  1
5.468278890300e-01  1.000000000000e+00
P 1  1
2.893172250700e-01  1.000000000000e+00
P 1  1
1.286463860300e-01  1.000000000000e+00
P 1  1
4.308219753400e-02  1.000000000000e+00
D 1  1
1.487221352800e+02  1.000000000000e+00
D 1  1
4.513691720000e+01  1.000000000000e+00
D 1  1
1.692344694200e+01  1.000000000000e+00
D 1  1
5.669441288100e+00  1.000000000000e+00
D 1  1
3.033216079600e+00  1.000000000000e+00
D 1  1
1.613139312600e+00  1.000000000000e+00
D 1  1
9.438504715200e-01  1.000000000000e+00
D 1  1
5.008774748000e-01  1.000000000000e+00
D 1  1
1.485846165100e-01  1.000000000000e+00
D 1  1
5.214626098400e-02  1.000000000000e+00
F 1  1
3.723700900000e+01  1.000000000000e+00
F 1  1
6.527334821300e+00  1.000000000000e+00
F 1  1
3.948257537200e+00  1.000000000000e+00
F 1  1
1.925478180200e+00  1.000000000000e+00
F 1  1
1.131241338100e+00  1.000000000000e+00
F 1  1
6.189121629500e-01  1.000000000000e+00
F 1  1
2.555946476800e-01  1.000000000000e+00
F 1  1
7.846857961700e-02  1.000000000000e+00
G 1  1
1.247197706700e+01  1.000000000000e+00
G 1  1
4.199793733100e+00  1.000000000000e+00
G 1  1
2.521318084100e+00  1.000000000000e+00
G 1  1
1.189457874100e+00  1.000000000000e+00
G 1  1
6.426394134200e-01  1.000000000000e+00
G 1  1
2.142379612600e-01  1.000000000000e+00
H 1  1
5.181097601400e+00  1.000000000000e+00
H 1  1
2.526664640300e+00  1.000000000000e+00
H 1  1
1.119976966200e+00  1.000000000000e+00
H 1  1
4.420751244900e-01  1.000000000000e+00
I 1  1
4.182497618400e+00  1.000000000000e+00
I 1  1
2.164977987200e+00  1.000000000000e+00
I 1  1
9.401983017600e-01  1.000000000000e+00
@END

@ATOMBASIS MN
S 1  1
2.002606634900e+03  1.000000000000e+00
S 1  1
1.097884306200e+03  1.000000000000e+00
S 1  1
4.975670401600e+02  1.000000000000e+00
S 1  1
1.964677813700e+02  1.000000000000e+00
S 1  1
8.487375271800e+01  1.000000000000e+00
S 1  1
3.257253528900e+01  1.000000000000e+00
S 1  1
1.023232957300e+01  1.000000000000e+00
S 1  1
5.234874071500e+00  1.000000000000e+00
S 1  1
2.553322158300e+00  1.000000000000e+00
S 1  1
1.232338364600e+00  1.000000000000e+00
S 1  1
6.565081519100e-01  1.000000000000e+00
S 1  1
3.598009442400e-01  1.000000000000e+00
S 1  1
1.468943216200e-01  1.000000000000e+00
S 1  1
5.583247441200e-02  1.000000000000e+00
P 1  1
6.537654115600e+02  1.000000000000e+00
P 1  1
1.832814601000e+02  1.000000000000e+00
P 1  1
5.225675636200e+01  1.000000000000e+00
P 1  1
1.673821394200e+01  1.000000000000e+00
P 1  1
9.018954196800e+00  1.000000000000e+00
P 1  1
4.082710265700e+00  1.000000000000e+00
P 1  1
1.804486846300e+00  1.000000000000e+00
P 1  1
1.017651078400e+00  1.000000000000e+00
P 1  1
5.762967619600e-01  1.000000000000e+00
P 1  1
3.256787741800e-01  1.000000000000e+00
P 1  1
1.603299307100e-01  1.000000000000e+00
P 1  1
7.023542343800e-02  1.000000000000e+00
D 1  1
1.485971354700e+02  1.000000000000e+00
D 1  1
4.450935266800e+01  1.000000000000e+00
D 1  1
1.995012257600e+01  1.000000000000e+00
D 1  1
6.161332788100e+00  1.000000000000e+00
D 1  1
3.389056088300e+00  1.000000000000e+00
D 1  1
1.523152987500e+00  1.000000000000e+00
D 1  1
8.456450088800e-01  1.000000000000e+00
D 1  1
4.682109478100e-01  1.000000000000e+00
D 1  1
2.106082967700e-01  1.000000000000e+00
D 1  1
7.960557814700e-02  1.000000000000e+00
F 1  1
4.131926018800e+01  1.000000000000e+00
F 1  1
7.595624193000e+00  1.000000000000e+00
F 1  1
4.566252712600e+00  1.000000000000e+00
F 1  1
2.287859632200e+00  1.000000000000e+00
F 1  1
1.207617416700e+00  1.000000000000e+00
F 1  1
6.068316993900e-01  1.000000000000e+00
F 1  1
3.308963146300e-01  1.000000000000e+00
F 1  1
1.201423983700e-01  1.000000000000e+00
G 1  1
1.409943054700e+01  1.000000000000e+00
G 1  1
4.901079335300e+00  1.000000000000e+00
G 1  1
2.674337391000e+00  1.000000000000e+00
G 1  1
1.246134962100e+00  1.000000000000e+00
G 1  1
6.751621789100e-01  1.000000000000e+00
G 1  1
2.633310614700e-01  1.000000000000e+00
H 1  1
6.083384955400e+00  1.000000000000e+00
H 1  1
3.007654393000e+00  1.000000000000e+00
H 1  1
1.293080096300e+00  1.000000000000e+00
H 1  1
4.789561676800e-01  1.000000000000e+00
I 1  1
4.200425012300e+00  1.000000000000e+00
I 1  1
2.252190766300e+00  1.000000000000e+00
I 1  1
1.059090081600e+00  1.000000000000e+00
@END

@ATOMBASIS FE
S 1  1
2.005921842000e+03  1.000000000000e+00
S 1  1
1.100940315300e+03  1.000000000000e+00
S 1  1
5.031201331100e+02  1.000000000000e+00
S 1  1
2.000043778400e+02  1.000000000000e+00
S 1  1
8.669480650100e+01  1.000000000000e+00
S 1  1
3.497943757700e+01  1.000000000000e+00
S 1  1
1.109966883900e+01  1.000000000000e+00
S 1  1
4.919549624300e+00  1.000000000000e+00
S 1  1
2.675729397200e+00  1.000000000000e+00
S 1  1
1.451660339800e+00  1.000000000000e+00
S 1  1
6.680769904600e-01  1.000000000000e+00
S 1  1
3.346684985100e-01  1.000000000000e+00
S 1  1
1.779195976200e-01  1.000000000000e+00
S 1  1
7.850536762500e-02  1.000000000000e+00
P 1  1
6.499207708100e+02  1.000000000000e+00
P 1  1
1.844045574200e+02  1.000000000000e+00
P 1  1
3.994812287100e+01  1.000000000000e+00
P 1  1
1.667724291800e+01  1.000000000000e+00
P 1  1
9.339879848100e+00  1.000000000000e+00
P 1  1
3.957789921100e+00  1.000000000000e+00
P 1  1
1.981617054400e+00  1.000000000000e+00
P 1  1
9.526069650600e-01  1.000000000000e+00
P 1  1
4.784627333300e-01  1.000000000000e+00
P 1  1
2.073908571100e-01  1.000000000000e+00
P 1  1
9.943620211600e-02  1.000000000000e+00
P 1  1
4.385075094300e-02  1.000000000000e+00
D 1  1
1.476415974400e+02  1.000000000000e+00
D 1  1
4.686250668600e+01  1.000000000000e+00
D 1  1
1.706053726900e+01  1.000000000000e+00
D 1  1
7.546569356700e+00  1.000000000000e+00
D 1  1
3.803704332900e+00  1.000000000000e+00
D 1  1
1.806483015600e+00  1.000000000000e+00
D 1  1
9.175346507600e-01  1.000000000000e+00
D 1  1
4.393364844100e-01  1.000000000000e+00
D 1  1
1.821836107600e-01  1.000000000000e+00
D 1  1
1.039709018800e-01  1.000000000000e+00
F 1  1
4.232043991400e+01  1.000000000000e+00
F 1  1
9.958810088000e+00  1.000000000000e+00
F 1  1
5.259520664400e+00  1.000000000000e+00
F 1  1
2.710534391300e+00  1.000000000000e+00
F 1  1
1.247616905400e+00  1.000000000000e+00
F 1  1
6.457885184700e-01  1.000000000000e+00
F 1  1
2.702032064300e-01  1.000000000000e+00
F 1  1
9.535219922300e-02  1.000000000000e+00
G 1  1
1.519036751400e+01  1.000000000000e+00
G 1  1
5.253909693100e+00  1.000000000000e+00
G 1  1
2.624847173200e+00  1.000000000000e+00
G 1  1
1.167014285000e+00  1.000000000000e+00
G 1  1
5.493793213300e-01  1.000000000000e+00
G 1  1
2.108845123600e-01  1.000000000000e+00
H 1  1
7.041355277100e+00  1.000000000000e+00
H 1  1
3.583097574300e+00  1.000000000000e+00
H 1  1
1.475106936800e+00  1.000000000000e+00
H 1  1
5.275323937800e-01  1.000000000000e+00
I 1  1
6.425068690000e+00  1.000000000000e+00
I 1  1
3.096485125400e+00  1.000000000000e+00
I 1  1
1.277860036800e+00  1.000000000000e+00
@END

@ATOMBASIS CO
S 1  1
1.994917166600e+03  1.000000000000e+00
S 1  1
1.096088800700e+03  1.000000000000e+00
S 1  1
4.918519650000e+02  1.000000000000e+00
S 1  1
1.924834696800e+02  1.000000000000e+00
S 1  1
8.414773487600e+01  1.000000000000e+00
S 1  1
3.383127496300e+01  1.000000000000e+00
S 1  1
9.948957190400e+00  1.000000000000e+00
S 1  1
4.079997460300e+00  1.000000000000e+00
S 1  1
2.117234476500e+00  1.000000000000e+00
S 1  1
1.186666436400e+00  1.000000000000e+00
S 1  1
4.670192424300e-01  1.000000000000e+00
S 1  1
1.561949558700e-01  1.000000000000e+00
S 1  1
9.671654389900e-02  1.000000000000e+00
S 1  1
4.288272914600e-02  1.000000000000e+00
P 1  1
6.491497621200e+02  1.000000000000e+00
P 1  1
1.819083855500e+02  1.000000000000e+00
P 1  1
4.303740694900e+01  1.000000000000e+00
P 1  1
1.462262292100e+01  1.000000000000e+00
P 1  1
6.159187226800e+00  1.000000000000e+00
P 1  1
2.846385960300e+00  1.000000000000e+00
P 1  1
1.819435372100e+00  1.000000000000e+00
P 1  1
1.028378529100e+00  1.000000000000e+00
P 1  1
5.874493025700e-01  1.000000000000e+00
P 1  1
2.459966990800e-01  1.000000000000e+00
P 1  1
9.901615944700e-02  1.000000000000e+00
P 1  1
4.128444904600e-02  1.000000000000e+00
D 1  1
1.500463963500e+02  1.000000000000e+00
D 1  1
4.427528243800e+01  1.000000000000e+00
D 1  1
1.996698603600e+01  1.000000000000e+00
D 1  1
8.061132731100e+00  1.000000000000e+00
D 1  1
4.261726213100e+00  1.000000000000e+00
D 1  1
2.133527405500e+00  1.000000000000e+00
D 1  1
1.110331082500e+00  1.000000000000e+00
D 1  1
5.911310547700e-01  1.000000000000e+00
D 1  1
2.374313887900e-01  1.000000000000e+00
D 1  1
9.939106588900e-02  1.000000000000e+00
F 1  1
5.009474406500e+01  1.000000000000e+00
F 1  1
9.570840815500e+00  1.000000000000e+00
F 1  1
6.192555350400e+00  1.000000000000e+00
F 1  1
3.046608808800e+00  1.000000000000e+00
F 1  1
1.581332314000e+00  1.000000000000e+00
F 1  1
7.315636810200e-01  1.000000000000e+00
F 1  1
4.148588448400e-01  1.000000000000e+00
F 1  1
1.465155123600e-01  1.000000000000e+00
G 1  1
1.837902055900e+01  1.000000000000e+00
G 1  1
6.485295425600e+00  1.000000000000e+00
G 1  1
3.667132597400e+00  1.000000000000e+00
G 1  1
1.650923755900e+00  1.000000000000e+00
G 1  1
8.983891413600e-01  1.000000000000e+00
G 1  1
3.457495606300e-01  1.000000000000e+00
H 1  1
8.385221146000e+00  1.000000000000e+00
H 1  1
4.190133115200e+00  1.000000000000e+00
H 1  1
1.839067521000e+00  1.000000000000e+00
H 1  1
6.929420802800e-01  1.000000000000e+00
I 1  1
6.481705819500e+00  1.000000000000e+00
I 1  1
3.503509569400e+00  1.000000000000e+00
I 1  1
1.584543345800e+00  1.000000000000e+00
@END

@ATOMBASIS NI
S 1  1
1.997674790800e+03  1.000000000000e+00
S 1  1
1.097136595100e+03  1.000000000000e+00
S 1  1
4.957397806300e+02  1.000000000000e+00
S 1  1
1.959775938600e+02  1.000000000000e+00
S 1  1
8.715562079900e+01  1.000000000000e+00
S 1  1
3.514158762700e+01  1.000000000000e+00
S 1  1
9.700346889200e+00  1.000000000000e+00
S 1  1
5.625238846700e+00  1.000000000000e+00
S 1  1
3.347961939500e+00  1.000000000000e+00
S 1  1
1.500306566300e+00  1.000000000000e+00
S 1  1
9.651985468300e-01  1.000000000000e+00
S 1  1
4.813489351200e-01  1.000000000000e+00
S 1  1
1.670121069300e-01  1.000000000000e+00
S 1  1
3.746637476000e-02  1.000000000000e+00
P 1  1
6.382680190100e+02  1.000000000000e+00
P 1  1
1.842373983900e+02  1.000000000000e+00
P 1  1
4.881998166300e+01  1.000000000000e+00
P 1  1
1.570199926500e+01  1.000000000000e+00
P 1  1
6.948701849400e+00  1.000000000000e+00
P 1  1
3.450588141700e+00  1.000000000000e+00
P 1  1
2.037318588500e+00  1.000000000000e+00
P 1  1
1.179822237600e+00  1.000000000000e+00
P 1  1
5.720840947400e-01  1.000000000000e+00
P 1  1
2.411173656700e-01  1.000000000000e+00
P 1  1
1.074695865100e-01  1.000000000000e+00
P 1  1
2.377958186200e-02  1.000000000000e+00
D 1  1
1.464888021700e+02  1.000000000000e+00
D 1  1
4.474701556900e+01  1.000000000000e+00
D 1  1
1.949445620300e+01  1.000000000000e+00
D 1  1
1.026656889500e+01  1.000000000000e+00
D 1  1
4.658122904300e+00  1.000000000000e+00
D 1  1
2.600508076000e+00  1.000000000000e+00
D 1  1
1.301266319300e+00  1.000000000000e+00
D 1  1
5.889061796900e-01  1.000000000000e+00
D 1  1
2.364663375400e-01  1.000000000000e+00
D 1  1
1.725245750200e-01  1.000000000000e+00
F 1  1
5.406957600000e+01  1.000000000000e+00
F 1  1
1.109983407900e+01  1.000000000000e+00
F 1  1
6.711898097400e+00  1.000000000000e+00
F 1  1
3.492823480200e+00  1.000000000000e+00
F 1  1
1.668373596100e+00  1.000000000000e+00
F 1  1
7.214470415600e-01  1.000000000000e+00
F 1  1
3.254585935900e-01  1.000000000000e+00
F 1  1
1.422365019000e-01  1.000000000000e+00
G 1  1
1.983986128800e+01  1.000000000000e+00
G 1  1
7.065271200700e+00  1.000000000000e+00
G 1  1
3.800561902400e+00  1.000000000000e+00
G 1  1
1.731776771000e+00  1.000000000000e+00
G 1  1
7.883174913300e-01  1.000000000000e+00
G 1  1
2.851767604100e-01  1.000000000000e+00
H 1  1
9.675740512200e+00  1.000000000000e+00
H 1  1
4.909244596300e+00  1.000000000000e+00
H 1  1
2.117364872300e+00  1.000000000000e+00
H 1  1
7.595304742500e-01  1.000000000000e+00
I 1  1
7.593971650600e+00  1.000000000000e+00
I 1  1
4.142940642400e+00  1.000000000000e+00
I 1  1
1.874244946900e+00  1.000000000000e+00
@END

@ATOMBASIS CU
S 1  1
1.988394333100e+03  1.000000000000e+00
S 1  1
1.097603175400e+03  1.000000000000e+00
S 1  1
4.873715884200e+02  1.000000000000e+00
S 1  1
1.889974263400e+02  1.000000000000e+00
S 1  1
8.829619150100e+01  1.000000000000e+00
S 1  1
4.174133447000e+01  1.000000000000e+00
S 1  1
1.134837392500e+01  1.000000000000e+00
S 1  1
5.192378076500e+00  1.000000000000e+00
S 1  1
2.403064870100e+00  1.000000000000e+00
S 1  1
1.303873032600e+00  1.000000000000e+00
S 1  1
6.564455007200e-01  1.000000000000e+00
S 1  1
2.611337222700e-01  1.000000000000e+00
S 1  1
1.563370407200e-01  1.000000000000e+00
S 1  1
8.848601442500e-02  1.000000000000e+00
P 1  1
5.443791946200e+02  1.000000000000e+00
P 1  1
1.699432258200e+02  1.000000000000e+00
P 1  1
4.629836701300e+01  1.000000000000e+00
P 1  1
1.870971448800e+01  1.000000000000e+00
P 1  1
1.091953099400e+01  1.000000000000e+00
P 1  1
5.048395655500e+00  1.000000000000e+00
P 1  1
2.464208447400e+00  1.000000000000e+00
P 1  1
1.392376199000e+00  1.000000000000e+00
P 1  1
6.012388954700e-01  1.000000000000e+00
P 1  1
2.842481023000e-01  1.000000000000e+00
P 1  1
1.566486585000e-01  1.000000000000e+00
P 1  1
8.100490110600e-02  1.000000000000e+00
D 1  1
1.432332867800e+02  1.000000000000e+00
D 1  1
3.507961642600e+01  1.000000000000e+00
D 1  1
1.434313651500e+01  1.000000000000e+00
D 1  1
8.802593856500e+00  1.000000000000e+00
D 1  1
4.450311642000e+00  1.000000000000e+00
D 1  1
2.301288470500e+00  1.000000000000e+00
D 1  1
1.485858476400e+00  1.000000000000e+00
D 1  1
6.634500797600e-01  1.000000000000e+00
D 1  1
2.772981891100e-01  1.000000000000e+00
D 1  1
1.190836820700e-01  1.000000000000e+00
F 1  1
6.047449769800e+01  1.000000000000e+00
F 1  1
1.182704935200e+01  1.000000000000e+00
F 1  1
7.957336798100e+00  1.000000000000e+00
F 1  1
4.063591179000e+00  1.000000000000e+00
F 1  1
2.009556190600e+00  1.000000000000e+00
F 1  1
9.205900609700e-01  1.000000000000e+00
F 1  1
5.412619624900e-01  1.000000000000e+00
F 1  1
2.730084358100e-01  1.000000000000e+00
G 1  1
2.334402329800e+01  1.000000000000e+00
G 1  1
8.296874023800e+00  1.000000000000e+00
G 1  1
4.812026024300e+00  1.000000000000e+00
G 1  1
2.178838793900e+00  1.000000000000e+00
G 1  1
1.162922216100e+00  1.000000000000e+00
G 1  1
4.455280925100e-01  1.000000000000e+00
H 1  1
1.112867195000e+01  1.000000000000e+00
H 1  1
5.773526246500e+00  1.000000000000e+00
H 1  1
2.485119060000e+00  1.000000000000e+00
H 1  1
9.152010537600e-01  1.000000000000e+00
I 1  1
8.810475645500e+00  1.000000000000e+00
I 1  1
4.796865958200e+00  1.000000000000e+00
I 1  1
2.295941507300e+00  1.000000000000e+00
@END

@ATOMBASIS ZN
S 1  1
1.983914645000e+03  1.000000000000e+00
S 1  1
1.087243828200e+03  1.000000000000e+00
S 1  1
4.796217796800e+02  1.000000000000e+00
S 1  1
1.759528683300e+02  1.000000000000e+00
S 1  1
7.420215118900e+01  1.000000000000e+00
S 1  1
3.866720018300e+01  1.000000000000e+00
S 1  1
1.023610143900e+01  1.000000000000e+00
S 1  1
6.220408690900e+00  1.000000000000e+00
S 1  1
2.127189626700e+00  1.000000000000e+00
S 1  1
1.115940160900e+00  1.000000000000e+00
S 1  1
3.732593528200e-01  1.000000000000e+00
S 1  1
1.667431706000e-01  1.000000000000e+00
S 1  1
1.248394532900e-01  1.000000000000e+00
S 1  1
6.846843003100e-02  1.000000000000e+00
P 1  1
5.390132811300e+02  1.000000000000e+00
P 1  1
1.576317297800e+02  1.000000000000e+00
P 1  1
4.962745382100e+01  1.000000000000e+00
P 1  1
1.940311246400e+01  1.000000000000e+00
P 1  1
7.365859805700e+00  1.000000000000e+00
P 1  1
5.107618639800e+00  1.000000000000e+00
P 1  1
1.686364592300e+00  1.000000000000e+00
P 1  1
1.192952877800e+00  1.000000000000e+00
P 1  1
5.445954878000e-01  1.000000000000e+00
P 1  1
2.169514864900e-01  1.000000000000e+00
P 1  1
1.213831242000e-01  1.000000000000e+00
P 1  1
6.531508068600e-02  1.000000000000e+00
D 1  1
1.327126914200e+02  1.000000000000e+00
D 1  1
3.393263937700e+01  1.000000000000e+00
D 1  1
1.565626504600e+01  1.000000000000e+00
D 1  1
8.152445083300e+00  1.000000000000e+00
D 1  1
4.783399030200e+00  1.000000000000e+00
D 1  1
2.214164832800e+00  1.000000000000e+00
D 1  1
1.566834780000e+00  1.000000000000e+00
D 1  1
7.506824919800e-01  1.000000000000e+00
D 1  1
3.599718820800e-01  1.000000000000e+00
D 1  1
1.575476296300e-01  1.000000000000e+00
F 1  1
6.775133143800e+01  1.000000000000e+00
F 1  1
1.263657234900e+01  1.000000000000e+00
F 1  1
1.092630675600e+01  1.000000000000e+00
F 1  1
5.109186955900e+00  1.000000000000e+00
F 1  1
2.619308121700e+00  1.000000000000e+00
F 1  1
1.475456100800e+00  1.000000000000e+00
F 1  1
7.125568932900e-01  1.000000000000e+00
F 1  1
4.409777051800e-01  1.000000000000e+00
G 1  1
2.724651277300e+01  1.000000000000e+00
G 1  1
9.910153388600e+00  1.000000000000e+00
G 1  1
6.115161879100e+00  1.000000000000e+00
G 1  1
2.770712679800e+00  1.000000000000e+00
G 1  1
1.631221134200e+00  1.000000000000e+00
G 1  1
6.254338725000e-01  1.000000000000e+00
H 1  1
1.291741169400e+01  1.000000000000e+00
H 1  1
6.800980328500e+00  1.000000000000e+00
H 1  1
2.973175709800e+00  1.000000000000e+00
H 1  1
1.134843053100e+00  1.000000000000e+00
I 1  1
1.080657871500e+01  1.000000000000e+00
I 1  1
5.881927266900e+00  1.000000000000e+00
I 1  1
2.882864521100e+00  1.000000000000e+00
@END

@ATOMBASIS GA
S 1  1
5.494635667800e+01  1.000000000000e+00
S 1  1
2.859363536300e+01  1.000000000000e+00
S 1  1
1.106534230300e+01  1.000000000000e+00
S 1  1
4.914230102100e+00  1.000000000000e+00
S 1  1
3.451026896500e+00  1.000000000000e+00
S 1  1
1.537513830700e+00  1.000000000000e+00
S 1  1
5.977244887300e-01  1.000000000000e+00
S 1  1
4.084288245300e-01  1.000000000000e+00
S 1  1
1.978506220800e-01  1.000000000000e+00
S 1  1
1.161848729000e-01  1.000000000000e+00
S 1  1
6.690736574600e-02  1.000000000000e+00
P 1  1
4.085135109400e+01  1.000000000000e+00
P 1  1
2.705238316300e+01  1.000000000000e+00
P 1  1
6.284820097100e+00  1.000000000000e+00
P 1  1
3.300283311600e-01  1.000000000000e+00
P 1  1
1.947517395200e-01  1.000000000000e+00
P 1  1
1.222976062800e-01  1.000000000000e+00
P 1  1
3.435322806700e+00  1.000000000000e+00
P 1  1
2.020046543000e+00  1.000000000000e+00
P 1  1
1.076364078600e+00  1.000000000000e+00
P 1  1
6.735319417200e-02  1.000000000000e+00
D 1  1
1.135121515000e+02  1.000000000000e+00
D 1  1
2.797117893100e+01  1.000000000000e+00
D 1  1
7.139446414200e+00  1.000000000000e+00
D 1  1
2.319072772300e+00  1.000000000000e+00
D 1  1
1.546048514800e+00  1.000000000000e+00
D 1  1
4.973452535000e-01  1.000000000000e+00
D 1  1
3.088111618400e-01  1.000000000000e+00
D 1  1
1.927644269100e-01  1.000000000000e+00
D 1  1
8.124569606300e-02  1.000000000000e+00
F 1  1
7.865541427800e+01  1.000000000000e+00
F 1  1
8.809003911000e+00  1.000000000000e+00
F 1  1
2.535104661100e+00  1.000000000000e+00
F 1  1
1.690069774000e+00  1.000000000000e+00
F 1  1
4.539663147400e-01  1.000000000000e+00
F 1  1
2.212726616100e-01  1.000000000000e+00
F 1  1
7.280915778300e-02  1.000000000000e+00
G 1  1
2.082239258200e+01  1.000000000000e+00
G 1  1
6.924654151700e+00  1.000000000000e+00
G 1  1
1.160946078400e+00  1.000000000000e+00
G 1  1
4.169285451600e-01  1.000000000000e+00
G 1  1
1.383637051700e-01  1.000000000000e+00
H 1  1
1.080674506200e+00  1.000000000000e+00
@END

@ATOMBASIS GE
S 1  1
6.917011077700e+01  1.000000000000e+00
S 1  1
2.949878419000e+01  1.000000000000e+00
S 1  1
1.411394802500e+01  1.000000000000e+00
S 1  1
6.061823869300e+00  1.000000000000e+00
S 1  1
4.132143558500e+00  1.000000000000e+00
S 1  1
1.791673484600e+00  1.000000000000e+00
S 1  1
6.415381962500e-01  1.000000000000e+00
S 1  1
4.337938795500e-01  1.000000000000e+00
S 1  1
2.236116478400e-01  1.000000000000e+00
S 1  1
1.275164532000e-01  1.000000000000e+00
S 1  1
6.845683253300e-02  1.000000000000e+00
P 1  1
4.356924956900e+01  1.000000000000e+00
P 1  1
2.935908308100e+01  1.000000000000e+00
P 1  1
6.411754119400e+00  1.000000000000e+00
P 1  1
3.818360006200e-01  1.000000000000e+00
P 1  1
2.404876594500e-01  1.000000000000e+00
P 1  1
1.440562686600e-01  1.000000000000e+00
P 1  1
3.914177259300e+00  1.000000000000e+00
P 1  1
1.642789836900e+00  1.000000000000e+00
P 1  1
8.937448444900e-01  1.000000000000e+00
P 1  1
6.295275286800e-02  1.000000000000e+00
D 1  1
1.249700983200e+02  1.000000000000e+00
D 1  1
3.331093371800e+01  1.000000000000e+00
D 1  1
8.417446604000e+00  1.000000000000e+00
D 1  1
2.635184531400e+00  1.000000000000e+00
D 1  1
1.458299438700e+00  1.000000000000e+00
D 1  1
6.014352759100e-01  1.000000000000e+00
D 1  1
3.338826702000e-01  1.000000000000e+00
D 1  1
1.550373336700e-01  1.000000000000e+00
D 1  1
9.371953881100e-02  1.000000000000e+00
F 1  1
8.617449022700e+01  1.000000000000e+00
F 1  1
1.022642218600e+01  1.000000000000e+00
F 1  1
2.898583680000e+00  1.000000000000e+00
F 1  1
1.751198174100e+00  1.000000000000e+00
F 1  1
5.724558002300e-01  1.000000000000e+00
F 1  1
2.768275430200e-01  1.000000000000e+00
F 1  1
1.039138714700e-01  1.000000000000e+00
G 1  1
2.451797470200e+01  1.000000000000e+00
G 1  1
8.288452305000e+00  1.000000000000e+00
G 1  1
1.464432116800e+00  1.000000000000e+00
G 1  1
5.244700604300e-01  1.000000000000e+00
G 1  1
2.131313473200e-01  1.000000000000e+00
H 1  1
1.354307625000e+00  1.000000000000e+00
@END

@ATOMBASIS AS
S 1  1
7.807932998800e+01  1.000000000000e+00
S 1  1
3.406156072600e+01  1.000000000000e+00
S 1  1
1.465620381200e+01  1.000000000000e+00
S 1  1
5.946256462000e+00  1.000000000000e+00
S 1  1
3.964170974700e+00  1.000000000000e+00
S 1  1
1.732618589000e+00  1.000000000000e+00
S 1  1
6.073219663300e-01  1.000000000000e+00
S 1  1
4.129685958400e-01  1.000000000000e+00
S 1  1
2.907712493100e-01  1.000000000000e+00
S 1  1
1.269712787800e-01  1.000000000000e+00
S 1  1
4.451053935800e-02  1.000000000000e+00
P 1  1
4.812466945700e+01  1.000000000000e+00
P 1  1
3.103268413500e+01  1.000000000000e+00
P 1  1
6.914853331100e+00  1.000000000000e+00
P 1  1
3.910926303000e-01  1.000000000000e+00
P 1  1
2.609280111100e-01  1.000000000000e+00
P 1  1
1.397556335400e-01  1.000000000000e+00
P 1  1
3.696968600400e+00  1.000000000000e+00
P 1  1
1.637751941000e+00  1.000000000000e+00
P 1  1
8.748535307500e-01  1.000000000000e+00
P 1  1
7.756537825200e-02  1.000000000000e+00
D 1  1
1.230329937200e+02  1.000000000000e+00
D 1  1
3.835208594500e+01  1.000000000000e+00
D 1  1
9.103359984800e+00  1.000000000000e+00
D 1  1
2.984404542000e+00  1.000000000000e+00
D 1  1
1.674662490800e+00  1.000000000000e+00
D 1  1
7.344865457500e-01  1.000000000000e+00
D 1  1
3.897730566000e-01  1.000000000000e+00
D 1  1
1.866600563500e-01  1.000000000000e+00
D 1  1
6.484936632000e-02  1.000000000000e+00
F 1  1
9.492038091500e+01  1.000000000000e+00
F 1  1
1.104629700800e+01  1.000000000000e+00
F 1  1
2.881550749300e+00  1.000000000000e+00
F 1  1
1.870726716800e+00  1.000000000000e+00
F 1  1
6.776727673900e-01  1.000000000000e+00
F 1  1
3.437726498600e-01  1.000000000000e+00
F 1  1
1.319733630700e-01  1.000000000000e+00
G 1  1
2.820052063800e+01  1.000000000000e+00
G 1  1
9.619642792900e+00  1.000000000000e+00
G 1  1
1.793999675000e+00  1.000000000000e+00
G 1  1
6.427735201500e-01  1.000000000000e+00
G 1  1
2.688963599800e-01  1.000000000000e+00
H 1  1
1.682842430600e+00  1.000000000000e+00
@END

@ATOMBASIS SE
S 1  1
8.250680015000e+01  1.000000000000e+00
S 1  1
3.673810891100e+01  1.000000000000e+00
S 1  1
1.586887243900e+01  1.000000000000e+00
S 1  1
6.026078809100e+00  1.000000000000e+00
S 1  1
4.038861531400e+00  1.000000000000e+00
S 1  1
2.097231943700e+00  1.000000000000e+00
S 1  1
7.826076221000e-01  1.000000000000e+00
S 1  1
5.209263981400e-01  1.000000000000e+00
S 1  1
3.328687470800e-01  1.000000000000e+00
S 1  1
1.535999685200e-01  1.000000000000e+00
S 1  1
5.923198724300e-02  1.000000000000e+00
P 1  1
5.273296527500e+01  1.000000000000e+00
P 1  1
3.308523674700e+01  1.000000000000e+00
P 1  1
7.484577973200e+00  1.000000000000e+00
P 1  1
5.495323900100e-01  1.000000000000e+00
P 1  1
2.971049904100e-01  1.000000000000e+00
P 1  1
1.980699936000e-01  1.000000000000e+00
P 1  1
4.144801077400e+00  1.000000000000e+00
P 1  1
1.794639279900e+00  1.000000000000e+00
P 1  1
1.064663703400e+00  1.000000000000e+00
P 1  1
9.495349608700e-02  1.000000000000e+00
D 1  1
1.301406060200e+02  1.000000000000e+00
D 1  1
4.089506748300e+01  1.000000000000e+00
D 1  1
9.968971155800e+00  1.000000000000e+00
D 1  1
3.300987166600e+00  1.000000000000e+00
D 1  1
1.914095210400e+00  1.000000000000e+00
D 1  1
8.553094901300e-01  1.000000000000e+00
D 1  1
4.615842442100e-01  1.000000000000e+00
D 1  1
2.001235918400e-01  1.000000000000e+00
D 1  1
8.483261831800e-02  1.000000000000e+00
F 1  1
9.931542360000e+01  1.000000000000e+00
F 1  1
1.195810334100e+01  1.000000000000e+00
F 1  1
2.929934477500e+00  1.000000000000e+00
F 1  1
1.757961280300e+00  1.000000000000e+00
F 1  1
8.141741660300e-01  1.000000000000e+00
F 1  1
3.951510951600e-01  1.000000000000e+00
F 1  1
1.617186206300e-01  1.000000000000e+00
G 1  1
3.170252422200e+01  1.000000000000e+00
G 1  1
1.093914222200e+01  1.000000000000e+00
G 1  1
2.119713759900e+00  1.000000000000e+00
G 1  1
7.200661473400e-01  1.000000000000e+00
G 1  1
3.132489812300e-01  1.000000000000e+00
H 1  1
1.926791264900e+00  1.000000000000e+00
@END

@ATOMBASIS BR
S 1  1
8.846015244900e+01  1.000000000000e+00
S 1  1
4.008660117200e+01  1.000000000000e+00
S 1  1
1.655620144000e+01  1.000000000000e+00
S 1  1
6.763490364100e+00  1.000000000000e+00
S 1  1
4.278670160200e+00  1.000000000000e+00
S 1  1
1.680205579300e+00  1.000000000000e+00
S 1  1
8.821182737800e-01  1.000000000000e+00
S 1  1
4.992537794200e-01  1.000000000000e+00
S 1  1
2.925172123700e-01  1.000000000000e+00
S 1  1
1.571468872800e-01  1.000000000000e+00
S 1  1
9.572545494600e-02  1.000000000000e+00
P 1  1
5.580613126200e+01  1.000000000000e+00
P 1  1
3.543702225000e+01  1.000000000000e+00
P 1  1
8.256888868700e+00  1.000000000000e+00
P 1  1
5.396583650400e-01  1.000000000000e+00
P 1  1
2.855829085800e-01  1.000000000000e+00
P 1  1
1.548083533800e-01  1.000000000000e+00
P 1  1
3.711300877800e+00  1.000000000000e+00
P 1  1
1.389427313300e+00  1.000000000000e+00
P 1  1
9.494762923800e-01  1.000000000000e+00
P 1  1
1.032055700000e-01  1.000000000000e+00
D 1  1
1.410000673500e+02  1.000000000000e+00
D 1  1
4.409241703200e+01  1.000000000000e+00
D 1  1
1.085895721000e+01  1.000000000000e+00
D 1  1
3.514096732500e+00  1.000000000000e+00
D 1  1
2.022209108800e+00  1.000000000000e+00
D 1  1
9.942503727000e-01  1.000000000000e+00
D 1  1
5.329853444400e-01  1.000000000000e+00
D 1  1
2.297076167300e-01  1.000000000000e+00
D 1  1
1.231350325300e-01  1.000000000000e+00
F 1  1
1.040550217400e+02  1.000000000000e+00
F 1  1
1.311520959500e+01  1.000000000000e+00
F 1  1
3.251842701900e+00  1.000000000000e+00
F 1  1
1.859128530000e+00  1.000000000000e+00
F 1  1
9.529661719700e-01  1.000000000000e+00
F 1  1
4.634945213600e-01  1.000000000000e+00
F 1  1
1.994564773800e-01  1.000000000000e+00
G 1  1
3.324174995800e+01  1.000000000000e+00
G 1  1
1.185133748800e+01  1.000000000000e+00
G 1  1
2.507564218000e+00  1.000000000000e+00
G 1  1
8.573402362100e-01  1.000000000000e+00
G 1  1
4.323368167000e-01  1.000000000000e+00
H 1  1
2.304536807700e+00  1.000000000000e+00
@END

@ATOMBASIS KR
S 1  1
8.789006328700e+01  1.000000000000e+00
S 1  1
4.142851135600e+01  1.000000000000e+00
S 1  1
1.689744644500e+01  1.000000000000e+00
S 1  1
8.121397104000e+00  1.000000000000e+00
S 1  1
5.414264736000e+00  1.000000000000e+00
S 1  1
1.567965538600e+00  1.000000000000e+00
S 1  1
1.045310359100e+00  1.000000000000e+00
S 1  1
5.508922596500e-01  1.000000000000e+00
S 1  1
3.029717742000e-01  1.000000000000e+00
S 1  1
1.839320327300e-01  1.000000000000e+00
S 1  1
7.895825847700e-02  1.000000000000e+00
P 1  1
5.820730066800e+01  1.000000000000e+00
P 1  1
3.880486711200e+01  1.000000000000e+00
P 1  1
9.177681582400e+00  1.000000000000e+00
P 1  1
5.654361986100e-01  1.000000000000e+00
P 1  1
3.197477788400e-01  1.000000000000e+00
P 1  1
1.683932498500e-01  1.000000000000e+00
P 1  1
3.825863005400e+00  1.000000000000e+00
P 1  1
1.708543218000e+00  1.000000000000e+00
P 1  1
1.139028812000e+00  1.000000000000e+00
P 1  1
1.036714454700e-01  1.000000000000e+00
D 1  1
1.647774308700e+02  1.000000000000e+00
D 1  1
4.421851207500e+01  1.000000000000e+00
D 1  1
1.233735541900e+01  1.000000000000e+00
D 1  1
3.830870702000e+00  1.000000000000e+00
D 1  1
2.553913801400e+00  1.000000000000e+00
D 1  1
1.058919142600e+00  1.000000000000e+00
D 1  1
6.539377697700e-01  1.000000000000e+00
D 1  1
2.595325826800e-01  1.000000000000e+00
D 1  1
1.626091495400e-01  1.000000000000e+00
F 1  1
1.114428736700e+02  1.000000000000e+00
F 1  1
1.449952013100e+01  1.000000000000e+00
F 1  1
3.811257936100e+00  1.000000000000e+00
F 1  1
2.569999724200e+00  1.000000000000e+00
F 1  1
1.121242431200e+00  1.000000000000e+00
F 1  1
5.412108250200e-01  1.000000000000e+00
F 1  1
2.590785889600e-01  1.000000000000e+00
G 1  1
3.688866190800e+01  1.000000000000e+00
G 1  1
1.328547342600e+01  1.000000000000e+00
G 1  1
2.909766048900e+00  1.000000000000e+00
G 1  1
1.023629735100e+00  1.000000000000e+00
G 1  1
5.359454570900e-01  1.000000000000e+00
H 1  1
2.767646279600e+00  1.000000000000e+00
@END
1bb652fe5e687eb66af28d858cc0fa5c