@BASIS_SET CC-PV6Z-RIFIT  !CC-PV6Z-RIFIT

@ATOMBASIS H
S 1  1
1.955100000000e+01  1.000000000000e+00
S 1  1
4.723300000000e+00  1.000000000000e+00
S 1  1
2.249140000000e+00  1.000000000000e+00
S 1  1
1.047360000000e+00  1.000000000000e+00
S 1  1
5.308880000000e-01  1.000000000000e+00
S 1  1
2.285580000000e-01  1.000000000000e+00
S 1  1
1.257430000000e-01  1.000000000000e+00
P 1  1
1.030800000000e+01  1.000000000000e+00
P 1  1
4.367180000000e+00  1.000000000000e+00
P 1  1
1.772390000000e+00  1.000000000000e+00
P 1  1
7.523810000000e-01  1.000000000000e+00
P 1  1
3.683050000000e-01  1.000000000000e+00
P 1  1
1.974230000000e-01  1.000000000000e+00
D 1  1
5.554170000000e+00  1.000000000000e+00
D 1  1
2.354360000000e+00  1.000000000000e+00
D 1  1
1.153910000000e+00  1.000000000000e+00
D 1  1
6.982520000000e-01  1.000000000000e+00
D 1  1
4.084550000000e-01  1.000000000000e+00
F 1  1
4.987250000000e+00  1.000000000000e+00
F 1  1
2.220610000000e+00  1.000000000000e+00
F 1  1
1.106190000000e+00  1.000000000000e+00
F 1  1
6.628690000000e-01  1.000000000000e+00
G 1  1
3.877960000000e+00  1.000000000000e+00
G 1  1
1.738700000000e+00  1.000000000000e+00
G 1  1
1.031600000000e+00  1.000000000000e+00
H 1  1
3.195090000000e+00  1.000000000000e+00
H 1  1
1.607830000000e+00  1.000000000000e+00
I 1  1
3.229280000000e+00  1.000000000000e+00
@END

@ATOMBASIS HE
S 1  1
9.785050000000e+01  1.000000000000e+00
S 1  1
2.191000000000e+01  1.000000000000e+00
S 1  1
7.207000000000e+00  1.000000000000e+00
S 1  1
3.076990000000e+00  1.000000000000e+00
S 1  1
1.369450000000e+00  1.000000000000e+00
S 1  1
6.630070000000e-01  1.000000000000e+00
S 1  1
3.134860000000e-01  1.000000000000e+00
P 1  1
2.121470000000e+01  1.000000000000e+00
P 1  1
7.500960000000e+00  1.000000000000e+00
P 1  1
3.876440000000e+00  1.000000000000e+00
P 1  1
2.204700000000e+00  1.000000000000e+00
P 1  1
1.441910000000e+00  1.000000000000e+00
P 1  1
6.536230000000e-01  1.000000000000e+00
D 1  1
1.627870000000e+01  1.000000000000e+00
D 1  1
8.983140000000e+00  1.000000000000e+00
D 1  1
5.634840000000e+00  1.000000000000e+00
D 1  1
2.610480000000e+00  1.000000000000e+00
D 1  1
1.112120000000e+00  1.000000000000e+00
F 1  1
1.255180000000e+01  1.000000000000e+00
F 1  1
7.588610000000e+00  1.000000000000e+00
F 1  1
4.363720000000e+00  1.000000000000e+00
F 1  1
1.758400000000e+00  1.000000000000e+00
G 1  1
9.231900000000e+00  1.000000000000e+00
G 1  1
6.472760000000e+00  1.000000000000e+00
G 1  1
2.826670000000e+00  1.000000000000e+00
H 1  1
7.133070000000e+00  1.000000000000e+00
H 1  1
4.705440000000e+00  1.000000000000e+00
I 1  1
5.793470000000e+00  1.000000000000e+00
@END

@ATOMBASIS B
S 1  1
3.901760000000e+02  1.000000000000e+00
S 1  1
9.233870000000e+01  1.000000000000e+00
S 1  1
3.282330000000e+01  1.000000000000e+00
S 1  1
1.267090000000e+01  1.000000000000e+00
S 1  1
6.403950000000e+00  1.000000000000e+00
S 1  1
3.531500000000e+00  1.000000000000e+00
S 1  1
1.752660000000e+00  1.000000000000e+00
S 1  1
9.050400000000e-01  1.000000000000e+00
S 1  1
4.895420000000e-01  1.000000000000e+00
S 1  1
2.823310000000e-01  1.000000000000e+00
S 1  1
1.582660000000e-01  1.000000000000e+00
S 1  1
8.995360000000e-02  1.000000000000e+00
P 1  1
6.276670000000e+01  1.000000000000e+00
P 1  1
1.838890000000e+01  1.000000000000e+00
P 1  1
6.975390000000e+00  1.000000000000e+00
P 1  1
2.815220000000e+00  1.000000000000e+00
P 1  1
1.649490000000e+00  1.000000000000e+00
P 1  1
9.932050000000e-01  1.000000000000e+00
P 1  1
6.070270000000e-01  1.000000000000e+00
P 1  1
3.625470000000e-01  1.000000000000e+00
P 1  1
1.886520000000e-01  1.000000000000e+00
P 1  1
1.129360000000e-01  1.000000000000e+00
D 1  1
1.028820000000e+01  1.000000000000e+00
D 1  1
3.699380000000e+00  1.000000000000e+00
D 1  1
2.378010000000e+00  1.000000000000e+00
D 1  1
1.528170000000e+00  1.000000000000e+00
D 1  1
8.115150000000e-01  1.000000000000e+00
D 1  1
4.141800000000e-01  1.000000000000e+00
D 1  1
2.195620000000e-01  1.000000000000e+00
D 1  1
1.219780000000e-01  1.000000000000e+00
F 1  1
6.796200000000e+00  1.000000000000e+00
F 1  1
2.828620000000e+00  1.000000000000e+00
F 1  1
1.929990000000e+00  1.000000000000e+00
F 1  1
1.024530000000e+00  1.000000000000e+00
F 1  1
5.545790000000e-01  1.000000000000e+00
F 1  1
3.148160000000e-01  1.000000000000e+00
F 1  1
1.819990000000e-01  1.000000000000e+00
G 1  1
5.349700000000e+00  1.000000000000e+00
G 1  1
2.301810000000e+00  1.000000000000e+00
G 1  1
1.634140000000e+00  1.000000000000e+00
G 1  1
9.764900000000e-01  1.000000000000e+00
G 1  1
5.550670000000e-01  1.000000000000e+00
G 1  1
2.774200000000e-01  1.000000000000e+00
H 1  1
2.767360000000e+00  1.000000000000e+00
H 1  1
1.572940000000e+00  1.000000000000e+00
H 1  1
8.611230000000e-01  1.000000000000e+00
H 1  1
5.724230000000e-01  1.000000000000e+00
I 1  1
1.915490000000e+00  1.000000000000e+00
I 1  1
1.106100000000e+00  1.000000000000e+00
I 1  1
7.188530000000e-01  1.000000000000e+00
K 1  1
1.289550000000e+00  1.000000000000e+00
@END

@ATOMBASIS C
S 1  1
5.043640000000e+02  1.000000000000e+00
S 1  1
1.182170000000e+02  1.000000000000e+00
S 1  1
4.298570000000e+01  1.000000000000e+00
S 1  1
1.673710000000e+01  1.000000000000e+00
S 1  1
8.630620000000e+00  1.000000000000e+00
S 1  1
4.990190000000e+00  1.000000000000e+00
S 1  1
2.698540000000e+00  1.000000000000e+00
S 1  1
1.427110000000e+00  1.000000000000e+00
S 1  1
7.408740000000e-01  1.000000000000e+00
S 1  1
4.089880000000e-01  1.000000000000e+00
S 1  1
2.260450000000e-01  1.000000000000e+00
S 1  1
1.260870000000e-01  1.000000000000e+00
P 1  1
8.004960000000e+01  1.000000000000e+00
P 1  1
2.231920000000e+01  1.000000000000e+00
P 1  1
9.541380000000e+00  1.000000000000e+00
P 1  1
3.697400000000e+00  1.000000000000e+00
P 1  1
2.145030000000e+00  1.000000000000e+00
P 1  1
1.232360000000e+00  1.000000000000e+00
P 1  1
7.780610000000e-01  1.000000000000e+00
P 1  1
4.921140000000e-01  1.000000000000e+00
P 1  1
2.780110000000e-01  1.000000000000e+00
P 1  1
1.503400000000e-01  1.000000000000e+00
D 1  1
1.455270000000e+01  1.000000000000e+00
D 1  1
5.041250000000e+00  1.000000000000e+00
D 1  1
2.595680000000e+00  1.000000000000e+00
D 1  1
1.731010000000e+00  1.000000000000e+00
D 1  1
1.131390000000e+00  1.000000000000e+00
D 1  1
6.244430000000e-01  1.000000000000e+00
D 1  1
3.166550000000e-01  1.000000000000e+00
D 1  1
1.527300000000e-01  1.000000000000e+00
F 1  1
1.024490000000e+01  1.000000000000e+00
F 1  1
4.771320000000e+00  1.000000000000e+00
F 1  1
2.736820000000e+00  1.000000000000e+00
F 1  1
1.581930000000e+00  1.000000000000e+00
F 1  1
8.428840000000e-01  1.000000000000e+00
F 1  1
5.623890000000e-01  1.000000000000e+00
F 1  1
3.115130000000e-01  1.000000000000e+00
G 1  1
7.490360000000e+00  1.000000000000e+00
G 1  1
3.104140000000e+00  1.000000000000e+00
G 1  1
1.892170000000e+00  1.000000000000e+00
G 1  1
1.191150000000e+00  1.000000000000e+00
G 1  1
7.818680000000e-01  1.000000000000e+00
G 1  1
3.858250000000e-01  1.000000000000e+00
H 1  1
4.068550000000e+00  1.000000000000e+00
H 1  1
2.396880000000e+00  1.000000000000e+00
H 1  1
1.263080000000e+00  1.000000000000e+00
H 1  1
7.947180000000e-01  1.000000000000e+00
I 1  1
3.016570000000e+00  1.000000000000e+00
I 1  1
1.983220000000e+00  1.000000000000e+00
I 1  1
1.134620000000e+00  1.000000000000e+00
K 1  1
1.980220000000e+00  1.000000000000e+00
@END

@ATOMBASIS N
S 1  1
6.508140000000e+02  1.000000000000e+00
S 1  1
1.515730000000e+02  1.000000000000e+00
S 1  1
5.503540000000e+01  1.000000000000e+00
S 1  1
2.142930000000e+01  1.000000000000e+00
S 1  1
1.104660000000e+01  1.000000000000e+00
S 1  1
6.427930000000e+00  1.000000000000e+00
S 1  1
3.547730000000e+00  1.000000000000e+00
S 1  1
1.962230000000e+00  1.000000000000e+00
S 1  1
1.057900000000e+00  1.000000000000e+00
S 1  1
5.805780000000e-01  1.000000000000e+00
S 1  1
3.128760000000e-01  1.000000000000e+00
S 1  1
1.699910000000e-01  1.000000000000e+00
P 1  1
1.028260000000e+02  1.000000000000e+00
P 1  1
2.813080000000e+01  1.000000000000e+00
P 1  1
1.232180000000e+01  1.000000000000e+00
P 1  1
5.241310000000e+00  1.000000000000e+00
P 1  1
3.029210000000e+00  1.000000000000e+00
P 1  1
1.610330000000e+00  1.000000000000e+00
P 1  1
9.981850000000e-01  1.000000000000e+00
P 1  1
6.346160000000e-01  1.000000000000e+00
P 1  1
3.603640000000e-01  1.000000000000e+00
P 1  1
1.959810000000e-01  1.000000000000e+00
D 1  1
2.078860000000e+01  1.000000000000e+00
D 1  1
7.475070000000e+00  1.000000000000e+00
D 1  1
3.642890000000e+00  1.000000000000e+00
D 1  1
2.197980000000e+00  1.000000000000e+00
D 1  1
1.523620000000e+00  1.000000000000e+00
D 1  1
8.699990000000e-01  1.000000000000e+00
D 1  1
4.411210000000e-01  1.000000000000e+00
D 1  1
2.118600000000e-01  1.000000000000e+00
F 1  1
1.415880000000e+01  1.000000000000e+00
F 1  1
6.401990000000e+00  1.000000000000e+00
F 1  1
4.105840000000e+00  1.000000000000e+00
F 1  1
2.240790000000e+00  1.000000000000e+00
F 1  1
1.181590000000e+00  1.000000000000e+00
F 1  1
8.015050000000e-01  1.000000000000e+00
F 1  1
4.342010000000e-01  1.000000000000e+00
G 1  1
1.062280000000e+01  1.000000000000e+00
G 1  1
4.613850000000e+00  1.000000000000e+00
G 1  1
2.792740000000e+00  1.000000000000e+00
G 1  1
1.854110000000e+00  1.000000000000e+00
G 1  1
1.089250000000e+00  1.000000000000e+00
G 1  1
5.659260000000e-01  1.000000000000e+00
H 1  1
5.751340000000e+00  1.000000000000e+00
H 1  1
3.361770000000e+00  1.000000000000e+00
H 1  1
1.768920000000e+00  1.000000000000e+00
H 1  1
1.090140000000e+00  1.000000000000e+00
I 1  1
4.334480000000e+00  1.000000000000e+00
I 1  1
2.697770000000e+00  1.000000000000e+00
I 1  1
1.598880000000e+00  1.000000000000e+00
K 1  1
2.821430000000e+00  1.000000000000e+00
@END

@ATOMBASIS O
S 1  1
8.342160000000e+02  1.000000000000e+00
S 1  1
1.937960000000e+02  1.000000000000e+00
S 1  1
7.082630000000e+01  1.000000000000e+00
S 1  1
2.749570000000e+01  1.000000000000e+00
S 1  1
1.409160000000e+01  1.000000000000e+00
S 1  1
8.232760000000e+00  1.000000000000e+00
S 1  1
4.659270000000e+00  1.000000000000e+00
S 1  1
2.667500000000e+00  1.000000000000e+00
S 1  1
1.434210000000e+00  1.000000000000e+00
S 1  1
7.322490000000e-01  1.000000000000e+00
S 1  1
3.703120000000e-01  1.000000000000e+00
S 1  1
2.016730000000e-01  1.000000000000e+00
P 1  1
1.313160000000e+02  1.000000000000e+00
P 1  1
3.574950000000e+01  1.000000000000e+00
P 1  1
1.606560000000e+01  1.000000000000e+00
P 1  1
6.701930000000e+00  1.000000000000e+00
P 1  1
3.829870000000e+00  1.000000000000e+00
P 1  1
2.052340000000e+00  1.000000000000e+00
P 1  1
1.282320000000e+00  1.000000000000e+00
P 1  1
8.102710000000e-01  1.000000000000e+00
P 1  1
4.577130000000e-01  1.000000000000e+00
P 1  1
2.509700000000e-01  1.000000000000e+00
D 1  1
2.614620000000e+01  1.000000000000e+00
D 1  1
8.601870000000e+00  1.000000000000e+00
D 1  1
5.135980000000e+00  1.000000000000e+00
D 1  1
2.701220000000e+00  1.000000000000e+00
D 1  1
1.790230000000e+00  1.000000000000e+00
D 1  1
1.038750000000e+00  1.000000000000e+00
D 1  1
5.637050000000e-01  1.000000000000e+00
D 1  1
2.379080000000e-01  1.000000000000e+00
F 1  1
1.817220000000e+01  1.000000000000e+00
F 1  1
8.740530000000e+00  1.000000000000e+00
F 1  1
5.138750000000e+00  1.000000000000e+00
F 1  1
2.829340000000e+00  1.000000000000e+00
F 1  1
1.681480000000e+00  1.000000000000e+00
F 1  1
1.041370000000e+00  1.000000000000e+00
F 1  1
5.322080000000e-01  1.000000000000e+00
G 1  1
1.418410000000e+01  1.000000000000e+00
G 1  1
6.462810000000e+00  1.000000000000e+00
G 1  1
3.875720000000e+00  1.000000000000e+00
G 1  1
2.469750000000e+00  1.000000000000e+00
G 1  1
1.439190000000e+00  1.000000000000e+00
G 1  1
7.403360000000e-01  1.000000000000e+00
H 1  1
7.682160000000e+00  1.000000000000e+00
H 1  1
4.265000000000e+00  1.000000000000e+00
H 1  1
2.486000000000e+00  1.000000000000e+00
H 1  1
1.384600000000e+00  1.000000000000e+00
I 1  1
5.566590000000e+00  1.000000000000e+00
I 1  1
3.224460000000e+00  1.000000000000e+00
I 1  1
1.884120000000e+00  1.000000000000e+00
K 1  1
3.731140000000e+00  1.000000000000e+00
@END

@ATOMBASIS F
S 1  1
1.079960000000e+03  1.000000000000e+00
S 1  1
2.492480000000e+02  1.000000000000e+00
S 1  1
9.054510000000e+01  1.000000000000e+00
S 1  1
3.527880000000e+01  1.000000000000e+00
S 1  1
1.812530000000e+01  1.000000000000e+00
S 1  1
1.066040000000e+01  1.000000000000e+00
S 1  1
6.056140000000e+00  1.000000000000e+00
S 1  1
3.434060000000e+00  1.000000000000e+00
S 1  1
1.806340000000e+00  1.000000000000e+00
S 1  1
9.325260000000e-01  1.000000000000e+00
S 1  1
4.803110000000e-01  1.000000000000e+00
S 1  1
2.489960000000e-01  1.000000000000e+00
P 1  1
1.673730000000e+02  1.000000000000e+00
P 1  1
4.518740000000e+01  1.000000000000e+00
P 1  1
2.090380000000e+01  1.000000000000e+00
P 1  1
8.445960000000e+00  1.000000000000e+00
P 1  1
5.053860000000e+00  1.000000000000e+00
P 1  1
2.645770000000e+00  1.000000000000e+00
P 1  1
1.659230000000e+00  1.000000000000e+00
P 1  1
1.063320000000e+00  1.000000000000e+00
P 1  1
5.954540000000e-01  1.000000000000e+00
P 1  1
3.256970000000e-01  1.000000000000e+00
D 1  1
3.307330000000e+01  1.000000000000e+00
D 1  1
1.028370000000e+01  1.000000000000e+00
D 1  1
7.192590000000e+00  1.000000000000e+00
D 1  1
3.510880000000e+00  1.000000000000e+00
D 1  1
2.276540000000e+00  1.000000000000e+00
D 1  1
1.221810000000e+00  1.000000000000e+00
D 1  1
7.235620000000e-01  1.000000000000e+00
D 1  1
2.988270000000e-01  1.000000000000e+00
F 1  1
2.386420000000e+01  1.000000000000e+00
F 1  1
1.053930000000e+01  1.000000000000e+00
F 1  1
7.371910000000e+00  1.000000000000e+00
F 1  1
3.701470000000e+00  1.000000000000e+00
F 1  1
2.367740000000e+00  1.000000000000e+00
F 1  1
1.334860000000e+00  1.000000000000e+00
F 1  1
6.776240000000e-01  1.000000000000e+00
G 1  1
1.839340000000e+01  1.000000000000e+00
G 1  1
8.731940000000e+00  1.000000000000e+00
G 1  1
5.240850000000e+00  1.000000000000e+00
G 1  1
3.282650000000e+00  1.000000000000e+00
G 1  1
1.917490000000e+00  1.000000000000e+00
G 1  1
1.020070000000e+00  1.000000000000e+00
H 1  1
9.987270000000e+00  1.000000000000e+00
H 1  1
5.463480000000e+00  1.000000000000e+00
H 1  1
3.280280000000e+00  1.000000000000e+00
H 1  1
1.724030000000e+00  1.000000000000e+00
I 1  1
7.848390000000e+00  1.000000000000e+00
I 1  1
4.765600000000e+00  1.000000000000e+00
I 1  1
2.663610000000e+00  1.000000000000e+00
K 1  1
4.829120000000e+00  1.000000000000e+00
@END

@ATOMBASIS NE
S 1  1
1.341740000000e+03  1.000000000000e+00
S 1  1
3.164470000000e+02  1.000000000000e+00
S 1  1
1.172680000000e+02  1.000000000000e+00
S 1  1
4.541610000000e+01  1.000000000000e+00
S 1  1
2.330910000000e+01  1.000000000000e+00
S 1  1
1.363530000000e+01  1.000000000000e+00
S 1  1
7.669280000000e+00  1.000000000000e+00
S 1  1
4.257170000000e+00  1.000000000000e+00
S 1  1
2.229370000000e+00  1.000000000000e+00
S 1  1
1.176650000000e+00  1.000000000000e+00
S 1  1
6.142630000000e-01  1.000000000000e+00
S 1  1
3.350160000000e-01  1.000000000000e+00
P 1  1
2.187100000000e+02  1.000000000000e+00
P 1  1
5.808650000000e+01  1.000000000000e+00
P 1  1
2.638750000000e+01  1.000000000000e+00
P 1  1
1.113240000000e+01  1.000000000000e+00
P 1  1
6.081720000000e+00  1.000000000000e+00
P 1  1
3.391660000000e+00  1.000000000000e+00
P 1  1
2.128020000000e+00  1.000000000000e+00
P 1  1
1.341170000000e+00  1.000000000000e+00
P 1  1
7.461320000000e-01  1.000000000000e+00
P 1  1
3.973610000000e-01  1.000000000000e+00
D 1  1
4.132630000000e+01  1.000000000000e+00
D 1  1
1.398210000000e+01  1.000000000000e+00
D 1  1
8.028810000000e+00  1.000000000000e+00
D 1  1
5.106260000000e+00  1.000000000000e+00
D 1  1
2.662150000000e+00  1.000000000000e+00
D 1  1
1.566160000000e+00  1.000000000000e+00
D 1  1
8.000890000000e-01  1.000000000000e+00
D 1  1
4.500250000000e-01  1.000000000000e+00
F 1  1
3.179160000000e+01  1.000000000000e+00
F 1  1
1.497010000000e+01  1.000000000000e+00
F 1  1
9.215500000000e+00  1.000000000000e+00
F 1  1
5.029060000000e+00  1.000000000000e+00
F 1  1
3.228290000000e+00  1.000000000000e+00
F 1  1
1.687320000000e+00  1.000000000000e+00
F 1  1
8.410470000000e-01  1.000000000000e+00
G 1  1
2.271740000000e+01  1.000000000000e+00
G 1  1
1.088730000000e+01  1.000000000000e+00
G 1  1
6.747000000000e+00  1.000000000000e+00
G 1  1
4.071550000000e+00  1.000000000000e+00
G 1  1
2.421920000000e+00  1.000000000000e+00
G 1  1
1.353040000000e+00  1.000000000000e+00
H 1  1
1.252420000000e+01  1.000000000000e+00
H 1  1
6.913490000000e+00  1.000000000000e+00
H 1  1
4.139340000000e+00  1.000000000000e+00
H 1  1
2.101330000000e+00  1.000000000000e+00
I 1  1
1.002390000000e+01  1.000000000000e+00
I 1  1
6.011380000000e+00  1.000000000000e+00
I 1  1
3.372110000000e+00  1.000000000000e+00
K 1  1
6.065650000000e+00  1.000000000000e+00
@END

@ATOMBASIS AL
S 1  1
1.219620000000e+03  1.000000000000e+00
S 1  1
2.705950000000e+02  1.000000000000e+00
S 1  1
5.667330000000e+01  1.000000000000e+00
S 1  1
2.506570000000e+01  1.000000000000e+00
S 1  1
8.671490000000e+00  1.000000000000e+00
S 1  1
4.014490000000e+00  1.000000000000e+00
S 1  1
2.312510000000e+00  1.000000000000e+00
S 1  1
1.412180000000e+00  1.000000000000e+00
S 1  1
7.634610000000e-01  1.000000000000e+00
S 1  1
3.789340000000e-01  1.000000000000e+00
S 1  1
2.078580000000e-01  1.000000000000e+00
S 1  1
1.198210000000e-01  1.000000000000e+00
S 1  1
6.431430000000e-02  1.000000000000e+00
P 1  1
2.381390000000e+02  1.000000000000e+00
P 1  1
6.919010000000e+01  1.000000000000e+00
P 1  1
2.971460000000e+01  1.000000000000e+00
P 1  1
1.101010000000e+01  1.000000000000e+00
P 1  1
5.297820000000e+00  1.000000000000e+00
P 1  1
2.734880000000e+00  1.000000000000e+00
P 1  1
1.494000000000e+00  1.000000000000e+00
P 1  1
9.846210000000e-01  1.000000000000e+00
P 1  1
5.890700000000e-01  1.000000000000e+00
P 1  1
3.335160000000e-01  1.000000000000e+00
P 1  1
2.036730000000e-01  1.000000000000e+00
P 1  1
1.202490000000e-01  1.000000000000e+00
P 1  1
6.514780000000e-02  1.000000000000e+00
D 1  1
5.580740000000e+01  1.000000000000e+00
D 1  1
1.961460000000e+01  1.000000000000e+00
D 1  1
7.166130000000e+00  1.000000000000e+00
D 1  1
3.231570000000e+00  1.000000000000e+00
D 1  1
1.671190000000e+00  1.000000000000e+00
D 1  1
1.058750000000e+00  1.000000000000e+00
D 1  1
7.583130000000e-01  1.000000000000e+00
D 1  1
4.845460000000e-01  1.000000000000e+00
D 1  1
2.709940000000e-01  1.000000000000e+00
D 1  1
1.389670000000e-01  1.000000000000e+00
D 1  1
7.779650000000e-02  1.000000000000e+00
F 1  1
1.721180000000e+01  1.000000000000e+00
F 1  1
7.264470000000e+00  1.000000000000e+00
F 1  1
3.114760000000e+00  1.000000000000e+00
F 1  1
1.677140000000e+00  1.000000000000e+00
F 1  1
1.022460000000e+00  1.000000000000e+00
F 1  1
5.864070000000e-01  1.000000000000e+00
F 1  1
3.402200000000e-01  1.000000000000e+00
F 1  1
1.993750000000e-01  1.000000000000e+00
F 1  1
1.316480000000e-01  1.000000000000e+00
G 1  1
5.430340000000e+00  1.000000000000e+00
G 1  1
2.327340000000e+00  1.000000000000e+00
G 1  1
1.304210000000e+00  1.000000000000e+00
G 1  1
8.346350000000e-01  1.000000000000e+00
G 1  1
5.372910000000e-01  1.000000000000e+00
G 1  1
3.303690000000e-01  1.000000000000e+00
G 1  1
1.809710000000e-01  1.000000000000e+00
H 1  1
2.884020000000e+00  1.000000000000e+00
H 1  1
1.393910000000e+00  1.000000000000e+00
H 1  1
7.216620000000e-01  1.000000000000e+00
H 1  1
4.560710000000e-01  1.000000000000e+00
H 1  1
2.819050000000e-01  1.000000000000e+00
I 1  1
1.877850000000e+00  1.000000000000e+00
I 1  1
7.108410000000e-01  1.000000000000e+00
I 1  1
4.499170000000e-01  1.000000000000e+00
K 1  1
6.835570000000e-01  1.000000000000e+00
@END

@ATOMBASIS SI
S 1  1
1.449530000000e+03  1.000000000000e+00
S 1  1
3.219430000000e+02  1.000000000000e+00
S 1  1
6.591570000000e+01  1.000000000000e+00
S 1  1
3.011720000000e+01  1.000000000000e+00
S 1  1
1.013430000000e+01  1.000000000000e+00
S 1  1
5.004390000000e+00  1.000000000000e+00
S 1  1
2.699960000000e+00  1.000000000000e+00
S 1  1
1.624810000000e+00  1.000000000000e+00
S 1  1
1.061130000000e+00  1.000000000000e+00
S 1  1
5.369780000000e-01  1.000000000000e+00
S 1  1
2.836370000000e-01  1.000000000000e+00
S 1  1
1.649700000000e-01  1.000000000000e+00
S 1  1
8.201640000000e-02  1.000000000000e+00
P 1  1
3.213580000000e+02  1.000000000000e+00
P 1  1
9.221480000000e+01  1.000000000000e+00
P 1  1
3.555890000000e+01  1.000000000000e+00
P 1  1
1.471430000000e+01  1.000000000000e+00
P 1  1
7.808580000000e+00  1.000000000000e+00
P 1  1
3.108960000000e+00  1.000000000000e+00
P 1  1
1.697240000000e+00  1.000000000000e+00
P 1  1
1.168490000000e+00  1.000000000000e+00
P 1  1
6.907540000000e-01  1.000000000000e+00
P 1  1
4.407630000000e-01  1.000000000000e+00
P 1  1
2.689320000000e-01  1.000000000000e+00
P 1  1
1.541710000000e-01  1.000000000000e+00
P 1  1
8.353630000000e-02  1.000000000000e+00
D 1  1
8.607470000000e+01  1.000000000000e+00
D 1  1
2.726700000000e+01  1.000000000000e+00
D 1  1
9.732260000000e+00  1.000000000000e+00
D 1  1
4.929270000000e+00  1.000000000000e+00
D 1  1
2.374320000000e+00  1.000000000000e+00
D 1  1
1.200500000000e+00  1.000000000000e+00
D 1  1
8.277810000000e-01  1.000000000000e+00
D 1  1
5.628860000000e-01  1.000000000000e+00
D 1  1
3.757680000000e-01  1.000000000000e+00
D 1  1
2.044900000000e-01  1.000000000000e+00
D 1  1
1.003070000000e-01  1.000000000000e+00
F 1  1
2.385090000000e+01  1.000000000000e+00
F 1  1
1.077980000000e+01  1.000000000000e+00
F 1  1
4.606480000000e+00  1.000000000000e+00
F 1  1
2.163560000000e+00  1.000000000000e+00
F 1  1
1.346150000000e+00  1.000000000000e+00
F 1  1
8.953780000000e-01  1.000000000000e+00
F 1  1
4.872520000000e-01  1.000000000000e+00
F 1  1
3.276150000000e-01  1.000000000000e+00
F 1  1
1.865120000000e-01  1.000000000000e+00
G 1  1
7.469260000000e+00  1.000000000000e+00
G 1  1
3.292990000000e+00  1.000000000000e+00
G 1  1
1.814060000000e+00  1.000000000000e+00
G 1  1
1.077760000000e+00  1.000000000000e+00
G 1  1
6.133930000000e-01  1.000000000000e+00
G 1  1
3.984650000000e-01  1.000000000000e+00
G 1  1
2.364920000000e-01  1.000000000000e+00
H 1  1
3.820140000000e+00  1.000000000000e+00
H 1  1
1.884290000000e+00  1.000000000000e+00
H 1  1
9.706180000000e-01  1.000000000000e+00
H 1  1
6.309420000000e-01  1.000000000000e+00
H 1  1
3.562550000000e-01  1.000000000000e+00
I 1  1
2.399060000000e+00  1.000000000000e+00
I 1  1
9.756650000000e-01  1.000000000000e+00
I 1  1
6.014500000000e-01  1.000000000000e+00
K 1  1
9.070460000000e-01  1.000000000000e+00
@END

@ATOMBASIS P
S 1  1
1.686740000000e+03  1.000000000000e+00
S 1  1
3.733890000000e+02  1.000000000000e+00
S 1  1
7.663190000000e+01  1.000000000000e+00
S 1  1
3.504390000000e+01  1.000000000000e+00
S 1  1
1.343560000000e+01  1.000000000000e+00
S 1  1
6.667540000000e+00  1.000000000000e+00
S 1  1
3.201180000000e+00  1.000000000000e+00
S 1  1
1.966070000000e+00  1.000000000000e+00
S 1  1
1.277970000000e+00  1.000000000000e+00
S 1  1
6.852620000000e-01  1.000000000000e+00
S 1  1
3.823960000000e-01  1.000000000000e+00
S 1  1
2.236480000000e-01  1.000000000000e+00
S 1  1
1.120330000000e-01  1.000000000000e+00
P 1  1
3.716350000000e+02  1.000000000000e+00
P 1  1
1.080330000000e+02  1.000000000000e+00
P 1  1
4.066170000000e+01  1.000000000000e+00
P 1  1
1.871760000000e+01  1.000000000000e+00
P 1  1
1.012220000000e+01  1.000000000000e+00
P 1  1
4.210770000000e+00  1.000000000000e+00
P 1  1
2.217930000000e+00  1.000000000000e+00
P 1  1
1.410950000000e+00  1.000000000000e+00
P 1  1
8.557080000000e-01  1.000000000000e+00
P 1  1
5.522070000000e-01  1.000000000000e+00
P 1  1
3.664820000000e-01  1.000000000000e+00
P 1  1
2.102460000000e-01  1.000000000000e+00
P 1  1
1.103250000000e-01  1.000000000000e+00
D 1  1
1.022490000000e+02  1.000000000000e+00
D 1  1
3.344300000000e+01  1.000000000000e+00
D 1  1
1.282440000000e+01  1.000000000000e+00
D 1  1
6.090300000000e+00  1.000000000000e+00
D 1  1
3.026140000000e+00  1.000000000000e+00
D 1  1
1.537510000000e+00  1.000000000000e+00
D 1  1
1.103440000000e+00  1.000000000000e+00
D 1  1
7.029230000000e-01  1.000000000000e+00
D 1  1
4.810360000000e-01  1.000000000000e+00
D 1  1
2.664760000000e-01  1.000000000000e+00
D 1  1
1.288220000000e-01  1.000000000000e+00
F 1  1
3.001960000000e+01  1.000000000000e+00
F 1  1
1.421060000000e+01  1.000000000000e+00
F 1  1
6.156890000000e+00  1.000000000000e+00
F 1  1
2.947860000000e+00  1.000000000000e+00
F 1  1
1.755050000000e+00  1.000000000000e+00
F 1  1
1.177810000000e+00  1.000000000000e+00
F 1  1
6.653450000000e-01  1.000000000000e+00
F 1  1
4.370430000000e-01  1.000000000000e+00
F 1  1
2.561480000000e-01  1.000000000000e+00
G 1  1
9.811550000000e+00  1.000000000000e+00
G 1  1
4.356850000000e+00  1.000000000000e+00
G 1  1
2.319420000000e+00  1.000000000000e+00
G 1  1
1.355580000000e+00  1.000000000000e+00
G 1  1
7.740430000000e-01  1.000000000000e+00
G 1  1
4.885390000000e-01  1.000000000000e+00
G 1  1
3.098040000000e-01  1.000000000000e+00
H 1  1
4.758140000000e+00  1.000000000000e+00
H 1  1
2.390410000000e+00  1.000000000000e+00
H 1  1
1.262570000000e+00  1.000000000000e+00
H 1  1
7.964940000000e-01  1.000000000000e+00
H 1  1
4.613090000000e-01  1.000000000000e+00
I 1  1
2.972420000000e+00  1.000000000000e+00
I 1  1
1.271630000000e+00  1.000000000000e+00
I 1  1
7.656670000000e-01  1.000000000000e+00
K 1  1
1.173990000000e+00  1.000000000000e+00
@END

@ATOMBASIS S
S 1  1
1.932750000000e+03  1.000000000000e+00
S 1  1
4.282170000000e+02  1.000000000000e+00
S 1  1
8.809380000000e+01  1.000000000000e+00
S 1  1
4.045190000000e+01  1.000000000000e+00
S 1  1
1.497540000000e+01  1.000000000000e+00
S 1  1
8.046600000000e+00  1.000000000000e+00
S 1  1
3.999540000000e+00  1.000000000000e+00
S 1  1
2.284920000000e+00  1.000000000000e+00
S 1  1
1.569820000000e+00  1.000000000000e+00
S 1  1
8.374070000000e-01  1.000000000000e+00
S 1  1
4.629560000000e-01  1.000000000000e+00
S 1  1
2.511370000000e-01  1.000000000000e+00
S 1  1
1.295120000000e-01  1.000000000000e+00
P 1  1
4.555750000000e+02  1.000000000000e+00
P 1  1
1.309230000000e+02  1.000000000000e+00
P 1  1
4.843630000000e+01  1.000000000000e+00
P 1  1
2.018230000000e+01  1.000000000000e+00
P 1  1
1.207360000000e+01  1.000000000000e+00
P 1  1
5.470820000000e+00  1.000000000000e+00
P 1  1
2.998630000000e+00  1.000000000000e+00
P 1  1
1.901160000000e+00  1.000000000000e+00
P 1  1
1.199920000000e+00  1.000000000000e+00
P 1  1
7.988730000000e-01  1.000000000000e+00
P 1  1
4.992090000000e-01  1.000000000000e+00
P 1  1
2.819670000000e-01  1.000000000000e+00
P 1  1
1.600120000000e-01  1.000000000000e+00
D 1  1
1.213640000000e+02  1.000000000000e+00
D 1  1
3.961670000000e+01  1.000000000000e+00
D 1  1
1.535290000000e+01  1.000000000000e+00
D 1  1
7.333510000000e+00  1.000000000000e+00
D 1  1
3.432320000000e+00  1.000000000000e+00
D 1  1
2.088310000000e+00  1.000000000000e+00
D 1  1
1.390420000000e+00  1.000000000000e+00
D 1  1
8.884600000000e-01  1.000000000000e+00
D 1  1
5.557910000000e-01  1.000000000000e+00
D 1  1
3.185220000000e-01  1.000000000000e+00
D 1  1
1.585590000000e-01  1.000000000000e+00
F 1  1
3.604900000000e+01  1.000000000000e+00
F 1  1
1.715180000000e+01  1.000000000000e+00
F 1  1
7.311270000000e+00  1.000000000000e+00
F 1  1
3.439370000000e+00  1.000000000000e+00
F 1  1
2.086910000000e+00  1.000000000000e+00
F 1  1
1.256720000000e+00  1.000000000000e+00
F 1  1
7.649940000000e-01  1.000000000000e+00
F 1  1
5.210280000000e-01  1.000000000000e+00
F 1  1
3.013480000000e-01  1.000000000000e+00
G 1  1
1.100090000000e+01  1.000000000000e+00
G 1  1
4.800050000000e+00  1.000000000000e+00
G 1  1
2.929440000000e+00  1.000000000000e+00
G 1  1
1.702470000000e+00  1.000000000000e+00
G 1  1
9.770120000000e-01  1.000000000000e+00
G 1  1
6.102420000000e-01  1.000000000000e+00
G 1  1
3.569990000000e-01  1.000000000000e+00
H 1  1
5.314400000000e+00  1.000000000000e+00
H 1  1
2.877870000000e+00  1.000000000000e+00
H 1  1
1.516250000000e+00  1.000000000000e+00
H 1  1
9.668780000000e-01  1.000000000000e+00
H 1  1
5.460110000000e-01  1.000000000000e+00
I 1  1
3.412580000000e+00  1.000000000000e+00
I 1  1
1.573690000000e+00  1.000000000000e+00
I 1  1
8.831100000000e-01  1.000000000000e+00
K 1  1
1.391240000000e+00  1.000000000000e+00
@END

@ATOMBASIS CL
S 1  1
2.213430000000e+03  1.000000000000e+00
S 1  1
4.891470000000e+02  1.000000000000e+00
S 1  1
9.860910000000e+01  1.000000000000e+00
S 1  1
4.813810000000e+01  1.000000000000e+00
S 1  1
1.788630000000e+01  1.000000000000e+00
S 1  1
1.046680000000e+01  1.000000000000e+00
S 1  1
4.490060000000e+00  1.000000000000e+00
S 1  1
3.090410000000e+00  1.000000000000e+00
S 1  1
1.902980000000e+00  1.000000000000e+00
S 1  1
1.028180000000e+00  1.000000000000e+00
S 1  1
5.499060000000e-01  1.000000000000e+00
S 1  1
3.024670000000e-01  1.000000000000e+00
S 1  1
1.529270000000e-01  1.000000000000e+00
P 1  1
4.846000000000e+02  1.000000000000e+00
P 1  1
1.413750000000e+02  1.000000000000e+00
P 1  1
5.157460000000e+01  1.000000000000e+00
P 1  1
2.477950000000e+01  1.000000000000e+00
P 1  1
1.401480000000e+01  1.000000000000e+00
P 1  1
6.502710000000e+00  1.000000000000e+00
P 1  1
3.497850000000e+00  1.000000000000e+00
P 1  1
2.398240000000e+00  1.000000000000e+00
P 1  1
1.500000000000e+00  1.000000000000e+00
P 1  1
9.509650000000e-01  1.000000000000e+00
P 1  1
6.008920000000e-01  1.000000000000e+00
P 1  1
3.403940000000e-01  1.000000000000e+00
P 1  1
1.901690000000e-01  1.000000000000e+00
D 1  1
1.441720000000e+02  1.000000000000e+00
D 1  1
4.733100000000e+01  1.000000000000e+00
D 1  1
1.918880000000e+01  1.000000000000e+00
D 1  1
8.738400000000e+00  1.000000000000e+00
D 1  1
4.391340000000e+00  1.000000000000e+00
D 1  1
2.307250000000e+00  1.000000000000e+00
D 1  1
1.617300000000e+00  1.000000000000e+00
D 1  1
1.062320000000e+00  1.000000000000e+00
D 1  1
7.365070000000e-01  1.000000000000e+00
D 1  1
3.761340000000e-01  1.000000000000e+00
D 1  1
1.778530000000e-01  1.000000000000e+00
F 1  1
4.197440000000e+01  1.000000000000e+00
F 1  1
2.101550000000e+01  1.000000000000e+00
F 1  1
9.234880000000e+00  1.000000000000e+00
F 1  1
4.477300000000e+00  1.000000000000e+00
F 1  1
2.436640000000e+00  1.000000000000e+00
F 1  1
1.670290000000e+00  1.000000000000e+00
F 1  1
9.443750000000e-01  1.000000000000e+00
F 1  1
6.330220000000e-01  1.000000000000e+00
F 1  1
3.767130000000e-01  1.000000000000e+00
G 1  1
1.364710000000e+01  1.000000000000e+00
G 1  1
6.119400000000e+00  1.000000000000e+00
G 1  1
3.145360000000e+00  1.000000000000e+00
G 1  1
1.961210000000e+00  1.000000000000e+00
G 1  1
1.152930000000e+00  1.000000000000e+00
G 1  1
7.228360000000e-01  1.000000000000e+00
G 1  1
4.848640000000e-01  1.000000000000e+00
H 1  1
6.389880000000e+00  1.000000000000e+00
H 1  1
3.184470000000e+00  1.000000000000e+00
H 1  1
1.825610000000e+00  1.000000000000e+00
H 1  1
1.149640000000e+00  1.000000000000e+00
H 1  1
6.265220000000e-01  1.000000000000e+00
I 1  1
4.083580000000e+00  1.000000000000e+00
I 1  1
1.942850000000e+00  1.000000000000e+00
I 1  1
1.068920000000e+00  1.000000000000e+00
K 1  1
1.691410000000e+00  1.000000000000e+00
@END

@ATOMBASIS AR
S 1  1
2.692680000000e+03  1.000000000000e+00
S 1  1
5.697120000000e+02  1.000000000000e+00
S 1  1
1.102300000000e+02  1.000000000000e+00
S 1  1
5.000000000000e+01  1.000000000000e+00
S 1  1
2.197300000000e+01  1.000000000000e+00
S 1  1
1.168130000000e+01  1.000000000000e+00
S 1  1
5.453930000000e+00  1.000000000000e+00
S 1  1
3.305280000000e+00  1.000000000000e+00
S 1  1
2.298630000000e+00  1.000000000000e+00
S 1  1
1.237910000000e+00  1.000000000000e+00
S 1  1
6.427630000000e-01  1.000000000000e+00
S 1  1
3.665840000000e-01  1.000000000000e+00
S 1  1
1.786570000000e-01  1.000000000000e+00
P 1  1
5.523890000000e+02  1.000000000000e+00
P 1  1
1.555970000000e+02  1.000000000000e+00
P 1  1
6.054300000000e+01  1.000000000000e+00
P 1  1
2.799990000000e+01  1.000000000000e+00
P 1  1
1.531060000000e+01  1.000000000000e+00
P 1  1
7.627950000000e+00  1.000000000000e+00
P 1  1
3.900000000000e+00  1.000000000000e+00
P 1  1
2.650000000000e+00  1.000000000000e+00
P 1  1
1.600000000000e+00  1.000000000000e+00
P 1  1
1.100000000000e+00  1.000000000000e+00
P 1  1
7.000000000000e-01  1.000000000000e+00
P 1  1
3.900000000000e-01  1.000000000000e+00
P 1  1
2.200000000000e-01  1.000000000000e+00
D 1  1
1.667140000000e+02  1.000000000000e+00
D 1  1
5.417090000000e+01  1.000000000000e+00
D 1  1
2.269580000000e+01  1.000000000000e+00
D 1  1
1.019530000000e+01  1.000000000000e+00
D 1  1
5.179570000000e+00  1.000000000000e+00
D 1  1
2.776430000000e+00  1.000000000000e+00
D 1  1
1.829810000000e+00  1.000000000000e+00
D 1  1
1.212640000000e+00  1.000000000000e+00
D 1  1
8.277480000000e-01  1.000000000000e+00
D 1  1
4.649640000000e-01  1.000000000000e+00
D 1  1
2.091700000000e-01  1.000000000000e+00
F 1  1
4.843640000000e+01  1.000000000000e+00
F 1  1
2.472560000000e+01  1.000000000000e+00
F 1  1
1.095690000000e+01  1.000000000000e+00
F 1  1
5.363230000000e+00  1.000000000000e+00
F 1  1
2.896800000000e+00  1.000000000000e+00
F 1  1
2.009390000000e+00  1.000000000000e+00
F 1  1
1.160740000000e+00  1.000000000000e+00
F 1  1
7.564220000000e-01  1.000000000000e+00
F 1  1
4.605730000000e-01  1.000000000000e+00
G 1  1
1.646870000000e+01  1.000000000000e+00
G 1  1
7.387670000000e+00  1.000000000000e+00
G 1  1
3.908680000000e+00  1.000000000000e+00
G 1  1
2.316230000000e+00  1.000000000000e+00
G 1  1
1.385780000000e+00  1.000000000000e+00
G 1  1
8.558820000000e-01  1.000000000000e+00
G 1  1
6.084710000000e-01  1.000000000000e+00
H 1  1
7.654540000000e+00  1.000000000000e+00
H 1  1
3.607270000000e+00  1.000000000000e+00
H 1  1
2.203520000000e+00  1.000000000000e+00
H 1  1
1.379200000000e+00  1.000000000000e+00
H 1  1
7.494790000000e-01  1.000000000000e+00
I 1  1
4.832800000000e+00  1.000000000000e+00
I 1  1
2.351130000000e+00  1.000000000000e+00
I 1  1
1.286220000000e+00  1.000000000000e+00
K 1  1
2.035400000000e+00  1.000000000000e+00
@END
0a40cf49bfab123b06f1530c29138086