@BASIS_SET CC-PV5Z-RIFIT  !CC-PV5Z-RIFIT

@ATOMBASIS H
S 1  1
2.332150000000e+01  1.000000000000e+00
S 1  1
4.922970000000e+00  1.000000000000e+00
S 1  1
1.775100000000e+00  1.000000000000e+00
S 1  1
9.942180000000e-01  1.000000000000e+00
S 1  1
5.060540000000e-01  1.000000000000e+00
S 1  1
2.369110000000e-01  1.000000000000e+00
P 1  1
5.974580000000e+00  1.000000000000e+00
P 1  1
2.052170000000e+00  1.000000000000e+00
P 1  1
1.248660000000e+00  1.000000000000e+00
P 1  1
8.055450000000e-01  1.000000000000e+00
P 1  1
3.478920000000e-01  1.000000000000e+00
D 1  1
3.858160000000e+00  1.000000000000e+00
D 1  1
1.710630000000e+00  1.000000000000e+00
D 1  1
9.792370000000e-01  1.000000000000e+00
D 1  1
6.253660000000e-01  1.000000000000e+00
F 1  1
3.101510000000e+00  1.000000000000e+00
F 1  1
1.198110000000e+00  1.000000000000e+00
F 1  1
5.728730000000e-01  1.000000000000e+00
G 1  1
2.987800000000e+00  1.000000000000e+00
G 1  1
1.231920000000e+00  1.000000000000e+00
H 1  1
3.247390000000e+00  1.000000000000e+00
@END

@ATOMBASIS HE
S 1  1
6.995770000000e+01  1.000000000000e+00
S 1  1
1.556920000000e+01  1.000000000000e+00
S 1  1
5.026940000000e+00  1.000000000000e+00
S 1  1
1.997460000000e+00  1.000000000000e+00
S 1  1
8.479990000000e-01  1.000000000000e+00
S 1  1
3.732570000000e-01  1.000000000000e+00
P 1  1
1.424140000000e+01  1.000000000000e+00
P 1  1
4.785100000000e+00  1.000000000000e+00
P 1  1
3.288140000000e+00  1.000000000000e+00
P 1  1
1.899330000000e+00  1.000000000000e+00
P 1  1
7.722180000000e-01  1.000000000000e+00
D 1  1
1.105720000000e+01  1.000000000000e+00
D 1  1
5.762230000000e+00  1.000000000000e+00
D 1  1
3.520060000000e+00  1.000000000000e+00
D 1  1
1.340090000000e+00  1.000000000000e+00
F 1  1
8.291460000000e+00  1.000000000000e+00
F 1  1
5.450110000000e+00  1.000000000000e+00
F 1  1
2.267140000000e+00  1.000000000000e+00
G 1  1
8.220310000000e+00  1.000000000000e+00
G 1  1
4.159820000000e+00  1.000000000000e+00
H 1  1
5.848000000000e+00  1.000000000000e+00
@END

@ATOMBASIS LI
S 1  1
1.155530000000e+02  1.000000000000e+00
S 1  1
2.422860000000e+01  1.000000000000e+00
S 1  1
7.795370000000e+00  1.000000000000e+00
S 1  1
2.891360000000e+00  1.000000000000e+00
S 1  1
1.423940000000e+00  1.000000000000e+00
S 1  1
7.059170000000e-01  1.000000000000e+00
S 1  1
3.801230000000e-01  1.000000000000e+00
S 1  1
2.469010000000e-01  1.000000000000e+00
S 1  1
1.235320000000e-01  1.000000000000e+00
S 1  1
6.428810000000e-02  1.000000000000e+00
P 1  1
2.009390000000e+01  1.000000000000e+00
P 1  1
6.081490000000e+00  1.000000000000e+00
P 1  1
2.347260000000e+00  1.000000000000e+00
P 1  1
1.029950000000e+00  1.000000000000e+00
P 1  1
5.201900000000e-01  1.000000000000e+00
P 1  1
2.232760000000e-01  1.000000000000e+00
P 1  1
1.212610000000e-01  1.000000000000e+00
P 1  1
7.277750000000e-02  1.000000000000e+00
D 1  1
6.963580000000e+00  1.000000000000e+00
D 1  1
2.681530000000e+00  1.000000000000e+00
D 1  1
1.351630000000e+00  1.000000000000e+00
D 1  1
7.718930000000e-01  1.000000000000e+00
D 1  1
3.396440000000e-01  1.000000000000e+00
D 1  1
1.734520000000e-01  1.000000000000e+00
D 1  1
1.010780000000e-01  1.000000000000e+00
F 1  1
3.229490000000e+00  1.000000000000e+00
F 1  1
1.349290000000e+00  1.000000000000e+00
F 1  1
7.646400000000e-01  1.000000000000e+00
F 1  1
4.155190000000e-01  1.000000000000e+00
F 1  1
2.592800000000e-01  1.000000000000e+00
F 1  1
1.560130000000e-01  1.000000000000e+00
G 1  1
1.819640000000e+00  1.000000000000e+00
G 1  1
8.565170000000e-01  1.000000000000e+00
G 1  1
4.349100000000e-01  1.000000000000e+00
G 1  1
1.961880000000e-01  1.000000000000e+00
H 1  1
1.185280000000e+00  1.000000000000e+00
H 1  1
5.986720000000e-01  1.000000000000e+00
H 1  1
4.271190000000e-01  1.000000000000e+00
I 1  1
5.986720000000e-01  1.000000000000e+00
@END

@ATOMBASIS BE
S 1  1
1.554760000000e+02  1.000000000000e+00
S 1  1
3.361650000000e+01  1.000000000000e+00
S 1  1
9.865750000000e+00  1.000000000000e+00
S 1  1
5.187230000000e+00  1.000000000000e+00
S 1  1
2.048250000000e+00  1.000000000000e+00
S 1  1
9.418240000000e-01  1.000000000000e+00
S 1  1
4.943730000000e-01  1.000000000000e+00
S 1  1
3.045210000000e-01  1.000000000000e+00
S 1  1
1.681880000000e-01  1.000000000000e+00
S 1  1
9.083640000000e-02  1.000000000000e+00
P 1  1
2.922630000000e+01  1.000000000000e+00
P 1  1
8.190870000000e+00  1.000000000000e+00
P 1  1
3.244700000000e+00  1.000000000000e+00
P 1  1
1.274640000000e+00  1.000000000000e+00
P 1  1
5.948850000000e-01  1.000000000000e+00
P 1  1
2.893720000000e-01  1.000000000000e+00
P 1  1
1.484870000000e-01  1.000000000000e+00
P 1  1
7.854650000000e-02  1.000000000000e+00
D 1  1
9.776100000000e+00  1.000000000000e+00
D 1  1
3.818020000000e+00  1.000000000000e+00
D 1  1
1.733830000000e+00  1.000000000000e+00
D 1  1
8.973860000000e-01  1.000000000000e+00
D 1  1
4.539270000000e-01  1.000000000000e+00
D 1  1
2.383890000000e-01  1.000000000000e+00
D 1  1
1.369550000000e-01  1.000000000000e+00
F 1  1
4.091040000000e+00  1.000000000000e+00
F 1  1
1.761390000000e+00  1.000000000000e+00
F 1  1
8.749920000000e-01  1.000000000000e+00
F 1  1
4.970820000000e-01  1.000000000000e+00
F 1  1
3.308420000000e-01  1.000000000000e+00
F 1  1
2.052940000000e-01  1.000000000000e+00
G 1  1
2.356140000000e+00  1.000000000000e+00
G 1  1
7.270390000000e-01  1.000000000000e+00
G 1  1
5.153300000000e-01  1.000000000000e+00
G 1  1
3.803510000000e-01  1.000000000000e+00
H 1  1
1.504620000000e+00  1.000000000000e+00
H 1  1
6.722110000000e-01  1.000000000000e+00
H 1  1
5.117080000000e-01  1.000000000000e+00
I 1  1
6.722110000000e-01  1.000000000000e+00
@END

@ATOMBASIS B
S 1  1
1.427150000000e+02  1.000000000000e+00
S 1  1
3.475730000000e+01  1.000000000000e+00
S 1  1
9.063320000000e+00  1.000000000000e+00
S 1  1
4.124940000000e+00  1.000000000000e+00
S 1  1
2.103280000000e+00  1.000000000000e+00
S 1  1
1.043310000000e+00  1.000000000000e+00
S 1  1
5.918670000000e-01  1.000000000000e+00
S 1  1
3.874950000000e-01  1.000000000000e+00
S 1  1
1.935790000000e-01  1.000000000000e+00
S 1  1
1.001150000000e-01  1.000000000000e+00
P 1  1
3.680230000000e+01  1.000000000000e+00
P 1  1
9.892560000000e+00  1.000000000000e+00
P 1  1
3.548920000000e+00  1.000000000000e+00
P 1  1
1.677110000000e+00  1.000000000000e+00
P 1  1
9.264200000000e-01  1.000000000000e+00
P 1  1
4.454730000000e-01  1.000000000000e+00
P 1  1
2.486810000000e-01  1.000000000000e+00
P 1  1
1.401950000000e-01  1.000000000000e+00
D 1  1
1.080850000000e+01  1.000000000000e+00
D 1  1
4.554610000000e+00  1.000000000000e+00
D 1  1
2.202870000000e+00  1.000000000000e+00
D 1  1
1.056650000000e+00  1.000000000000e+00
D 1  1
4.951640000000e-01  1.000000000000e+00
D 1  1
2.646490000000e-01  1.000000000000e+00
D 1  1
1.650730000000e-01  1.000000000000e+00
F 1  1
4.908970000000e+00  1.000000000000e+00
F 1  1
2.483560000000e+00  1.000000000000e+00
F 1  1
1.421170000000e+00  1.000000000000e+00
F 1  1
7.243000000000e-01  1.000000000000e+00
F 1  1
3.988600000000e-01  1.000000000000e+00
F 1  1
2.423970000000e-01  1.000000000000e+00
G 1  1
3.560170000000e+00  1.000000000000e+00
G 1  1
1.364190000000e+00  1.000000000000e+00
G 1  1
6.623070000000e-01  1.000000000000e+00
G 1  1
3.937700000000e-01  1.000000000000e+00
H 1  1
1.852370000000e+00  1.000000000000e+00
H 1  1
9.943330000000e-01  1.000000000000e+00
H 1  1
6.259000000000e-01  1.000000000000e+00
I 1  1
1.130180000000e+00  1.000000000000e+00
@END

@ATOMBASIS C
S 1  1
2.470640000000e+02  1.000000000000e+00
S 1  1
5.340040000000e+01  1.000000000000e+00
S 1  1
1.393200000000e+01  1.000000000000e+00
S 1  1
6.151790000000e+00  1.000000000000e+00
S 1  1
2.838270000000e+00  1.000000000000e+00
S 1  1
1.697980000000e+00  1.000000000000e+00
S 1  1
9.447630000000e-01  1.000000000000e+00
S 1  1
5.558060000000e-01  1.000000000000e+00
S 1  1
2.574330000000e-01  1.000000000000e+00
S 1  1
1.184980000000e-01  1.000000000000e+00
P 1  1
5.151750000000e+01  1.000000000000e+00
P 1  1
1.409720000000e+01  1.000000000000e+00
P 1  1
5.053190000000e+00  1.000000000000e+00
P 1  1
2.540790000000e+00  1.000000000000e+00
P 1  1
1.420590000000e+00  1.000000000000e+00
P 1  1
7.051450000000e-01  1.000000000000e+00
P 1  1
3.536120000000e-01  1.000000000000e+00
P 1  1
2.237930000000e-01  1.000000000000e+00
D 1  1
1.284480000000e+01  1.000000000000e+00
D 1  1
4.999910000000e+00  1.000000000000e+00
D 1  1
3.000150000000e+00  1.000000000000e+00
D 1  1
1.639980000000e+00  1.000000000000e+00
D 1  1
7.599640000000e-01  1.000000000000e+00
D 1  1
4.130130000000e-01  1.000000000000e+00
D 1  1
2.117490000000e-01  1.000000000000e+00
F 1  1
7.559750000000e+00  1.000000000000e+00
F 1  1
3.116540000000e+00  1.000000000000e+00
F 1  1
2.054360000000e+00  1.000000000000e+00
F 1  1
1.114180000000e+00  1.000000000000e+00
F 1  1
6.031840000000e-01  1.000000000000e+00
F 1  1
3.346270000000e-01  1.000000000000e+00
G 1  1
4.244100000000e+00  1.000000000000e+00
G 1  1
2.155990000000e+00  1.000000000000e+00
G 1  1
1.023150000000e+00  1.000000000000e+00
G 1  1
5.932350000000e-01  1.000000000000e+00
H 1  1
2.702190000000e+00  1.000000000000e+00
H 1  1
1.508080000000e+00  1.000000000000e+00
H 1  1
8.601250000000e-01  1.000000000000e+00
I 1  1
1.702580000000e+00  1.000000000000e+00
@END

@ATOMBASIS N
S 1  1
3.308140000000e+02  1.000000000000e+00
S 1  1
7.269250000000e+01  1.000000000000e+00
S 1  1
1.851530000000e+01  1.000000000000e+00
S 1  1
8.569100000000e+00  1.000000000000e+00
S 1  1
3.809660000000e+00  1.000000000000e+00
S 1  1
2.248340000000e+00  1.000000000000e+00
S 1  1
1.312410000000e+00  1.000000000000e+00
S 1  1
7.586370000000e-01  1.000000000000e+00
S 1  1
3.788790000000e-01  1.000000000000e+00
S 1  1
1.758880000000e-01  1.000000000000e+00
P 1  1
6.698700000000e+01  1.000000000000e+00
P 1  1
1.874980000000e+01  1.000000000000e+00
P 1  1
7.480640000000e+00  1.000000000000e+00
P 1  1
3.761240000000e+00  1.000000000000e+00
P 1  1
2.075610000000e+00  1.000000000000e+00
P 1  1
9.906520000000e-01  1.000000000000e+00
P 1  1
5.194290000000e-01  1.000000000000e+00
P 1  1
3.119910000000e-01  1.000000000000e+00
D 1  1
1.712090000000e+01  1.000000000000e+00
D 1  1
5.810520000000e+00  1.000000000000e+00
D 1  1
3.550630000000e+00  1.000000000000e+00
D 1  1
2.262180000000e+00  1.000000000000e+00
D 1  1
1.105370000000e+00  1.000000000000e+00
D 1  1
5.685800000000e-01  1.000000000000e+00
D 1  1
2.819380000000e-01  1.000000000000e+00
F 1  1
1.019560000000e+01  1.000000000000e+00
F 1  1
4.611490000000e+00  1.000000000000e+00
F 1  1
2.818460000000e+00  1.000000000000e+00
F 1  1
1.544330000000e+00  1.000000000000e+00
F 1  1
8.950750000000e-01  1.000000000000e+00
F 1  1
4.704400000000e-01  1.000000000000e+00
G 1  1
5.478920000000e+00  1.000000000000e+00
G 1  1
3.053470000000e+00  1.000000000000e+00
G 1  1
1.482770000000e+00  1.000000000000e+00
G 1  1
8.448750000000e-01  1.000000000000e+00
H 1  1
3.904570000000e+00  1.000000000000e+00
H 1  1
2.294020000000e+00  1.000000000000e+00
H 1  1
1.319300000000e+00  1.000000000000e+00
I 1  1
2.487090000000e+00  1.000000000000e+00
@END

@ATOMBASIS O
S 1  1
4.885610000000e+02  1.000000000000e+00
S 1  1
1.052790000000e+02  1.000000000000e+00
S 1  1
2.870820000000e+01  1.000000000000e+00
S 1  1
1.482550000000e+01  1.000000000000e+00
S 1  1
5.831540000000e+00  1.000000000000e+00
S 1  1
3.595370000000e+00  1.000000000000e+00
S 1  1
1.940030000000e+00  1.000000000000e+00
S 1  1
1.058590000000e+00  1.000000000000e+00
S 1  1
4.749110000000e-01  1.000000000000e+00
S 1  1
2.510050000000e-01  1.000000000000e+00
P 1  1
9.425660000000e+01  1.000000000000e+00
P 1  1
2.546510000000e+01  1.000000000000e+00
P 1  1
1.104930000000e+01  1.000000000000e+00
P 1  1
4.708760000000e+00  1.000000000000e+00
P 1  1
2.756880000000e+00  1.000000000000e+00
P 1  1
1.274280000000e+00  1.000000000000e+00
P 1  1
6.966410000000e-01  1.000000000000e+00
P 1  1
4.165190000000e-01  1.000000000000e+00
D 1  1
2.198820000000e+01  1.000000000000e+00
D 1  1
7.274420000000e+00  1.000000000000e+00
D 1  1
4.518780000000e+00  1.000000000000e+00
D 1  1
2.719410000000e+00  1.000000000000e+00
D 1  1
1.442130000000e+00  1.000000000000e+00
D 1  1
7.190240000000e-01  1.000000000000e+00
D 1  1
3.030630000000e-01  1.000000000000e+00
F 1  1
1.409870000000e+01  1.000000000000e+00
F 1  1
6.442910000000e+00  1.000000000000e+00
F 1  1
3.721040000000e+00  1.000000000000e+00
F 1  1
2.093740000000e+00  1.000000000000e+00
F 1  1
1.185310000000e+00  1.000000000000e+00
F 1  1
6.210130000000e-01  1.000000000000e+00
G 1  1
7.014070000000e+00  1.000000000000e+00
G 1  1
3.883140000000e+00  1.000000000000e+00
G 1  1
2.038250000000e+00  1.000000000000e+00
G 1  1
1.007810000000e+00  1.000000000000e+00
H 1  1
5.427550000000e+00  1.000000000000e+00
H 1  1
3.223120000000e+00  1.000000000000e+00
H 1  1
1.724010000000e+00  1.000000000000e+00
I 1  1
3.261230000000e+00  1.000000000000e+00
@END

@ATOMBASIS F
S 1  1
6.454240000000e+02  1.000000000000e+00
S 1  1
1.386180000000e+02  1.000000000000e+00
S 1  1
3.872950000000e+01  1.000000000000e+00
S 1  1
2.172360000000e+01  1.000000000000e+00
S 1  1
7.480350000000e+00  1.000000000000e+00
S 1  1
4.284400000000e+00  1.000000000000e+00
S 1  1
2.601990000000e+00  1.000000000000e+00
S 1  1
1.340780000000e+00  1.000000000000e+00
S 1  1
6.038750000000e-01  1.000000000000e+00
S 1  1
2.999150000000e-01  1.000000000000e+00
P 1  1
1.180660000000e+02  1.000000000000e+00
P 1  1
3.203370000000e+01  1.000000000000e+00
P 1  1
1.359250000000e+01  1.000000000000e+00
P 1  1
6.289910000000e+00  1.000000000000e+00
P 1  1
3.490790000000e+00  1.000000000000e+00
P 1  1
1.639320000000e+00  1.000000000000e+00
P 1  1
8.800170000000e-01  1.000000000000e+00
P 1  1
5.330030000000e-01  1.000000000000e+00
D 1  1
2.776760000000e+01  1.000000000000e+00
D 1  1
8.880760000000e+00  1.000000000000e+00
D 1  1
5.495020000000e+00  1.000000000000e+00
D 1  1
2.971120000000e+00  1.000000000000e+00
D 1  1
1.819720000000e+00  1.000000000000e+00
D 1  1
8.905280000000e-01  1.000000000000e+00
D 1  1
3.675800000000e-01  1.000000000000e+00
F 1  1
1.850030000000e+01  1.000000000000e+00
F 1  1
8.608610000000e+00  1.000000000000e+00
F 1  1
4.943880000000e+00  1.000000000000e+00
F 1  1
2.814490000000e+00  1.000000000000e+00
F 1  1
1.581520000000e+00  1.000000000000e+00
F 1  1
8.094650000000e-01  1.000000000000e+00
G 1  1
9.163700000000e+00  1.000000000000e+00
G 1  1
4.936690000000e+00  1.000000000000e+00
G 1  1
2.714870000000e+00  1.000000000000e+00
G 1  1
1.319190000000e+00  1.000000000000e+00
H 1  1
7.104650000000e+00  1.000000000000e+00
H 1  1
4.172870000000e+00  1.000000000000e+00
H 1  1
2.200100000000e+00  1.000000000000e+00
I 1  1
4.223720000000e+00  1.000000000000e+00
@END

@ATOMBASIS NE
S 1  1
8.127200000000e+02  1.000000000000e+00
S 1  1
1.747000000000e+02  1.000000000000e+00
S 1  1
4.459260000000e+01  1.000000000000e+00
S 1  1
2.669450000000e+01  1.000000000000e+00
S 1  1
9.386180000000e+00  1.000000000000e+00
S 1  1
5.419070000000e+00  1.000000000000e+00
S 1  1
3.405580000000e+00  1.000000000000e+00
S 1  1
1.556700000000e+00  1.000000000000e+00
S 1  1
7.714540000000e-01  1.000000000000e+00
S 1  1
3.700780000000e-01  1.000000000000e+00
P 1  1
1.483230000000e+02  1.000000000000e+00
P 1  1
4.001810000000e+01  1.000000000000e+00
P 1  1
1.845760000000e+01  1.000000000000e+00
P 1  1
8.050320000000e+00  1.000000000000e+00
P 1  1
4.381080000000e+00  1.000000000000e+00
P 1  1
2.075890000000e+00  1.000000000000e+00
P 1  1
1.102230000000e+00  1.000000000000e+00
P 1  1
6.689600000000e-01  1.000000000000e+00
D 1  1
3.448420000000e+01  1.000000000000e+00
D 1  1
1.091970000000e+01  1.000000000000e+00
D 1  1
6.880030000000e+00  1.000000000000e+00
D 1  1
3.533060000000e+00  1.000000000000e+00
D 1  1
2.197710000000e+00  1.000000000000e+00
D 1  1
1.103520000000e+00  1.000000000000e+00
D 1  1
4.492200000000e-01  1.000000000000e+00
F 1  1
2.405260000000e+01  1.000000000000e+00
F 1  1
1.132460000000e+01  1.000000000000e+00
F 1  1
6.356670000000e+00  1.000000000000e+00
F 1  1
3.729160000000e+00  1.000000000000e+00
F 1  1
2.028310000000e+00  1.000000000000e+00
F 1  1
1.024880000000e+00  1.000000000000e+00
G 1  1
1.176030000000e+01  1.000000000000e+00
G 1  1
6.187520000000e+00  1.000000000000e+00
G 1  1
3.483490000000e+00  1.000000000000e+00
G 1  1
1.719280000000e+00  1.000000000000e+00
H 1  1
8.998630000000e+00  1.000000000000e+00
H 1  1
5.230840000000e+00  1.000000000000e+00
H 1  1
2.734970000000e+00  1.000000000000e+00
I 1  1
5.335280000000e+00  1.000000000000e+00
@END

@ATOMBASIS NA
S 1  1
4.196160000000e+02  1.000000000000e+00
S 1  1
7.618440000000e+01  1.000000000000e+00
S 1  1
3.610940000000e+01  1.000000000000e+00
S 1  1
1.067990000000e+01  1.000000000000e+00
S 1  1
5.620630000000e+00  1.000000000000e+00
S 1  1
1.925560000000e+00  1.000000000000e+00
S 1  1
8.526460000000e-01  1.000000000000e+00
S 1  1
3.875520000000e-01  1.000000000000e+00
S 1  1
2.212640000000e-01  1.000000000000e+00
S 1  1
1.396570000000e-01  1.000000000000e+00
S 1  1
8.450910000000e-02  1.000000000000e+00
S 1  1
4.937570000000e-02  1.000000000000e+00
P 1  1
9.002750000000e+01  1.000000000000e+00
P 1  1
2.283300000000e+01  1.000000000000e+00
P 1  1
8.495520000000e+00  1.000000000000e+00
P 1  1
3.996960000000e+00  1.000000000000e+00
P 1  1
1.854640000000e+00  1.000000000000e+00
P 1  1
8.335720000000e-01  1.000000000000e+00
P 1  1
4.041550000000e-01  1.000000000000e+00
P 1  1
2.207630000000e-01  1.000000000000e+00
P 1  1
1.400950000000e-01  1.000000000000e+00
P 1  1
9.496650000000e-02  1.000000000000e+00
P 1  1
5.550460000000e-02  1.000000000000e+00
D 1  1
2.468420000000e+01  1.000000000000e+00
D 1  1
7.308650000000e+00  1.000000000000e+00
D 1  1
2.161400000000e+00  1.000000000000e+00
D 1  1
1.015980000000e+00  1.000000000000e+00
D 1  1
4.603420000000e-01  1.000000000000e+00
D 1  1
2.641820000000e-01  1.000000000000e+00
D 1  1
1.632620000000e-01  1.000000000000e+00
D 1  1
1.122810000000e-01  1.000000000000e+00
D 1  1
7.173590000000e-02  1.000000000000e+00
F 1  1
5.498600000000e+00  1.000000000000e+00
F 1  1
1.897290000000e+00  1.000000000000e+00
F 1  1
9.060020000000e-01  1.000000000000e+00
F 1  1
4.489080000000e-01  1.000000000000e+00
F 1  1
2.793310000000e-01  1.000000000000e+00
F 1  1
1.698070000000e-01  1.000000000000e+00
F 1  1
1.001100000000e-01  1.000000000000e+00
G 1  1
1.972760000000e+00  1.000000000000e+00
G 1  1
8.312740000000e-01  1.000000000000e+00
G 1  1
4.443060000000e-01  1.000000000000e+00
G 1  1
2.434010000000e-01  1.000000000000e+00
G 1  1
1.213530000000e-01  1.000000000000e+00
H 1  1
1.196610000000e+00  1.000000000000e+00
H 1  1
5.155420000000e-01  1.000000000000e+00
H 1  1
1.955970000000e-01  1.000000000000e+00
I 1  1
5.336940000000e-01  1.000000000000e+00
@END

@ATOMBASIS MG
S 1  1
5.404160000000e+02  1.000000000000e+00
S 1  1
1.021270000000e+02  1.000000000000e+00
S 1  1
4.311140000000e+01  1.000000000000e+00
S 1  1
1.347670000000e+01  1.000000000000e+00
S 1  1
7.375560000000e+00  1.000000000000e+00
S 1  1
2.606800000000e+00  1.000000000000e+00
S 1  1
1.298970000000e+00  1.000000000000e+00
S 1  1
5.840750000000e-01  1.000000000000e+00
S 1  1
3.301080000000e-01  1.000000000000e+00
S 1  1
1.805050000000e-01  1.000000000000e+00
S 1  1
1.191480000000e-01  1.000000000000e+00
S 1  1
6.914470000000e-02  1.000000000000e+00
P 1  1
1.234790000000e+02  1.000000000000e+00
P 1  1
3.348320000000e+01  1.000000000000e+00
P 1  1
1.233660000000e+01  1.000000000000e+00
P 1  1
5.613380000000e+00  1.000000000000e+00
P 1  1
2.423950000000e+00  1.000000000000e+00
P 1  1
1.157890000000e+00  1.000000000000e+00
P 1  1
5.318150000000e-01  1.000000000000e+00
P 1  1
2.934080000000e-01  1.000000000000e+00
P 1  1
1.941350000000e-01  1.000000000000e+00
P 1  1
1.301560000000e-01  1.000000000000e+00
P 1  1
8.459250000000e-02  1.000000000000e+00
D 1  1
2.835420000000e+01  1.000000000000e+00
D 1  1
8.248800000000e+00  1.000000000000e+00
D 1  1
2.956150000000e+00  1.000000000000e+00
D 1  1
1.287300000000e+00  1.000000000000e+00
D 1  1
5.834600000000e-01  1.000000000000e+00
D 1  1
3.444190000000e-01  1.000000000000e+00
D 1  1
2.224300000000e-01  1.000000000000e+00
D 1  1
1.519290000000e-01  1.000000000000e+00
D 1  1
9.125000000000e-02  1.000000000000e+00
F 1  1
6.950670000000e+00  1.000000000000e+00
F 1  1
2.762140000000e+00  1.000000000000e+00
F 1  1
1.250720000000e+00  1.000000000000e+00
F 1  1
5.759970000000e-01  1.000000000000e+00
F 1  1
3.342570000000e-01  1.000000000000e+00
F 1  1
2.163550000000e-01  1.000000000000e+00
F 1  1
1.260900000000e-01  1.000000000000e+00
G 1  1
2.550100000000e+00  1.000000000000e+00
G 1  1
1.072600000000e+00  1.000000000000e+00
G 1  1
5.525810000000e-01  1.000000000000e+00
G 1  1
3.080500000000e-01  1.000000000000e+00
G 1  1
1.465810000000e-01  1.000000000000e+00
H 1  1
1.512580000000e+00  1.000000000000e+00
H 1  1
4.579200000000e-01  1.000000000000e+00
H 1  1
2.925370000000e-01  1.000000000000e+00
I 1  1
1.074570000000e+00  1.000000000000e+00
@END

@ATOMBASIS AL
S 1  1
6.226580000000e+02  1.000000000000e+00
S 1  1
1.267230000000e+02  1.000000000000e+00
S 1  1
5.098800000000e+01  1.000000000000e+00
S 1  1
1.690150000000e+01  1.000000000000e+00
S 1  1
8.596280000000e+00  1.000000000000e+00
S 1  1
2.999320000000e+00  1.000000000000e+00
S 1  1
1.703290000000e+00  1.000000000000e+00
S 1  1
7.936730000000e-01  1.000000000000e+00
S 1  1
4.318250000000e-01  1.000000000000e+00
S 1  1
2.637670000000e-01  1.000000000000e+00
S 1  1
1.678920000000e-01  1.000000000000e+00
S 1  1
9.604790000000e-02  1.000000000000e+00
P 1  1
1.816550000000e+02  1.000000000000e+00
P 1  1
5.304630000000e+01  1.000000000000e+00
P 1  1
2.047350000000e+01  1.000000000000e+00
P 1  1
8.198240000000e+00  1.000000000000e+00
P 1  1
3.995940000000e+00  1.000000000000e+00
P 1  1
1.799910000000e+00  1.000000000000e+00
P 1  1
8.607160000000e-01  1.000000000000e+00
P 1  1
5.409310000000e-01  1.000000000000e+00
P 1  1
3.209450000000e-01  1.000000000000e+00
P 1  1
2.055760000000e-01  1.000000000000e+00
P 1  1
9.704050000000e-02  1.000000000000e+00
D 1  1
4.301340000000e+01  1.000000000000e+00
D 1  1
1.306510000000e+01  1.000000000000e+00
D 1  1
4.528950000000e+00  1.000000000000e+00
D 1  1
2.005540000000e+00  1.000000000000e+00
D 1  1
8.500340000000e-01  1.000000000000e+00
D 1  1
4.848880000000e-01  1.000000000000e+00
D 1  1
3.194100000000e-01  1.000000000000e+00
D 1  1
2.098920000000e-01  1.000000000000e+00
D 1  1
1.205130000000e-01  1.000000000000e+00
F 1  1
9.082230000000e+00  1.000000000000e+00
F 1  1
4.296170000000e+00  1.000000000000e+00
F 1  1
1.508090000000e+00  1.000000000000e+00
F 1  1
7.479700000000e-01  1.000000000000e+00
F 1  1
4.390910000000e-01  1.000000000000e+00
F 1  1
2.782180000000e-01  1.000000000000e+00
F 1  1
1.700210000000e-01  1.000000000000e+00
G 1  1
3.240940000000e+00  1.000000000000e+00
G 1  1
1.440740000000e+00  1.000000000000e+00
G 1  1
6.307600000000e-01  1.000000000000e+00
G 1  1
3.689410000000e-01  1.000000000000e+00
G 1  1
1.796010000000e-01  1.000000000000e+00
H 1  1
1.850340000000e+00  1.000000000000e+00
H 1  1
6.134910000000e-01  1.000000000000e+00
H 1  1
3.604250000000e-01  1.000000000000e+00
I 1  1
5.994550000000e-01  1.000000000000e+00
@END

@ATOMBASIS SI
S 1  1
7.314750000000e+02  1.000000000000e+00
S 1  1
1.518230000000e+02  1.000000000000e+00
S 1  1
6.767210000000e+01  1.000000000000e+00
S 1  1
2.041360000000e+01  1.000000000000e+00
S 1  1
9.776410000000e+00  1.000000000000e+00
S 1  1
3.915000000000e+00  1.000000000000e+00
S 1  1
2.132620000000e+00  1.000000000000e+00
S 1  1
1.076300000000e+00  1.000000000000e+00
S 1  1
5.922850000000e-01  1.000000000000e+00
S 1  1
3.826370000000e-01  1.000000000000e+00
S 1  1
1.970980000000e-01  1.000000000000e+00
S 1  1
1.100140000000e-01  1.000000000000e+00
P 1  1
2.039340000000e+02  1.000000000000e+00
P 1  1
6.072380000000e+01  1.000000000000e+00
P 1  1
2.280010000000e+01  1.000000000000e+00
P 1  1
1.009910000000e+01  1.000000000000e+00
P 1  1
4.825970000000e+00  1.000000000000e+00
P 1  1
2.390150000000e+00  1.000000000000e+00
P 1  1
1.078580000000e+00  1.000000000000e+00
P 1  1
6.741510000000e-01  1.000000000000e+00
P 1  1
4.584570000000e-01  1.000000000000e+00
P 1  1
2.727790000000e-01  1.000000000000e+00
P 1  1
1.308810000000e-01  1.000000000000e+00
D 1  1
5.671040000000e+01  1.000000000000e+00
D 1  1
1.788630000000e+01  1.000000000000e+00
D 1  1
6.151280000000e+00  1.000000000000e+00
D 1  1
2.997370000000e+00  1.000000000000e+00
D 1  1
1.296760000000e+00  1.000000000000e+00
D 1  1
7.489830000000e-01  1.000000000000e+00
D 1  1
4.064640000000e-01  1.000000000000e+00
D 1  1
2.501990000000e-01  1.000000000000e+00
D 1  1
1.461500000000e-01  1.000000000000e+00
F 1  1
1.294370000000e+01  1.000000000000e+00
F 1  1
6.063890000000e+00  1.000000000000e+00
F 1  1
2.618370000000e+00  1.000000000000e+00
F 1  1
1.098120000000e+00  1.000000000000e+00
F 1  1
6.422330000000e-01  1.000000000000e+00
F 1  1
4.207350000000e-01  1.000000000000e+00
F 1  1
2.162890000000e-01  1.000000000000e+00
G 1  1
3.975880000000e+00  1.000000000000e+00
G 1  1
1.780810000000e+00  1.000000000000e+00
G 1  1
8.270030000000e-01  1.000000000000e+00
G 1  1
5.092260000000e-01  1.000000000000e+00
G 1  1
2.561730000000e-01  1.000000000000e+00
H 1  1
2.361800000000e+00  1.000000000000e+00
H 1  1
8.453210000000e-01  1.000000000000e+00
H 1  1
4.844250000000e-01  1.000000000000e+00
I 1  1
7.943160000000e-01  1.000000000000e+00
@END

@ATOMBASIS P
S 1  1
9.017380000000e+02  1.000000000000e+00
S 1  1
1.970960000000e+02  1.000000000000e+00
S 1  1
8.175230000000e+01  1.000000000000e+00
S 1  1
2.605550000000e+01  1.000000000000e+00
S 1  1
1.096240000000e+01  1.000000000000e+00
S 1  1
4.737650000000e+00  1.000000000000e+00
S 1  1
2.761420000000e+00  1.000000000000e+00
S 1  1
1.228660000000e+00  1.000000000000e+00
S 1  1
6.953790000000e-01  1.000000000000e+00
S 1  1
4.506320000000e-01  1.000000000000e+00
S 1  1
2.308040000000e-01  1.000000000000e+00
S 1  1
1.332650000000e-01  1.000000000000e+00
P 1  1
2.478390000000e+02  1.000000000000e+00
P 1  1
7.495270000000e+01  1.000000000000e+00
P 1  1
2.643680000000e+01  1.000000000000e+00
P 1  1
1.227050000000e+01  1.000000000000e+00
P 1  1
5.686810000000e+00  1.000000000000e+00
P 1  1
2.784010000000e+00  1.000000000000e+00
P 1  1
1.353540000000e+00  1.000000000000e+00
P 1  1
8.378640000000e-01  1.000000000000e+00
P 1  1
5.338200000000e-01  1.000000000000e+00
P 1  1
3.446290000000e-01  1.000000000000e+00
P 1  1
1.543520000000e-01  1.000000000000e+00
D 1  1
7.426530000000e+01  1.000000000000e+00
D 1  1
2.393300000000e+01  1.000000000000e+00
D 1  1
8.160200000000e+00  1.000000000000e+00
D 1  1
4.103230000000e+00  1.000000000000e+00
D 1  1
1.563160000000e+00  1.000000000000e+00
D 1  1
9.963520000000e-01  1.000000000000e+00
D 1  1
5.695530000000e-01  1.000000000000e+00
D 1  1
3.086190000000e-01  1.000000000000e+00
D 1  1
1.665580000000e-01  1.000000000000e+00
F 1  1
1.573120000000e+01  1.000000000000e+00
F 1  1
7.511490000000e+00  1.000000000000e+00
F 1  1
3.578070000000e+00  1.000000000000e+00
F 1  1
1.337750000000e+00  1.000000000000e+00
F 1  1
1.004780000000e+00  1.000000000000e+00
F 1  1
5.558560000000e-01  1.000000000000e+00
F 1  1
2.956320000000e-01  1.000000000000e+00
G 1  1
4.797550000000e+00  1.000000000000e+00
G 1  1
2.063030000000e+00  1.000000000000e+00
G 1  1
1.105540000000e+00  1.000000000000e+00
G 1  1
6.665410000000e-01  1.000000000000e+00
G 1  1
3.408770000000e-01  1.000000000000e+00
H 1  1
2.962710000000e+00  1.000000000000e+00
H 1  1
1.117250000000e+00  1.000000000000e+00
H 1  1
6.348870000000e-01  1.000000000000e+00
I 1  1
1.026470000000e+00  1.000000000000e+00
@END

@ATOMBASIS S
S 1  1
1.061140000000e+03  1.000000000000e+00
S 1  1
2.447990000000e+02  1.000000000000e+00
S 1  1
9.844610000000e+01  1.000000000000e+00
S 1  1
2.801080000000e+01  1.000000000000e+00
S 1  1
1.284320000000e+01  1.000000000000e+00
S 1  1
6.042910000000e+00  1.000000000000e+00
S 1  1
3.136310000000e+00  1.000000000000e+00
S 1  1
1.545010000000e+00  1.000000000000e+00
S 1  1
8.922430000000e-01  1.000000000000e+00
S 1  1
5.718600000000e-01  1.000000000000e+00
S 1  1
2.798880000000e-01  1.000000000000e+00
S 1  1
1.576490000000e-01  1.000000000000e+00
P 1  1
3.057330000000e+02  1.000000000000e+00
P 1  1
9.190800000000e+01  1.000000000000e+00
P 1  1
3.237810000000e+01  1.000000000000e+00
P 1  1
1.552500000000e+01  1.000000000000e+00
P 1  1
6.862790000000e+00  1.000000000000e+00
P 1  1
3.362740000000e+00  1.000000000000e+00
P 1  1
1.559320000000e+00  1.000000000000e+00
P 1  1
9.429640000000e-01  1.000000000000e+00
P 1  1
6.516060000000e-01  1.000000000000e+00
P 1  1
4.165550000000e-01  1.000000000000e+00
P 1  1
2.099890000000e-01  1.000000000000e+00
D 1  1
9.573750000000e+01  1.000000000000e+00
D 1  1
3.128040000000e+01  1.000000000000e+00
D 1  1
1.041240000000e+01  1.000000000000e+00
D 1  1
5.060970000000e+00  1.000000000000e+00
D 1  1
1.908710000000e+00  1.000000000000e+00
D 1  1
1.252180000000e+00  1.000000000000e+00
D 1  1
6.826810000000e-01  1.000000000000e+00
D 1  1
3.625590000000e-01  1.000000000000e+00
D 1  1
1.972720000000e-01  1.000000000000e+00
F 1  1
1.827580000000e+01  1.000000000000e+00
F 1  1
8.742590000000e+00  1.000000000000e+00
F 1  1
4.159680000000e+00  1.000000000000e+00
F 1  1
1.753440000000e+00  1.000000000000e+00
F 1  1
1.256690000000e+00  1.000000000000e+00
F 1  1
6.522480000000e-01  1.000000000000e+00
F 1  1
3.520490000000e-01  1.000000000000e+00
G 1  1
5.629410000000e+00  1.000000000000e+00
G 1  1
2.415590000000e+00  1.000000000000e+00
G 1  1
1.329300000000e+00  1.000000000000e+00
G 1  1
8.001230000000e-01  1.000000000000e+00
G 1  1
3.979310000000e-01  1.000000000000e+00
H 1  1
3.404060000000e+00  1.000000000000e+00
H 1  1
1.377130000000e+00  1.000000000000e+00
H 1  1
7.186030000000e-01  1.000000000000e+00
I 1  1
1.217610000000e+00  1.000000000000e+00
@END

@ATOMBASIS CL
S 1  1
1.275190000000e+03  1.000000000000e+00
S 1  1
3.082710000000e+02  1.000000000000e+00
S 1  1
1.077110000000e+02  1.000000000000e+00
S 1  1
3.446270000000e+01  1.000000000000e+00
S 1  1
1.445290000000e+01  1.000000000000e+00
S 1  1
7.544300000000e+00  1.000000000000e+00
S 1  1
3.685440000000e+00  1.000000000000e+00
S 1  1
1.789660000000e+00  1.000000000000e+00
S 1  1
1.072910000000e+00  1.000000000000e+00
S 1  1
7.366350000000e-01  1.000000000000e+00
S 1  1
3.326040000000e-01  1.000000000000e+00
S 1  1
1.837730000000e-01  1.000000000000e+00
P 1  1
4.052430000000e+02  1.000000000000e+00
P 1  1
1.177140000000e+02  1.000000000000e+00
P 1  1
3.713880000000e+01  1.000000000000e+00
P 1  1
1.932060000000e+01  1.000000000000e+00
P 1  1
8.503760000000e+00  1.000000000000e+00
P 1  1
4.262460000000e+00  1.000000000000e+00
P 1  1
1.929040000000e+00  1.000000000000e+00
P 1  1
1.246920000000e+00  1.000000000000e+00
P 1  1
7.399000000000e-01  1.000000000000e+00
P 1  1
4.954220000000e-01  1.000000000000e+00
P 1  1
2.641320000000e-01  1.000000000000e+00
D 1  1
1.180910000000e+02  1.000000000000e+00
D 1  1
3.915740000000e+01  1.000000000000e+00
D 1  1
1.319070000000e+01  1.000000000000e+00
D 1  1
6.218710000000e+00  1.000000000000e+00
D 1  1
2.507050000000e+00  1.000000000000e+00
D 1  1
1.522240000000e+00  1.000000000000e+00
D 1  1
8.726170000000e-01  1.000000000000e+00
D 1  1
4.312740000000e-01  1.000000000000e+00
D 1  1
2.310140000000e-01  1.000000000000e+00
F 1  1
2.155840000000e+01  1.000000000000e+00
F 1  1
1.010790000000e+01  1.000000000000e+00
F 1  1
4.921690000000e+00  1.000000000000e+00
F 1  1
2.194960000000e+00  1.000000000000e+00
F 1  1
1.541620000000e+00  1.000000000000e+00
F 1  1
8.069430000000e-01  1.000000000000e+00
F 1  1
4.363870000000e-01  1.000000000000e+00
G 1  1
6.771040000000e+00  1.000000000000e+00
G 1  1
2.966800000000e+00  1.000000000000e+00
G 1  1
1.635990000000e+00  1.000000000000e+00
G 1  1
9.905180000000e-01  1.000000000000e+00
G 1  1
4.986690000000e-01  1.000000000000e+00
H 1  1
4.059470000000e+00  1.000000000000e+00
H 1  1
1.699700000000e+00  1.000000000000e+00
H 1  1
8.682580000000e-01  1.000000000000e+00
I 1  1
1.481330000000e+00  1.000000000000e+00
@END

@ATOMBASIS AR
S 1  1
1.632400000000e+03  1.000000000000e+00
S 1  1
3.670920000000e+02  1.000000000000e+00
S 1  1
1.412450000000e+02  1.000000000000e+00
S 1  1
4.079860000000e+01  1.000000000000e+00
S 1  1
1.583060000000e+01  1.000000000000e+00
S 1  1
9.571350000000e+00  1.000000000000e+00
S 1  1
4.017950000000e+00  1.000000000000e+00
S 1  1
2.242480000000e+00  1.000000000000e+00
S 1  1
1.447090000000e+00  1.000000000000e+00
S 1  1
8.351570000000e-01  1.000000000000e+00
S 1  1
4.267370000000e-01  1.000000000000e+00
S 1  1
2.087200000000e-01  1.000000000000e+00
P 1  1
4.853350000000e+02  1.000000000000e+00
P 1  1
1.375970000000e+02  1.000000000000e+00
P 1  1
4.581700000000e+01  1.000000000000e+00
P 1  1
2.195440000000e+01  1.000000000000e+00
P 1  1
1.041380000000e+01  1.000000000000e+00
P 1  1
5.136250000000e+00  1.000000000000e+00
P 1  1
2.481490000000e+00  1.000000000000e+00
P 1  1
1.576600000000e+00  1.000000000000e+00
P 1  1
9.045380000000e-01  1.000000000000e+00
P 1  1
6.022340000000e-01  1.000000000000e+00
P 1  1
3.099130000000e-01  1.000000000000e+00
D 1  1
1.378300000000e+02  1.000000000000e+00
D 1  1
4.619370000000e+01  1.000000000000e+00
D 1  1
1.595440000000e+01  1.000000000000e+00
D 1  1
7.435920000000e+00  1.000000000000e+00
D 1  1
3.121150000000e+00  1.000000000000e+00
D 1  1
1.885900000000e+00  1.000000000000e+00
D 1  1
1.070910000000e+00  1.000000000000e+00
D 1  1
5.390760000000e-01  1.000000000000e+00
D 1  1
2.637790000000e-01  1.000000000000e+00
F 1  1
2.498640000000e+01  1.000000000000e+00
F 1  1
1.113550000000e+01  1.000000000000e+00
F 1  1
5.410050000000e+00  1.000000000000e+00
F 1  1
3.168340000000e+00  1.000000000000e+00
F 1  1
1.855510000000e+00  1.000000000000e+00
F 1  1
9.757850000000e-01  1.000000000000e+00
F 1  1
5.302620000000e-01  1.000000000000e+00
G 1  1
8.130670000000e+00  1.000000000000e+00
G 1  1
3.492280000000e+00  1.000000000000e+00
G 1  1
2.007610000000e+00  1.000000000000e+00
G 1  1
1.219140000000e+00  1.000000000000e+00
G 1  1
6.280390000000e-01  1.000000000000e+00
H 1  1
4.806430000000e+00  1.000000000000e+00
H 1  1
2.060170000000e+00  1.000000000000e+00
H 1  1
1.042710000000e+00  1.000000000000e+00
I 1  1
1.784910000000e+00  1.000000000000e+00
@END

@ATOMBASIS SC
S 1  1
2.285930000000e+02  1.000000000000e+00
S 1  1
1.056560000000e+02  1.000000000000e+00
S 1  1
5.218200000000e+01  1.000000000000e+00
S 1  1
2.261510000000e+01  1.000000000000e+00
S 1  1
8.185130000000e+00  1.000000000000e+00
S 1  1
2.755790000000e+00  1.000000000000e+00
S 1  1
1.684210000000e+00  1.000000000000e+00
S 1  1
1.034200000000e+00  1.000000000000e+00
S 1  1
5.652380000000e-01  1.000000000000e+00
S 1  1
2.622400000000e-01  1.000000000000e+00
S 1  1
1.529780000000e-01  1.000000000000e+00
S 1  1
8.448400000000e-02  1.000000000000e+00
S 1  1
4.727200000000e-02  1.000000000000e+00
P 1  1
8.951020000000e+01  1.000000000000e+00
P 1  1
3.829450000000e+01  1.000000000000e+00
P 1  1
1.676460000000e+01  1.000000000000e+00
P 1  1
7.563210000000e+00  1.000000000000e+00
P 1  1
2.591630000000e+00  1.000000000000e+00
P 1  1
1.442920000000e+00  1.000000000000e+00
P 1  1
1.041870000000e+00  1.000000000000e+00
P 1  1
6.993540000000e-01  1.000000000000e+00
P 1  1
3.389220000000e-01  1.000000000000e+00
P 1  1
1.755120000000e-01  1.000000000000e+00
P 1  1
9.686600000000e-02  1.000000000000e+00
P 1  1
5.003700000000e-02  1.000000000000e+00
D 1  1
3.011250000000e+01  1.000000000000e+00
D 1  1
1.407740000000e+01  1.000000000000e+00
D 1  1
5.792240000000e+00  1.000000000000e+00
D 1  1
2.481110000000e+00  1.000000000000e+00
D 1  1
1.644580000000e+00  1.000000000000e+00
D 1  1
7.354520000000e-01  1.000000000000e+00
D 1  1
4.355810000000e-01  1.000000000000e+00
D 1  1
2.247210000000e-01  1.000000000000e+00
D 1  1
1.322840000000e-01  1.000000000000e+00
D 1  1
8.220100000000e-02  1.000000000000e+00
D 1  1
4.025000000000e-02  1.000000000000e+00
F 1  1
2.534340000000e+01  1.000000000000e+00
F 1  1
1.169460000000e+01  1.000000000000e+00
F 1  1
5.444000000000e+00  1.000000000000e+00
F 1  1
3.286210000000e+00  1.000000000000e+00
F 1  1
1.501880000000e+00  1.000000000000e+00
F 1  1
9.801550000000e-01  1.000000000000e+00
F 1  1
4.249380000000e-01  1.000000000000e+00
F 1  1
2.828750000000e-01  1.000000000000e+00
F 1  1
1.236490000000e-01  1.000000000000e+00
F 1  1
6.447600000000e-02  1.000000000000e+00
G 1  1
1.566550000000e+01  1.000000000000e+00
G 1  1
6.412270000000e+00  1.000000000000e+00
G 1  1
3.039720000000e+00  1.000000000000e+00
G 1  1
1.901800000000e+00  1.000000000000e+00
G 1  1
8.199130000000e-01  1.000000000000e+00
G 1  1
5.350670000000e-01  1.000000000000e+00
G 1  1
2.266020000000e-01  1.000000000000e+00
G 1  1
1.170540000000e-01  1.000000000000e+00
G 1  1
6.423400000000e-02  1.000000000000e+00
H 1  1
8.404610000000e+00  1.000000000000e+00
H 1  1
3.488900000000e+00  1.000000000000e+00
H 1  1
1.412400000000e+00  1.000000000000e+00
H 1  1
7.230170000000e-01  1.000000000000e+00
H 1  1
4.023960000000e-01  1.000000000000e+00
H 1  1
1.647560000000e-01  1.000000000000e+00
I 1  1
6.676820000000e+00  1.000000000000e+00
I 1  1
2.688000000000e+00  1.000000000000e+00
I 1  1
1.037870000000e+00  1.000000000000e+00
I 1  1
6.330330000000e-01  1.000000000000e+00
I 1  1
2.856600000000e-01  1.000000000000e+00
K 1  1
4.510600000000e+00  1.000000000000e+00
K 1  1
2.009020000000e+00  1.000000000000e+00
K 1  1
1.302010000000e+00  1.000000000000e+00
K 1  1
5.109810000000e-01  1.000000000000e+00
L 1  1
1.764910000000e+00  1.000000000000e+00
L 1  1
8.174360000000e-01  1.000000000000e+00
@END

@ATOMBASIS TI
S 1  1
2.457080000000e+02  1.000000000000e+00
S 1  1
1.198290000000e+02  1.000000000000e+00
S 1  1
5.755700000000e+01  1.000000000000e+00
S 1  1
2.434540000000e+01  1.000000000000e+00
S 1  1
9.323160000000e+00  1.000000000000e+00
S 1  1
3.100350000000e+00  1.000000000000e+00
S 1  1
1.764940000000e+00  1.000000000000e+00
S 1  1
8.783330000000e-01  1.000000000000e+00
S 1  1
5.155950000000e-01  1.000000000000e+00
S 1  1
2.695470000000e-01  1.000000000000e+00
S 1  1
1.422140000000e-01  1.000000000000e+00
S 1  1
7.563800000000e-02  1.000000000000e+00
S 1  1
4.438100000000e-02  1.000000000000e+00
P 1  1
9.361200000000e+01  1.000000000000e+00
P 1  1
4.350940000000e+01  1.000000000000e+00
P 1  1
1.887880000000e+01  1.000000000000e+00
P 1  1
7.815530000000e+00  1.000000000000e+00
P 1  1
2.757170000000e+00  1.000000000000e+00
P 1  1
1.503910000000e+00  1.000000000000e+00
P 1  1
9.222230000000e-01  1.000000000000e+00
P 1  1
6.661050000000e-01  1.000000000000e+00
P 1  1
3.942750000000e-01  1.000000000000e+00
P 1  1
2.025560000000e-01  1.000000000000e+00
P 1  1
1.131190000000e-01  1.000000000000e+00
P 1  1
5.448300000000e-02  1.000000000000e+00
D 1  1
3.138950000000e+01  1.000000000000e+00
D 1  1
1.442150000000e+01  1.000000000000e+00
D 1  1
5.947350000000e+00  1.000000000000e+00
D 1  1
2.608390000000e+00  1.000000000000e+00
D 1  1
1.861280000000e+00  1.000000000000e+00
D 1  1
7.957810000000e-01  1.000000000000e+00
D 1  1
4.129310000000e-01  1.000000000000e+00
D 1  1
2.424610000000e-01  1.000000000000e+00
D 1  1
1.255810000000e-01  1.000000000000e+00
D 1  1
6.527000000000e-02  1.000000000000e+00
D 1  1
2.769900000000e-02  1.000000000000e+00
F 1  1
2.730850000000e+01  1.000000000000e+00
F 1  1
1.185920000000e+01  1.000000000000e+00
F 1  1
5.502370000000e+00  1.000000000000e+00
F 1  1
3.499890000000e+00  1.000000000000e+00
F 1  1
1.752570000000e+00  1.000000000000e+00
F 1  1
1.047990000000e+00  1.000000000000e+00
F 1  1
5.148330000000e-01  1.000000000000e+00
F 1  1
2.783490000000e-01  1.000000000000e+00
F 1  1
1.627010000000e-01  1.000000000000e+00
F 1  1
8.455400000000e-02  1.000000000000e+00
G 1  1
1.668990000000e+01  1.000000000000e+00
G 1  1
6.597590000000e+00  1.000000000000e+00
G 1  1
3.296310000000e+00  1.000000000000e+00
G 1  1
1.996280000000e+00  1.000000000000e+00
G 1  1
1.036120000000e+00  1.000000000000e+00
G 1  1
5.905930000000e-01  1.000000000000e+00
G 1  1
3.120720000000e-01  1.000000000000e+00
G 1  1
1.447340000000e-01  1.000000000000e+00
G 1  1
9.294200000000e-02  1.000000000000e+00
H 1  1
9.059170000000e+00  1.000000000000e+00
H 1  1
4.838370000000e+00  1.000000000000e+00
H 1  1
2.166880000000e+00  1.000000000000e+00
H 1  1
1.144590000000e+00  1.000000000000e+00
H 1  1
6.253810000000e-01  1.000000000000e+00
H 1  1
2.583160000000e-01  1.000000000000e+00
I 1  1
7.149870000000e+00  1.000000000000e+00
I 1  1
3.701660000000e+00  1.000000000000e+00
I 1  1
1.800970000000e+00  1.000000000000e+00
I 1  1
1.114200000000e+00  1.000000000000e+00
I 1  1
4.423240000000e-01  1.000000000000e+00
K 1  1
4.641110000000e+00  1.000000000000e+00
K 1  1
2.557730000000e+00  1.000000000000e+00
K 1  1
1.386450000000e+00  1.000000000000e+00
K 1  1
7.430420000000e-01  1.000000000000e+00
L 1  1
2.779450000000e+00  1.000000000000e+00
L 1  1
1.406930000000e+00  1.000000000000e+00
@END

@ATOMBASIS V
S 1  1
2.948300000000e+02  1.000000000000e+00
S 1  1
1.524960000000e+02  1.000000000000e+00
S 1  1
6.831600000000e+01  1.000000000000e+00
S 1  1
2.795520000000e+01  1.000000000000e+00
S 1  1
1.072230000000e+01  1.000000000000e+00
S 1  1
4.611340000000e+00  1.000000000000e+00
S 1  1
2.480670000000e+00  1.000000000000e+00
S 1  1
1.298250000000e+00  1.000000000000e+00
S 1  1
6.571330000000e-01  1.000000000000e+00
S 1  1
3.741100000000e-01  1.000000000000e+00
S 1  1
1.849600000000e-01  1.000000000000e+00
S 1  1
9.611900000000e-02  1.000000000000e+00
S 1  1
5.871700000000e-02  1.000000000000e+00
P 1  1
1.194120000000e+02  1.000000000000e+00
P 1  1
5.380880000000e+01  1.000000000000e+00
P 1  1
2.094440000000e+01  1.000000000000e+00
P 1  1
9.270160000000e+00  1.000000000000e+00
P 1  1
3.650280000000e+00  1.000000000000e+00
P 1  1
1.655080000000e+00  1.000000000000e+00
P 1  1
9.771660000000e-01  1.000000000000e+00
P 1  1
7.021280000000e-01  1.000000000000e+00
P 1  1
5.098420000000e-01  1.000000000000e+00
P 1  1
2.220960000000e-01  1.000000000000e+00
P 1  1
1.154290000000e-01  1.000000000000e+00
P 1  1
6.297400000000e-02  1.000000000000e+00
D 1  1
3.215110000000e+01  1.000000000000e+00
D 1  1
1.520750000000e+01  1.000000000000e+00
D 1  1
7.026430000000e+00  1.000000000000e+00
D 1  1
4.394700000000e+00  1.000000000000e+00
D 1  1
2.684760000000e+00  1.000000000000e+00
D 1  1
1.369430000000e+00  1.000000000000e+00
D 1  1
8.044410000000e-01  1.000000000000e+00
D 1  1
4.383160000000e-01  1.000000000000e+00
D 1  1
2.103520000000e-01  1.000000000000e+00
D 1  1
1.286580000000e-01  1.000000000000e+00
D 1  1
6.672800000000e-02  1.000000000000e+00
F 1  1
3.772330000000e+01  1.000000000000e+00
F 1  1
1.235980000000e+01  1.000000000000e+00
F 1  1
6.734530000000e+00  1.000000000000e+00
F 1  1
3.882800000000e+00  1.000000000000e+00
F 1  1
2.193180000000e+00  1.000000000000e+00
F 1  1
1.114260000000e+00  1.000000000000e+00
F 1  1
6.509980000000e-01  1.000000000000e+00
F 1  1
3.111540000000e-01  1.000000000000e+00
F 1  1
1.613310000000e-01  1.000000000000e+00
F 1  1
8.608900000000e-02  1.000000000000e+00
G 1  1
2.465800000000e+01  1.000000000000e+00
G 1  1
9.196310000000e+00  1.000000000000e+00
G 1  1
5.377790000000e+00  1.000000000000e+00
G 1  1
3.352970000000e+00  1.000000000000e+00
G 1  1
2.166110000000e+00  1.000000000000e+00
G 1  1
1.099270000000e+00  1.000000000000e+00
G 1  1
4.705120000000e-01  1.000000000000e+00
G 1  1
2.879430000000e-01  1.000000000000e+00
G 1  1
1.356520000000e-01  1.000000000000e+00
H 1  1
1.203830000000e+01  1.000000000000e+00
H 1  1
6.308900000000e+00  1.000000000000e+00
H 1  1
2.802850000000e+00  1.000000000000e+00
H 1  1
1.544310000000e+00  1.000000000000e+00
H 1  1
8.416840000000e-01  1.000000000000e+00
H 1  1
3.494730000000e-01  1.000000000000e+00
I 1  1
8.450340000000e+00  1.000000000000e+00
I 1  1
4.661310000000e+00  1.000000000000e+00
I 1  1
1.914040000000e+00  1.000000000000e+00
I 1  1
9.502380000000e-01  1.000000000000e+00
I 1  1
5.583180000000e-01  1.000000000000e+00
K 1  1
8.412620000000e+00  1.000000000000e+00
K 1  1
3.776340000000e+00  1.000000000000e+00
K 1  1
2.414120000000e+00  1.000000000000e+00
K 1  1
1.063370000000e+00  1.000000000000e+00
L 1  1
4.232270000000e+00  1.000000000000e+00
L 1  1
2.138810000000e+00  1.000000000000e+00
@END

@ATOMBASIS CR
S 1  1
3.457490000000e+02  1.000000000000e+00
S 1  1
1.734600000000e+02  1.000000000000e+00
S 1  1
7.630310000000e+01  1.000000000000e+00
S 1  1
3.195120000000e+01  1.000000000000e+00
S 1  1
1.192270000000e+01  1.000000000000e+00
S 1  1
5.408290000000e+00  1.000000000000e+00
S 1  1
3.265540000000e+00  1.000000000000e+00
S 1  1
1.798040000000e+00  1.000000000000e+00
S 1  1
7.273280000000e-01  1.000000000000e+00
S 1  1
4.928070000000e-01  1.000000000000e+00
S 1  1
2.462630000000e-01  1.000000000000e+00
S 1  1
1.400430000000e-01  1.000000000000e+00
S 1  1
7.132400000000e-02  1.000000000000e+00
P 1  1
1.424390000000e+02  1.000000000000e+00
P 1  1
5.994060000000e+01  1.000000000000e+00
P 1  1
2.362550000000e+01  1.000000000000e+00
P 1  1
1.039340000000e+01  1.000000000000e+00
P 1  1
4.322160000000e+00  1.000000000000e+00
P 1  1
1.858660000000e+00  1.000000000000e+00
P 1  1
1.195980000000e+00  1.000000000000e+00
P 1  1
8.228320000000e-01  1.000000000000e+00
P 1  1
5.636810000000e-01  1.000000000000e+00
P 1  1
2.538130000000e-01  1.000000000000e+00
P 1  1
1.313080000000e-01  1.000000000000e+00
P 1  1
6.695100000000e-02  1.000000000000e+00
D 1  1
3.271390000000e+01  1.000000000000e+00
D 1  1
1.584150000000e+01  1.000000000000e+00
D 1  1
7.813870000000e+00  1.000000000000e+00
D 1  1
4.943680000000e+00  1.000000000000e+00
D 1  1
2.732620000000e+00  1.000000000000e+00
D 1  1
1.773340000000e+00  1.000000000000e+00
D 1  1
8.089420000000e-01  1.000000000000e+00
D 1  1
5.466710000000e-01  1.000000000000e+00
D 1  1
2.208630000000e-01  1.000000000000e+00
D 1  1
1.556800000000e-01  1.000000000000e+00
D 1  1
7.777300000000e-02  1.000000000000e+00
F 1  1
4.380900000000e+01  1.000000000000e+00
F 1  1
1.391630000000e+01  1.000000000000e+00
F 1  1
7.214500000000e+00  1.000000000000e+00
F 1  1
4.198320000000e+00  1.000000000000e+00
F 1  1
2.559850000000e+00  1.000000000000e+00
F 1  1
1.171710000000e+00  1.000000000000e+00
F 1  1
7.417190000000e-01  1.000000000000e+00
F 1  1
3.385600000000e-01  1.000000000000e+00
F 1  1
1.779650000000e-01  1.000000000000e+00
F 1  1
8.656900000000e-02  1.000000000000e+00
G 1  1
3.236000000000e+01  1.000000000000e+00
G 1  1
1.233820000000e+01  1.000000000000e+00
G 1  1
6.798300000000e+00  1.000000000000e+00
G 1  1
4.324820000000e+00  1.000000000000e+00
G 1  1
1.982270000000e+00  1.000000000000e+00
G 1  1
1.177780000000e+00  1.000000000000e+00
G 1  1
5.355170000000e-01  1.000000000000e+00
G 1  1
2.953820000000e-01  1.000000000000e+00
G 1  1
1.502290000000e-01  1.000000000000e+00
H 1  1
1.539520000000e+01  1.000000000000e+00
H 1  1
8.076100000000e+00  1.000000000000e+00
H 1  1
3.438510000000e+00  1.000000000000e+00
H 1  1
1.979070000000e+00  1.000000000000e+00
H 1  1
1.053580000000e+00  1.000000000000e+00
H 1  1
4.305510000000e-01  1.000000000000e+00
I 1  1
1.016070000000e+01  1.000000000000e+00
I 1  1
5.637080000000e+00  1.000000000000e+00
I 1  1
2.565200000000e+00  1.000000000000e+00
I 1  1
1.641420000000e+00  1.000000000000e+00
I 1  1
7.274100000000e-01  1.000000000000e+00
K 1  1
1.061250000000e+01  1.000000000000e+00
K 1  1
4.584010000000e+00  1.000000000000e+00
K 1  1
2.670650000000e+00  1.000000000000e+00
K 1  1
1.307390000000e+00  1.000000000000e+00
L 1  1
5.419430000000e+00  1.000000000000e+00
L 1  1
2.885110000000e+00  1.000000000000e+00
@END

@ATOMBASIS MN
S 1  1
3.824970000000e+02  1.000000000000e+00
S 1  1
1.953480000000e+02  1.000000000000e+00
S 1  1
8.326420000000e+01  1.000000000000e+00
S 1  1
3.493830000000e+01  1.000000000000e+00
S 1  1
1.292030000000e+01  1.000000000000e+00
S 1  1
6.020810000000e+00  1.000000000000e+00
S 1  1
3.367000000000e+00  1.000000000000e+00
S 1  1
1.851700000000e+00  1.000000000000e+00
S 1  1
7.197120000000e-01  1.000000000000e+00
S 1  1
5.395300000000e-01  1.000000000000e+00
S 1  1
2.311770000000e-01  1.000000000000e+00
S 1  1
1.485010000000e-01  1.000000000000e+00
S 1  1
7.531300000000e-02  1.000000000000e+00
P 1  1
1.503640000000e+02  1.000000000000e+00
P 1  1
6.497170000000e+01  1.000000000000e+00
P 1  1
2.493820000000e+01  1.000000000000e+00
P 1  1
1.092900000000e+01  1.000000000000e+00
P 1  1
5.183250000000e+00  1.000000000000e+00
P 1  1
2.128240000000e+00  1.000000000000e+00
P 1  1
1.315460000000e+00  1.000000000000e+00
P 1  1
8.738670000000e-01  1.000000000000e+00
P 1  1
5.936140000000e-01  1.000000000000e+00
P 1  1
2.759810000000e-01  1.000000000000e+00
P 1  1
1.347950000000e-01  1.000000000000e+00
P 1  1
6.942900000000e-02  1.000000000000e+00
D 1  1
3.371520000000e+01  1.000000000000e+00
D 1  1
1.711500000000e+01  1.000000000000e+00
D 1  1
8.930660000000e+00  1.000000000000e+00
D 1  1
5.160000000000e+00  1.000000000000e+00
D 1  1
2.818400000000e+00  1.000000000000e+00
D 1  1
1.803750000000e+00  1.000000000000e+00
D 1  1
7.237970000000e-01  1.000000000000e+00
D 1  1
5.447030000000e-01  1.000000000000e+00
D 1  1
2.376180000000e-01  1.000000000000e+00
D 1  1
1.599580000000e-01  1.000000000000e+00
D 1  1
8.223700000000e-02  1.000000000000e+00
F 1  1
5.226490000000e+01  1.000000000000e+00
F 1  1
1.614200000000e+01  1.000000000000e+00
F 1  1
9.003600000000e+00  1.000000000000e+00
F 1  1
4.498420000000e+00  1.000000000000e+00
F 1  1
2.852140000000e+00  1.000000000000e+00
F 1  1
1.338540000000e+00  1.000000000000e+00
F 1  1
8.269030000000e-01  1.000000000000e+00
F 1  1
3.846820000000e-01  1.000000000000e+00
F 1  1
1.844180000000e-01  1.000000000000e+00
F 1  1
9.081600000000e-02  1.000000000000e+00
G 1  1
4.071040000000e+01  1.000000000000e+00
G 1  1
1.513680000000e+01  1.000000000000e+00
G 1  1
7.176590000000e+00  1.000000000000e+00
G 1  1
4.368180000000e+00  1.000000000000e+00
G 1  1
2.532200000000e+00  1.000000000000e+00
G 1  1
1.226170000000e+00  1.000000000000e+00
G 1  1
6.526750000000e-01  1.000000000000e+00
G 1  1
3.038220000000e-01  1.000000000000e+00
G 1  1
1.549830000000e-01  1.000000000000e+00
H 1  1
1.785560000000e+01  1.000000000000e+00
H 1  1
1.011860000000e+01  1.000000000000e+00
H 1  1
4.735250000000e+00  1.000000000000e+00
H 1  1
2.950280000000e+00  1.000000000000e+00
H 1  1
1.343060000000e+00  1.000000000000e+00
H 1  1
5.328350000000e-01  1.000000000000e+00
I 1  1
1.234640000000e+01  1.000000000000e+00
I 1  1
6.676790000000e+00  1.000000000000e+00
I 1  1
3.042350000000e+00  1.000000000000e+00
I 1  1
1.818230000000e+00  1.000000000000e+00
I 1  1
8.878140000000e-01  1.000000000000e+00
K 1  1
1.130380000000e+01  1.000000000000e+00
K 1  1
5.181290000000e+00  1.000000000000e+00
K 1  1
3.028250000000e+00  1.000000000000e+00
K 1  1
1.561730000000e+00  1.000000000000e+00
L 1  1
6.190340000000e+00  1.000000000000e+00
L 1  1
3.478960000000e+00  1.000000000000e+00
@END

@ATOMBASIS FE
S 1  1
4.111890000000e+02  1.000000000000e+00
S 1  1
2.193440000000e+02  1.000000000000e+00
S 1  1
9.226300000000e+01  1.000000000000e+00
S 1  1
3.893790000000e+01  1.000000000000e+00
S 1  1
1.477480000000e+01  1.000000000000e+00
S 1  1
6.781020000000e+00  1.000000000000e+00
S 1  1
3.644060000000e+00  1.000000000000e+00
S 1  1
1.991600000000e+00  1.000000000000e+00
S 1  1
9.062710000000e-01  1.000000000000e+00
S 1  1
5.038520000000e-01  1.000000000000e+00
S 1  1
2.307760000000e-01  1.000000000000e+00
S 1  1
1.158460000000e-01  1.000000000000e+00
S 1  1
7.845300000000e-02  1.000000000000e+00
P 1  1
1.583620000000e+02  1.000000000000e+00
P 1  1
7.097050000000e+01  1.000000000000e+00
P 1  1
2.763640000000e+01  1.000000000000e+00
P 1  1
1.172560000000e+01  1.000000000000e+00
P 1  1
5.976900000000e+00  1.000000000000e+00
P 1  1
2.739780000000e+00  1.000000000000e+00
P 1  1
1.485420000000e+00  1.000000000000e+00
P 1  1
8.991700000000e-01  1.000000000000e+00
P 1  1
6.146010000000e-01  1.000000000000e+00
P 1  1
2.896910000000e-01  1.000000000000e+00
P 1  1
1.302510000000e-01  1.000000000000e+00
P 1  1
7.037300000000e-02  1.000000000000e+00
D 1  1
3.691600000000e+01  1.000000000000e+00
D 1  1
1.831140000000e+01  1.000000000000e+00
D 1  1
9.235490000000e+00  1.000000000000e+00
D 1  1
5.796760000000e+00  1.000000000000e+00
D 1  1
2.982850000000e+00  1.000000000000e+00
D 1  1
1.982610000000e+00  1.000000000000e+00
D 1  1
8.107060000000e-01  1.000000000000e+00
D 1  1
5.026580000000e-01  1.000000000000e+00
D 1  1
2.408840000000e-01  1.000000000000e+00
D 1  1
1.231920000000e-01  1.000000000000e+00
D 1  1
5.693700000000e-02  1.000000000000e+00
F 1  1
5.686140000000e+01  1.000000000000e+00
F 1  1
1.745760000000e+01  1.000000000000e+00
F 1  1
9.604440000000e+00  1.000000000000e+00
F 1  1
4.981520000000e+00  1.000000000000e+00
F 1  1
3.077080000000e+00  1.000000000000e+00
F 1  1
1.543870000000e+00  1.000000000000e+00
F 1  1
8.826790000000e-01  1.000000000000e+00
F 1  1
4.397560000000e-01  1.000000000000e+00
F 1  1
2.150220000000e-01  1.000000000000e+00
F 1  1
8.758400000000e-02  1.000000000000e+00
G 1  1
4.473360000000e+01  1.000000000000e+00
G 1  1
1.689020000000e+01  1.000000000000e+00
G 1  1
7.977480000000e+00  1.000000000000e+00
G 1  1
4.721070000000e+00  1.000000000000e+00
G 1  1
2.956630000000e+00  1.000000000000e+00
G 1  1
1.443960000000e+00  1.000000000000e+00
G 1  1
7.932250000000e-01  1.000000000000e+00
G 1  1
3.591730000000e-01  1.000000000000e+00
G 1  1
1.873470000000e-01  1.000000000000e+00
H 1  1
2.006360000000e+01  1.000000000000e+00
H 1  1
1.092890000000e+01  1.000000000000e+00
H 1  1
5.667310000000e+00  1.000000000000e+00
H 1  1
3.461880000000e+00  1.000000000000e+00
H 1  1
1.601710000000e+00  1.000000000000e+00
H 1  1
6.319300000000e-01  1.000000000000e+00
I 1  1
1.435050000000e+01  1.000000000000e+00
I 1  1
8.056360000000e+00  1.000000000000e+00
I 1  1
3.783470000000e+00  1.000000000000e+00
I 1  1
2.464150000000e+00  1.000000000000e+00
I 1  1
1.099230000000e+00  1.000000000000e+00
K 1  1
1.182140000000e+01  1.000000000000e+00
K 1  1
6.406240000000e+00  1.000000000000e+00
K 1  1
3.197060000000e+00  1.000000000000e+00
K 1  1
1.881630000000e+00  1.000000000000e+00
L 1  1
7.781400000000e+00  1.000000000000e+00
L 1  1
4.249580000000e+00  1.000000000000e+00
@END

@ATOMBASIS CO
S 1  1
4.321520000000e+02  1.000000000000e+00
S 1  1
2.259270000000e+02  1.000000000000e+00
S 1  1
9.925680000000e+01  1.000000000000e+00
S 1  1
4.417790000000e+01  1.000000000000e+00
S 1  1
1.529150000000e+01  1.000000000000e+00
S 1  1
7.106770000000e+00  1.000000000000e+00
S 1  1
3.725380000000e+00  1.000000000000e+00
S 1  1
2.089230000000e+00  1.000000000000e+00
S 1  1
1.037520000000e+00  1.000000000000e+00
S 1  1
5.495140000000e-01  1.000000000000e+00
S 1  1
2.570860000000e-01  1.000000000000e+00
S 1  1
1.285150000000e-01  1.000000000000e+00
S 1  1
8.674900000000e-02  1.000000000000e+00
P 1  1
1.643500000000e+02  1.000000000000e+00
P 1  1
7.496110000000e+01  1.000000000000e+00
P 1  1
3.054990000000e+01  1.000000000000e+00
P 1  1
1.285560000000e+01  1.000000000000e+00
P 1  1
6.892200000000e+00  1.000000000000e+00
P 1  1
3.268480000000e+00  1.000000000000e+00
P 1  1
1.627620000000e+00  1.000000000000e+00
P 1  1
1.093250000000e+00  1.000000000000e+00
P 1  1
6.244240000000e-01  1.000000000000e+00
P 1  1
3.209090000000e-01  1.000000000000e+00
P 1  1
1.413560000000e-01  1.000000000000e+00
P 1  1
7.354800000000e-02  1.000000000000e+00
D 1  1
4.218930000000e+01  1.000000000000e+00
D 1  1
2.018540000000e+01  1.000000000000e+00
D 1  1
9.939430000000e+00  1.000000000000e+00
D 1  1
6.135010000000e+00  1.000000000000e+00
D 1  1
3.205690000000e+00  1.000000000000e+00
D 1  1
2.067070000000e+00  1.000000000000e+00
D 1  1
9.544640000000e-01  1.000000000000e+00
D 1  1
5.432800000000e-01  1.000000000000e+00
D 1  1
2.772830000000e-01  1.000000000000e+00
D 1  1
1.440420000000e-01  1.000000000000e+00
D 1  1
5.810400000000e-02  1.000000000000e+00
F 1  1
6.622600000000e+01  1.000000000000e+00
F 1  1
1.907020000000e+01  1.000000000000e+00
F 1  1
1.100380000000e+01  1.000000000000e+00
F 1  1
5.580240000000e+00  1.000000000000e+00
F 1  1
3.457350000000e+00  1.000000000000e+00
F 1  1
1.757040000000e+00  1.000000000000e+00
F 1  1
9.857360000000e-01  1.000000000000e+00
F 1  1
5.018100000000e-01  1.000000000000e+00
F 1  1
2.363370000000e-01  1.000000000000e+00
F 1  1
1.089680000000e-01  1.000000000000e+00
G 1  1
4.749070000000e+01  1.000000000000e+00
G 1  1
1.842260000000e+01  1.000000000000e+00
G 1  1
8.949800000000e+00  1.000000000000e+00
G 1  1
4.934130000000e+00  1.000000000000e+00
G 1  1
3.433610000000e+00  1.000000000000e+00
G 1  1
1.642860000000e+00  1.000000000000e+00
G 1  1
9.322760000000e-01  1.000000000000e+00
G 1  1
3.998840000000e-01  1.000000000000e+00
G 1  1
2.039920000000e-01  1.000000000000e+00
H 1  1
2.208730000000e+01  1.000000000000e+00
H 1  1
1.147350000000e+01  1.000000000000e+00
H 1  1
6.121130000000e+00  1.000000000000e+00
H 1  1
3.487480000000e+00  1.000000000000e+00
H 1  1
1.825060000000e+00  1.000000000000e+00
H 1  1
7.235970000000e-01  1.000000000000e+00
I 1  1
1.589120000000e+01  1.000000000000e+00
I 1  1
9.186530000000e+00  1.000000000000e+00
I 1  1
4.393300000000e+00  1.000000000000e+00
I 1  1
2.883060000000e+00  1.000000000000e+00
I 1  1
1.295990000000e+00  1.000000000000e+00
K 1  1
1.268160000000e+01  1.000000000000e+00
K 1  1
7.143390000000e+00  1.000000000000e+00
K 1  1
3.265540000000e+00  1.000000000000e+00
K 1  1
2.046270000000e+00  1.000000000000e+00
L 1  1
9.123500000000e+00  1.000000000000e+00
L 1  1
4.982150000000e+00  1.000000000000e+00
@END

@ATOMBASIS NI
S 1  1
4.570840000000e+02  1.000000000000e+00
S 1  1
2.398970000000e+02  1.000000000000e+00
S 1  1
1.082470000000e+02  1.000000000000e+00
S 1  1
4.917190000000e+01  1.000000000000e+00
S 1  1
1.788950000000e+01  1.000000000000e+00
S 1  1
7.504300000000e+00  1.000000000000e+00
S 1  1
3.964960000000e+00  1.000000000000e+00
S 1  1
2.118660000000e+00  1.000000000000e+00
S 1  1
1.112360000000e+00  1.000000000000e+00
S 1  1
5.665550000000e-01  1.000000000000e+00
S 1  1
2.763600000000e-01  1.000000000000e+00
S 1  1
1.505550000000e-01  1.000000000000e+00
S 1  1
9.040400000000e-02  1.000000000000e+00
P 1  1
1.765170000000e+02  1.000000000000e+00
P 1  1
7.917210000000e+01  1.000000000000e+00
P 1  1
3.280680000000e+01  1.000000000000e+00
P 1  1
1.442640000000e+01  1.000000000000e+00
P 1  1
8.333390000000e+00  1.000000000000e+00
P 1  1
3.482150000000e+00  1.000000000000e+00
P 1  1
1.683230000000e+00  1.000000000000e+00
P 1  1
1.248760000000e+00  1.000000000000e+00
P 1  1
6.681630000000e-01  1.000000000000e+00
P 1  1
3.154830000000e-01  1.000000000000e+00
P 1  1
1.433670000000e-01  1.000000000000e+00
P 1  1
7.449600000000e-02  1.000000000000e+00
D 1  1
4.625830000000e+01  1.000000000000e+00
D 1  1
2.314810000000e+01  1.000000000000e+00
D 1  1
1.094090000000e+01  1.000000000000e+00
D 1  1
7.147940000000e+00  1.000000000000e+00
D 1  1
3.399740000000e+00  1.000000000000e+00
D 1  1
2.368430000000e+00  1.000000000000e+00
D 1  1
1.088010000000e+00  1.000000000000e+00
D 1  1
5.936540000000e-01  1.000000000000e+00
D 1  1
3.020930000000e-01  1.000000000000e+00
D 1  1
1.601660000000e-01  1.000000000000e+00
D 1  1
6.169700000000e-02  1.000000000000e+00
F 1  1
7.152580000000e+01  1.000000000000e+00
F 1  1
2.122060000000e+01  1.000000000000e+00
F 1  1
1.272640000000e+01  1.000000000000e+00
F 1  1
6.196010000000e+00  1.000000000000e+00
F 1  1
4.192610000000e+00  1.000000000000e+00
F 1  1
1.965800000000e+00  1.000000000000e+00
F 1  1
1.118190000000e+00  1.000000000000e+00
F 1  1
5.628310000000e-01  1.000000000000e+00
F 1  1
2.830350000000e-01  1.000000000000e+00
F 1  1
1.310830000000e-01  1.000000000000e+00
G 1  1
5.446300000000e+01  1.000000000000e+00
G 1  1
2.049260000000e+01  1.000000000000e+00
G 1  1
9.790600000000e+00  1.000000000000e+00
G 1  1
5.172810000000e+00  1.000000000000e+00
G 1  1
3.625580000000e+00  1.000000000000e+00
G 1  1
1.711220000000e+00  1.000000000000e+00
G 1  1
1.057750000000e+00  1.000000000000e+00
G 1  1
4.613740000000e-01  1.000000000000e+00
G 1  1
2.379340000000e-01  1.000000000000e+00
H 1  1
2.515980000000e+01  1.000000000000e+00
H 1  1
1.345450000000e+01  1.000000000000e+00
H 1  1
6.687380000000e+00  1.000000000000e+00
H 1  1
3.652460000000e+00  1.000000000000e+00
H 1  1
2.100010000000e+00  1.000000000000e+00
H 1  1
8.585480000000e-01  1.000000000000e+00
I 1  1
1.699620000000e+01  1.000000000000e+00
I 1  1
9.899260000000e+00  1.000000000000e+00
I 1  1
5.089650000000e+00  1.000000000000e+00
I 1  1
3.404060000000e+00  1.000000000000e+00
I 1  1
1.565620000000e+00  1.000000000000e+00
K 1  1
1.395900000000e+01  1.000000000000e+00
K 1  1
8.077490000000e+00  1.000000000000e+00
K 1  1
3.478140000000e+00  1.000000000000e+00
K 1  1
2.169590000000e+00  1.000000000000e+00
L 1  1
1.079060000000e+01  1.000000000000e+00
L 1  1
5.882010000000e+00  1.000000000000e+00
@END

@ATOMBASIS CU
S 1  1
4.722810000000e+02  1.000000000000e+00
S 1  1
2.481180000000e+02  1.000000000000e+00
S 1  1
1.164960000000e+02  1.000000000000e+00
S 1  1
5.239410000000e+01  1.000000000000e+00
S 1  1
2.088460000000e+01  1.000000000000e+00
S 1  1
8.730260000000e+00  1.000000000000e+00
S 1  1
4.291760000000e+00  1.000000000000e+00
S 1  1
2.213370000000e+00  1.000000000000e+00
S 1  1
1.287020000000e+00  1.000000000000e+00
S 1  1
5.878540000000e-01  1.000000000000e+00
S 1  1
3.356620000000e-01  1.000000000000e+00
S 1  1
1.663080000000e-01  1.000000000000e+00
S 1  1
9.395500000000e-02  1.000000000000e+00
P 1  1
1.835390000000e+02  1.000000000000e+00
P 1  1
8.214830000000e+01  1.000000000000e+00
P 1  1
3.672000000000e+01  1.000000000000e+00
P 1  1
1.575800000000e+01  1.000000000000e+00
P 1  1
9.805210000000e+00  1.000000000000e+00
P 1  1
3.916560000000e+00  1.000000000000e+00
P 1  1
1.751030000000e+00  1.000000000000e+00
P 1  1
1.381240000000e+00  1.000000000000e+00
P 1  1
7.155100000000e-01  1.000000000000e+00
P 1  1
3.365950000000e-01  1.000000000000e+00
P 1  1
1.504370000000e-01  1.000000000000e+00
P 1  1
7.715500000000e-02  1.000000000000e+00
D 1  1
4.964980000000e+01  1.000000000000e+00
D 1  1
2.597730000000e+01  1.000000000000e+00
D 1  1
1.184870000000e+01  1.000000000000e+00
D 1  1
8.250480000000e+00  1.000000000000e+00
D 1  1
3.714600000000e+00  1.000000000000e+00
D 1  1
2.645080000000e+00  1.000000000000e+00
D 1  1
1.180060000000e+00  1.000000000000e+00
D 1  1
6.411530000000e-01  1.000000000000e+00
D 1  1
3.231640000000e-01  1.000000000000e+00
D 1  1
1.619020000000e-01  1.000000000000e+00
D 1  1
6.172100000000e-02  1.000000000000e+00
F 1  1
7.413250000000e+01  1.000000000000e+00
F 1  1
2.293420000000e+01  1.000000000000e+00
F 1  1
1.362530000000e+01  1.000000000000e+00
F 1  1
6.692480000000e+00  1.000000000000e+00
F 1  1
4.390100000000e+00  1.000000000000e+00
F 1  1
2.169550000000e+00  1.000000000000e+00
F 1  1
1.143650000000e+00  1.000000000000e+00
F 1  1
6.267110000000e-01  1.000000000000e+00
F 1  1
2.964070000000e-01  1.000000000000e+00
F 1  1
1.453020000000e-01  1.000000000000e+00
G 1  1
5.707030000000e+01  1.000000000000e+00
G 1  1
2.147920000000e+01  1.000000000000e+00
G 1  1
1.084700000000e+01  1.000000000000e+00
G 1  1
5.403970000000e+00  1.000000000000e+00
G 1  1
3.952690000000e+00  1.000000000000e+00
G 1  1
1.766990000000e+00  1.000000000000e+00
G 1  1
1.101760000000e+00  1.000000000000e+00
G 1  1
5.223930000000e-01  1.000000000000e+00
G 1  1
2.422950000000e-01  1.000000000000e+00
H 1  1
2.670100000000e+01  1.000000000000e+00
H 1  1
1.450020000000e+01  1.000000000000e+00
H 1  1
7.466780000000e+00  1.000000000000e+00
H 1  1
3.937760000000e+00  1.000000000000e+00
H 1  1
2.328030000000e+00  1.000000000000e+00
H 1  1
9.419080000000e-01  1.000000000000e+00
I 1  1
1.874760000000e+01  1.000000000000e+00
I 1  1
1.062360000000e+01  1.000000000000e+00
I 1  1
5.690530000000e+00  1.000000000000e+00
I 1  1
3.488000000000e+00  1.000000000000e+00
I 1  1
1.743030000000e+00  1.000000000000e+00
K 1  1
1.473710000000e+01  1.000000000000e+00
K 1  1
8.709930000000e+00  1.000000000000e+00
K 1  1
3.708660000000e+00  1.000000000000e+00
K 1  1
2.228870000000e+00  1.000000000000e+00
L 1  1
1.179930000000e+01  1.000000000000e+00
L 1  1
6.598900000000e+00  1.000000000000e+00
@END

@ATOMBASIS ZN
S 1  1
4.953420000000e+02  1.000000000000e+00
S 1  1
2.661960000000e+02  1.000000000000e+00
S 1  1
1.255760000000e+02  1.000000000000e+00
S 1  1
5.644110000000e+01  1.000000000000e+00
S 1  1
2.132760000000e+01  1.000000000000e+00
S 1  1
9.436030000000e+00  1.000000000000e+00
S 1  1
4.540360000000e+00  1.000000000000e+00
S 1  1
2.214660000000e+00  1.000000000000e+00
S 1  1
1.123960000000e+00  1.000000000000e+00
S 1  1
5.526220000000e-01  1.000000000000e+00
S 1  1
2.746910000000e-01  1.000000000000e+00
S 1  1
1.426240000000e-01  1.000000000000e+00
S 1  1
7.924700000000e-02  1.000000000000e+00
P 1  1
1.916730000000e+02  1.000000000000e+00
P 1  1
8.625050000000e+01  1.000000000000e+00
P 1  1
3.963720000000e+01  1.000000000000e+00
P 1  1
1.631460000000e+01  1.000000000000e+00
P 1  1
1.057300000000e+01  1.000000000000e+00
P 1  1
4.087800000000e+00  1.000000000000e+00
P 1  1
2.113690000000e+00  1.000000000000e+00
P 1  1
1.406200000000e+00  1.000000000000e+00
P 1  1
7.610600000000e-01  1.000000000000e+00
P 1  1
3.319340000000e-01  1.000000000000e+00
P 1  1
1.653450000000e-01  1.000000000000e+00
P 1  1
8.352400000000e-02  1.000000000000e+00
D 1  1
5.285410000000e+01  1.000000000000e+00
D 1  1
2.687220000000e+01  1.000000000000e+00
D 1  1
1.203370000000e+01  1.000000000000e+00
D 1  1
8.566670000000e+00  1.000000000000e+00
D 1  1
3.838030000000e+00  1.000000000000e+00
D 1  1
2.792370000000e+00  1.000000000000e+00
D 1  1
1.324420000000e+00  1.000000000000e+00
D 1  1
7.058190000000e-01  1.000000000000e+00
D 1  1
3.925640000000e-01  1.000000000000e+00
D 1  1
2.010550000000e-01  1.000000000000e+00
D 1  1
6.517300000000e-02  1.000000000000e+00
F 1  1
7.749090000000e+01  1.000000000000e+00
F 1  1
2.526130000000e+01  1.000000000000e+00
F 1  1
1.431960000000e+01  1.000000000000e+00
F 1  1
6.933880000000e+00  1.000000000000e+00
F 1  1
4.139570000000e+00  1.000000000000e+00
F 1  1
2.310070000000e+00  1.000000000000e+00
F 1  1
1.255420000000e+00  1.000000000000e+00
F 1  1
7.282730000000e-01  1.000000000000e+00
F 1  1
2.980320000000e-01  1.000000000000e+00
F 1  1
1.548630000000e-01  1.000000000000e+00
G 1  1
5.930760000000e+01  1.000000000000e+00
G 1  1
2.278460000000e+01  1.000000000000e+00
G 1  1
1.152870000000e+01  1.000000000000e+00
G 1  1
5.628700000000e+00  1.000000000000e+00
G 1  1
3.847820000000e+00  1.000000000000e+00
G 1  1
1.783550000000e+00  1.000000000000e+00
G 1  1
1.200220000000e+00  1.000000000000e+00
G 1  1
6.002350000000e-01  1.000000000000e+00
G 1  1
2.518700000000e-01  1.000000000000e+00
H 1  1
2.710880000000e+01  1.000000000000e+00
H 1  1
1.509030000000e+01  1.000000000000e+00
H 1  1
8.001200000000e+00  1.000000000000e+00
H 1  1
4.274710000000e+00  1.000000000000e+00
H 1  1
2.602270000000e+00  1.000000000000e+00
H 1  1
1.117650000000e+00  1.000000000000e+00
I 1  1
1.971570000000e+01  1.000000000000e+00
I 1  1
1.134790000000e+01  1.000000000000e+00
I 1  1
6.286140000000e+00  1.000000000000e+00
I 1  1
3.906220000000e+00  1.000000000000e+00
I 1  1
1.963060000000e+00  1.000000000000e+00
K 1  1
1.511430000000e+01  1.000000000000e+00
K 1  1
9.294920000000e+00  1.000000000000e+00
K 1  1
4.048900000000e+00  1.000000000000e+00
K 1  1
2.119100000000e+00  1.000000000000e+00
L 1  1
1.199700000000e+01  1.000000000000e+00
L 1  1
7.198680000000e+00  1.000000000000e+00
@END

@ATOMBASIS GA
S 1  1
9.992190000000e+02  1.000000000000e+00
S 1  1
4.435030000000e+02  1.000000000000e+00
S 1  1
1.065740000000e+02  1.000000000000e+00
S 1  1
4.680160000000e+01  1.000000000000e+00
S 1  1
2.515090000000e+01  1.000000000000e+00
S 1  1
1.502610000000e+01  1.000000000000e+00
S 1  1
6.719610000000e+00  1.000000000000e+00
S 1  1
3.115280000000e+00  1.000000000000e+00
S 1  1
1.836000000000e+00  1.000000000000e+00
S 1  1
1.144590000000e+00  1.000000000000e+00
S 1  1
6.736980000000e-01  1.000000000000e+00
S 1  1
3.848700000000e-01  1.000000000000e+00
S 1  1
2.306140000000e-01  1.000000000000e+00
S 1  1
1.286180000000e-01  1.000000000000e+00
S 1  1
7.148980000000e-02  1.000000000000e+00
P 1  1
3.526800000000e+02  1.000000000000e+00
P 1  1
1.052360000000e+02  1.000000000000e+00
P 1  1
3.732670000000e+01  1.000000000000e+00
P 1  1
1.853730000000e+01  1.000000000000e+00
P 1  1
9.109560000000e+00  1.000000000000e+00
P 1  1
5.175110000000e+00  1.000000000000e+00
P 1  1
2.560230000000e+00  1.000000000000e+00
P 1  1
1.511170000000e+00  1.000000000000e+00
P 1  1
7.624110000000e-01  1.000000000000e+00
P 1  1
4.530580000000e-01  1.000000000000e+00
P 1  1
2.673940000000e-01  1.000000000000e+00
P 1  1
1.640530000000e-01  1.000000000000e+00
P 1  1
9.790030000000e-02  1.000000000000e+00
D 1  1
1.475790000000e+02  1.000000000000e+00
D 1  1
3.926600000000e+01  1.000000000000e+00
D 1  1
2.351410000000e+01  1.000000000000e+00
D 1  1
9.846220000000e+00  1.000000000000e+00
D 1  1
4.707440000000e+00  1.000000000000e+00
D 1  1
2.918400000000e+00  1.000000000000e+00
D 1  1
1.270330000000e+00  1.000000000000e+00
D 1  1
7.847560000000e-01  1.000000000000e+00
D 1  1
5.209620000000e-01  1.000000000000e+00
D 1  1
3.283120000000e-01  1.000000000000e+00
D 1  1
1.693890000000e-01  1.000000000000e+00
D 1  1
8.284960000000e-02  1.000000000000e+00
F 1  1
7.504020000000e+01  1.000000000000e+00
F 1  1
2.679200000000e+01  1.000000000000e+00
F 1  1
1.189950000000e+01  1.000000000000e+00
F 1  1
5.019980000000e+00  1.000000000000e+00
F 1  1
2.935990000000e+00  1.000000000000e+00
F 1  1
1.324380000000e+00  1.000000000000e+00
F 1  1
6.932580000000e-01  1.000000000000e+00
F 1  1
4.289210000000e-01  1.000000000000e+00
F 1  1
2.738710000000e-01  1.000000000000e+00
F 1  1
1.456230000000e-01  1.000000000000e+00
G 1  1
3.593520000000e+01  1.000000000000e+00
G 1  1
1.325860000000e+01  1.000000000000e+00
G 1  1
5.764550000000e+00  1.000000000000e+00
G 1  1
1.180920000000e+00  1.000000000000e+00
G 1  1
6.903790000000e-01  1.000000000000e+00
G 1  1
4.063080000000e-01  1.000000000000e+00
G 1  1
2.059810000000e-01  1.000000000000e+00
G 1  1
2.433150000000e+00  1.000000000000e+00
H 1  1
5.318640000000e+00  1.000000000000e+00
H 1  1
2.185900000000e+00  1.000000000000e+00
H 1  1
1.129900000000e+00  1.000000000000e+00
H 1  1
6.837370000000e-01  1.000000000000e+00
H 1  1
3.731010000000e-01  1.000000000000e+00
I 1  1
2.984010000000e+00  1.000000000000e+00
I 1  1
1.332120000000e+00  1.000000000000e+00
I 1  1
6.328910000000e-01  1.000000000000e+00
K 1  1
1.234970000000e+00  1.000000000000e+00
@END

@ATOMBASIS GE
S 1  1
1.203560000000e+03  1.000000000000e+00
S 1  1
5.368080000000e+02  1.000000000000e+00
S 1  1
1.290240000000e+02  1.000000000000e+00
S 1  1
5.666480000000e+01  1.000000000000e+00
S 1  1
3.044900000000e+01  1.000000000000e+00
S 1  1
1.816750000000e+01  1.000000000000e+00
S 1  1
8.087300000000e+00  1.000000000000e+00
S 1  1
3.772580000000e+00  1.000000000000e+00
S 1  1
2.223050000000e+00  1.000000000000e+00
S 1  1
1.385700000000e+00  1.000000000000e+00
S 1  1
8.156340000000e-01  1.000000000000e+00
S 1  1
4.659610000000e-01  1.000000000000e+00
S 1  1
2.791940000000e-01  1.000000000000e+00
S 1  1
1.557120000000e-01  1.000000000000e+00
S 1  1
8.654980000000e-02  1.000000000000e+00
P 1  1
4.226330000000e+02  1.000000000000e+00
P 1  1
1.274050000000e+02  1.000000000000e+00
P 1  1
4.547000000000e+01  1.000000000000e+00
P 1  1
2.256320000000e+01  1.000000000000e+00
P 1  1
1.111060000000e+01  1.000000000000e+00
P 1  1
6.309440000000e+00  1.000000000000e+00
P 1  1
3.084710000000e+00  1.000000000000e+00
P 1  1
1.802110000000e+00  1.000000000000e+00
P 1  1
9.054320000000e-01  1.000000000000e+00
P 1  1
5.429100000000e-01  1.000000000000e+00
P 1  1
3.228440000000e-01  1.000000000000e+00
P 1  1
1.986110000000e-01  1.000000000000e+00
P 1  1
1.185230000000e-01  1.000000000000e+00
D 1  1
1.725910000000e+02  1.000000000000e+00
D 1  1
4.752840000000e+01  1.000000000000e+00
D 1  1
2.818350000000e+01  1.000000000000e+00
D 1  1
1.180570000000e+01  1.000000000000e+00
D 1  1
5.699490000000e+00  1.000000000000e+00
D 1  1
3.532900000000e+00  1.000000000000e+00
D 1  1
1.531600000000e+00  1.000000000000e+00
D 1  1
9.466720000000e-01  1.000000000000e+00
D 1  1
6.304010000000e-01  1.000000000000e+00
D 1  1
3.974790000000e-01  1.000000000000e+00
D 1  1
2.060740000000e-01  1.000000000000e+00
D 1  1
1.003120000000e-01  1.000000000000e+00
F 1  1
9.110280000000e+01  1.000000000000e+00
F 1  1
3.243590000000e+01  1.000000000000e+00
F 1  1
1.422910000000e+01  1.000000000000e+00
F 1  1
6.103750000000e+00  1.000000000000e+00
F 1  1
3.478410000000e+00  1.000000000000e+00
F 1  1
1.569750000000e+00  1.000000000000e+00
F 1  1
8.290210000000e-01  1.000000000000e+00
F 1  1
5.192750000000e-01  1.000000000000e+00
F 1  1
3.351570000000e-01  1.000000000000e+00
F 1  1
1.784640000000e-01  1.000000000000e+00
G 1  1
4.330260000000e+01  1.000000000000e+00
G 1  1
1.590060000000e+01  1.000000000000e+00
G 1  1
6.978810000000e+00  1.000000000000e+00
G 1  1
1.426410000000e+00  1.000000000000e+00
G 1  1
8.300490000000e-01  1.000000000000e+00
G 1  1
4.941110000000e-01  1.000000000000e+00
G 1  1
2.534310000000e-01  1.000000000000e+00
G 1  1
2.955000000000e+00  1.000000000000e+00
H 1  1
6.439030000000e+00  1.000000000000e+00
H 1  1
2.646370000000e+00  1.000000000000e+00
H 1  1
1.370800000000e+00  1.000000000000e+00
H 1  1
8.253600000000e-01  1.000000000000e+00
H 1  1
4.471700000000e-01  1.000000000000e+00
I 1  1
3.612600000000e+00  1.000000000000e+00
I 1  1
1.610730000000e+00  1.000000000000e+00
I 1  1
7.467620000000e-01  1.000000000000e+00
K 1  1
1.495960000000e+00  1.000000000000e+00
@END

@ATOMBASIS AS
S 1  1
1.448060000000e+03  1.000000000000e+00
S 1  1
6.443710000000e+02  1.000000000000e+00
S 1  1
1.547270000000e+02  1.000000000000e+00
S 1  1
6.789730000000e+01  1.000000000000e+00
S 1  1
3.622390000000e+01  1.000000000000e+00
S 1  1
2.143840000000e+01  1.000000000000e+00
S 1  1
9.548320000000e+00  1.000000000000e+00
S 1  1
4.542480000000e+00  1.000000000000e+00
S 1  1
2.685180000000e+00  1.000000000000e+00
S 1  1
1.666590000000e+00  1.000000000000e+00
S 1  1
9.781450000000e-01  1.000000000000e+00
S 1  1
5.606860000000e-01  1.000000000000e+00
S 1  1
3.380630000000e-01  1.000000000000e+00
S 1  1
1.890230000000e-01  1.000000000000e+00
S 1  1
1.046690000000e-01  1.000000000000e+00
P 1  1
5.081130000000e+02  1.000000000000e+00
P 1  1
1.532220000000e+02  1.000000000000e+00
P 1  1
5.417640000000e+01  1.000000000000e+00
P 1  1
2.699540000000e+01  1.000000000000e+00
P 1  1
1.339900000000e+01  1.000000000000e+00
P 1  1
7.614160000000e+00  1.000000000000e+00
P 1  1
3.691330000000e+00  1.000000000000e+00
P 1  1
2.136430000000e+00  1.000000000000e+00
P 1  1
1.075570000000e+00  1.000000000000e+00
P 1  1
6.536020000000e-01  1.000000000000e+00
P 1  1
3.919110000000e-01  1.000000000000e+00
P 1  1
2.410760000000e-01  1.000000000000e+00
P 1  1
1.435860000000e-01  1.000000000000e+00
D 1  1
2.062290000000e+02  1.000000000000e+00
D 1  1
5.727630000000e+01  1.000000000000e+00
D 1  1
3.365670000000e+01  1.000000000000e+00
D 1  1
1.398290000000e+01  1.000000000000e+00
D 1  1
6.873480000000e+00  1.000000000000e+00
D 1  1
4.270120000000e+00  1.000000000000e+00
D 1  1
1.846620000000e+00  1.000000000000e+00
D 1  1
1.143950000000e+00  1.000000000000e+00
D 1  1
7.608180000000e-01  1.000000000000e+00
D 1  1
4.765910000000e-01  1.000000000000e+00
D 1  1
2.467800000000e-01  1.000000000000e+00
D 1  1
1.208300000000e-01  1.000000000000e+00
F 1  1
1.092300000000e+02  1.000000000000e+00
F 1  1
3.895510000000e+01  1.000000000000e+00
F 1  1
1.672110000000e+01  1.000000000000e+00
F 1  1
7.353300000000e+00  1.000000000000e+00
F 1  1
4.169130000000e+00  1.000000000000e+00
F 1  1
1.869650000000e+00  1.000000000000e+00
F 1  1
9.798710000000e-01  1.000000000000e+00
F 1  1
6.178920000000e-01  1.000000000000e+00
F 1  1
4.044360000000e-01  1.000000000000e+00
F 1  1
2.175100000000e-01  1.000000000000e+00
G 1  1
5.190080000000e+01  1.000000000000e+00
G 1  1
1.902690000000e+01  1.000000000000e+00
G 1  1
8.358840000000e+00  1.000000000000e+00
G 1  1
1.711820000000e+00  1.000000000000e+00
G 1  1
9.822140000000e-01  1.000000000000e+00
G 1  1
5.901850000000e-01  1.000000000000e+00
G 1  1
3.091570000000e-01  1.000000000000e+00
G 1  1
3.529740000000e+00  1.000000000000e+00
H 1  1
7.726480000000e+00  1.000000000000e+00
H 1  1
3.173180000000e+00  1.000000000000e+00
H 1  1
1.639740000000e+00  1.000000000000e+00
H 1  1
9.682850000000e-01  1.000000000000e+00
H 1  1
5.373970000000e-01  1.000000000000e+00
I 1  1
4.334960000000e+00  1.000000000000e+00
I 1  1
1.933230000000e+00  1.000000000000e+00
I 1  1
9.156900000000e-01  1.000000000000e+00
K 1  1
1.804570000000e+00  1.000000000000e+00
@END

@ATOMBASIS SE
S 1  1
1.594130000000e+03  1.000000000000e+00
S 1  1
7.065520000000e+02  1.000000000000e+00
S 1  1
1.693330000000e+02  1.000000000000e+00
S 1  1
7.419830000000e+01  1.000000000000e+00
S 1  1
3.903910000000e+01  1.000000000000e+00
S 1  1
2.274120000000e+01  1.000000000000e+00
S 1  1
1.013210000000e+01  1.000000000000e+00
S 1  1
4.992820000000e+00  1.000000000000e+00
S 1  1
2.973690000000e+00  1.000000000000e+00
S 1  1
1.835250000000e+00  1.000000000000e+00
S 1  1
1.074800000000e+00  1.000000000000e+00
S 1  1
6.216680000000e-01  1.000000000000e+00
S 1  1
3.789450000000e-01  1.000000000000e+00
S 1  1
2.121830000000e-01  1.000000000000e+00
S 1  1
1.164360000000e-01  1.000000000000e+00
P 1  1
5.596860000000e+02  1.000000000000e+00
P 1  1
1.690320000000e+02  1.000000000000e+00
P 1  1
5.832900000000e+01  1.000000000000e+00
P 1  1
2.914770000000e+01  1.000000000000e+00
P 1  1
1.471400000000e+01  1.000000000000e+00
P 1  1
8.481410000000e+00  1.000000000000e+00
P 1  1
4.090380000000e+00  1.000000000000e+00
P 1  1
2.337120000000e+00  1.000000000000e+00
P 1  1
1.202530000000e+00  1.000000000000e+00
P 1  1
7.473110000000e-01  1.000000000000e+00
P 1  1
4.456150000000e-01  1.000000000000e+00
P 1  1
2.696370000000e-01  1.000000000000e+00
P 1  1
1.594900000000e-01  1.000000000000e+00
D 1  1
2.234150000000e+02  1.000000000000e+00
D 1  1
6.314010000000e+01  1.000000000000e+00
D 1  1
3.646720000000e+01  1.000000000000e+00
D 1  1
1.490090000000e+01  1.000000000000e+00
D 1  1
7.546520000000e+00  1.000000000000e+00
D 1  1
4.735080000000e+00  1.000000000000e+00
D 1  1
2.035210000000e+00  1.000000000000e+00
D 1  1
1.265890000000e+00  1.000000000000e+00
D 1  1
8.455640000000e-01  1.000000000000e+00
D 1  1
5.284240000000e-01  1.000000000000e+00
D 1  1
2.730950000000e-01  1.000000000000e+00
D 1  1
1.339740000000e-01  1.000000000000e+00
F 1  1
1.183450000000e+02  1.000000000000e+00
F 1  1
4.299600000000e+01  1.000000000000e+00
F 1  1
1.766850000000e+01  1.000000000000e+00
F 1  1
8.000820000000e+00  1.000000000000e+00
F 1  1
4.647540000000e+00  1.000000000000e+00
F 1  1
2.071390000000e+00  1.000000000000e+00
F 1  1
1.090680000000e+00  1.000000000000e+00
F 1  1
6.861420000000e-01  1.000000000000e+00
F 1  1
4.453820000000e-01  1.000000000000e+00
F 1  1
2.396040000000e-01  1.000000000000e+00
G 1  1
5.662520000000e+01  1.000000000000e+00
G 1  1
2.057130000000e+01  1.000000000000e+00
G 1  1
9.091920000000e+00  1.000000000000e+00
G 1  1
1.893860000000e+00  1.000000000000e+00
G 1  1
1.072600000000e+00  1.000000000000e+00
G 1  1
6.451090000000e-01  1.000000000000e+00
G 1  1
3.389900000000e-01  1.000000000000e+00
G 1  1
3.953760000000e+00  1.000000000000e+00
H 1  1
8.469330000000e+00  1.000000000000e+00
H 1  1
3.450360000000e+00  1.000000000000e+00
H 1  1
1.778210000000e+00  1.000000000000e+00
H 1  1
1.059620000000e+00  1.000000000000e+00
H 1  1
5.646970000000e-01  1.000000000000e+00
I 1  1
4.722330000000e+00  1.000000000000e+00
I 1  1
2.115300000000e+00  1.000000000000e+00
I 1  1
9.662160000000e-01  1.000000000000e+00
K 1  1
1.990000000000e+00  1.000000000000e+00
@END

@ATOMBASIS BR
S 1  1
1.853250000000e+03  1.000000000000e+00
S 1  1
8.175750000000e+02  1.000000000000e+00
S 1  1
1.955740000000e+02  1.000000000000e+00
S 1  1
8.549270000000e+01  1.000000000000e+00
S 1  1
4.390300000000e+01  1.000000000000e+00
S 1  1
2.497660000000e+01  1.000000000000e+00
S 1  1
1.126150000000e+01  1.000000000000e+00
S 1  1
5.869040000000e+00  1.000000000000e+00
S 1  1
3.528770000000e+00  1.000000000000e+00
S 1  1
2.154820000000e+00  1.000000000000e+00
S 1  1
1.254950000000e+00  1.000000000000e+00
S 1  1
7.324810000000e-01  1.000000000000e+00
S 1  1
4.517100000000e-01  1.000000000000e+00
S 1  1
2.530970000000e-01  1.000000000000e+00
S 1  1
1.373650000000e-01  1.000000000000e+00
P 1  1
6.500060000000e+02  1.000000000000e+00
P 1  1
1.977320000000e+02  1.000000000000e+00
P 1  1
6.721670000000e+01  1.000000000000e+00
P 1  1
3.382920000000e+01  1.000000000000e+00
P 1  1
1.724310000000e+01  1.000000000000e+00
P 1  1
9.933470000000e+00  1.000000000000e+00
P 1  1
4.759070000000e+00  1.000000000000e+00
P 1  1
2.696870000000e+00  1.000000000000e+00
P 1  1
1.412140000000e+00  1.000000000000e+00
P 1  1
8.943830000000e-01  1.000000000000e+00
P 1  1
5.318270000000e-01  1.000000000000e+00
P 1  1
3.192410000000e-01  1.000000000000e+00
P 1  1
1.894680000000e-01  1.000000000000e+00
D 1  1
2.548000000000e+02  1.000000000000e+00
D 1  1
7.328070000000e+01  1.000000000000e+00
D 1  1
4.127690000000e+01  1.000000000000e+00
D 1  1
1.663760000000e+01  1.000000000000e+00
D 1  1
8.753400000000e+00  1.000000000000e+00
D 1  1
5.573360000000e+00  1.000000000000e+00
D 1  1
2.381780000000e+00  1.000000000000e+00
D 1  1
1.489900000000e+00  1.000000000000e+00
D 1  1
1.003710000000e+00  1.000000000000e+00
D 1  1
6.286690000000e-01  1.000000000000e+00
D 1  1
3.263420000000e-01  1.000000000000e+00
D 1  1
1.583840000000e-01  1.000000000000e+00
F 1  1
1.351830000000e+02  1.000000000000e+00
F 1  1
5.023220000000e+01  1.000000000000e+00
F 1  1
1.946760000000e+01  1.000000000000e+00
F 1  1
8.973320000000e+00  1.000000000000e+00
F 1  1
5.352160000000e+00  1.000000000000e+00
F 1  1
2.360680000000e+00  1.000000000000e+00
F 1  1
1.260650000000e+00  1.000000000000e+00
F 1  1
8.182100000000e-01  1.000000000000e+00
F 1  1
5.324150000000e-01  1.000000000000e+00
F 1  1
2.823620000000e-01  1.000000000000e+00
G 1  1
6.517630000000e+01  1.000000000000e+00
G 1  1
2.358350000000e+01  1.000000000000e+00
G 1  1
1.043090000000e+01  1.000000000000e+00
G 1  1
2.194630000000e+00  1.000000000000e+00
G 1  1
1.226860000000e+00  1.000000000000e+00
G 1  1
7.625430000000e-01  1.000000000000e+00
G 1  1
4.080980000000e-01  1.000000000000e+00
G 1  1
4.556720000000e+00  1.000000000000e+00
H 1  1
9.808210000000e+00  1.000000000000e+00
H 1  1
3.956330000000e+00  1.000000000000e+00
H 1  1
2.032320000000e+00  1.000000000000e+00
H 1  1
1.223300000000e+00  1.000000000000e+00
H 1  1
6.501710000000e-01  1.000000000000e+00
I 1  1
5.425570000000e+00  1.000000000000e+00
I 1  1
2.448980000000e+00  1.000000000000e+00
I 1  1
1.107870000000e+00  1.000000000000e+00
K 1  1
2.300040000000e+00  1.000000000000e+00
@END

@ATOMBASIS KR
S 1  1
2.169920000000e+03  1.000000000000e+00
S 1  1
9.561630000000e+02  1.000000000000e+00
S 1  1
2.286860000000e+02  1.000000000000e+00
S 1  1
9.989040000000e+01  1.000000000000e+00
S 1  1
5.090400000000e+01  1.000000000000e+00
S 1  1
2.879320000000e+01  1.000000000000e+00
S 1  1
1.308240000000e+01  1.000000000000e+00
S 1  1
6.922020000000e+00  1.000000000000e+00
S 1  1
4.168470000000e+00  1.000000000000e+00
S 1  1
2.534890000000e+00  1.000000000000e+00
S 1  1
1.472120000000e+00  1.000000000000e+00
S 1  1
8.599710000000e-01  1.000000000000e+00
S 1  1
5.312910000000e-01  1.000000000000e+00
S 1  1
2.976850000000e-01  1.000000000000e+00
S 1  1
1.612670000000e-01  1.000000000000e+00
P 1  1
7.611030000000e+02  1.000000000000e+00
P 1  1
2.320750000000e+02  1.000000000000e+00
P 1  1
7.879190000000e+01  1.000000000000e+00
P 1  1
3.969990000000e+01  1.000000000000e+00
P 1  1
2.019960000000e+01  1.000000000000e+00
P 1  1
1.157350000000e+01  1.000000000000e+00
P 1  1
5.535080000000e+00  1.000000000000e+00
P 1  1
3.136010000000e+00  1.000000000000e+00
P 1  1
1.648610000000e+00  1.000000000000e+00
P 1  1
1.050460000000e+00  1.000000000000e+00
P 1  1
6.266550000000e-01  1.000000000000e+00
P 1  1
3.770890000000e-01  1.000000000000e+00
P 1  1
2.245700000000e-01  1.000000000000e+00
D 1  1
2.967490000000e+02  1.000000000000e+00
D 1  1
8.573440000000e+01  1.000000000000e+00
D 1  1
4.792490000000e+01  1.000000000000e+00
D 1  1
1.930040000000e+01  1.000000000000e+00
D 1  1
1.024980000000e+01  1.000000000000e+00
D 1  1
6.552370000000e+00  1.000000000000e+00
D 1  1
2.805510000000e+00  1.000000000000e+00
D 1  1
1.757700000000e+00  1.000000000000e+00
D 1  1
1.184500000000e+00  1.000000000000e+00
D 1  1
7.405350000000e-01  1.000000000000e+00
D 1  1
3.861240000000e-01  1.000000000000e+00
D 1  1
1.863640000000e-01  1.000000000000e+00
F 1  1
1.577230000000e+02  1.000000000000e+00
F 1  1
5.880520000000e+01  1.000000000000e+00
F 1  1
2.227170000000e+01  1.000000000000e+00
F 1  1
1.035670000000e+01  1.000000000000e+00
F 1  1
6.222890000000e+00  1.000000000000e+00
F 1  1
2.730180000000e+00  1.000000000000e+00
F 1  1
1.469020000000e+00  1.000000000000e+00
F 1  1
9.667310000000e-01  1.000000000000e+00
F 1  1
6.288600000000e-01  1.000000000000e+00
F 1  1
3.305250000000e-01  1.000000000000e+00
G 1  1
7.606530000000e+01  1.000000000000e+00
G 1  1
2.760140000000e+01  1.000000000000e+00
G 1  1
1.214970000000e+01  1.000000000000e+00
G 1  1
2.566190000000e+00  1.000000000000e+00
G 1  1
1.430260000000e+00  1.000000000000e+00
G 1  1
9.030710000000e-01  1.000000000000e+00
G 1  1
4.908190000000e-01  1.000000000000e+00
G 1  1
5.275380000000e+00  1.000000000000e+00
H 1  1
1.147560000000e+01  1.000000000000e+00
H 1  1
4.608800000000e+00  1.000000000000e+00
H 1  1
2.362560000000e+00  1.000000000000e+00
H 1  1
1.406120000000e+00  1.000000000000e+00
H 1  1
7.505490000000e-01  1.000000000000e+00
I 1  1
6.331630000000e+00  1.000000000000e+00
I 1  1
2.867330000000e+00  1.000000000000e+00
I 1  1
1.271770000000e+00  1.000000000000e+00
K 1  1
2.688060000000e+00  1.000000000000e+00
@END
9d0b465f9359aab29dfdc7de722eb5a3