@BASIS_SET CC-PVQZ-RIFIT  !CC-PVQZ-RIFIT

@ATOMBASIS H
S 1  1
2.188353363000e+01  1.000000000000e+00
S 1  1
4.308910170000e+00  1.000000000000e+00
S 1  1
1.182483480000e+00  1.000000000000e+00
S 1  1
4.331113300000e-01  1.000000000000e+00
S 1  1
2.276354000000e-01  1.000000000000e+00
P 1  1
3.228653280000e+00  1.000000000000e+00
P 1  1
1.228568240000e+00  1.000000000000e+00
P 1  1
5.162931500000e-01  1.000000000000e+00
P 1  1
2.245081600000e-01  1.000000000000e+00
D 1  1
2.778180640000e+00  1.000000000000e+00
D 1  1
1.017710060000e+00  1.000000000000e+00
D 1  1
5.275983400000e-01  1.000000000000e+00
F 1  1
1.896432960000e+00  1.000000000000e+00
F 1  1
6.719309400000e-01  1.000000000000e+00
G 1  1
2.130882650000e+00  1.000000000000e+00
@END

@ATOMBASIS HE
S 1  1
2.925197674100e+01  1.000000000000e+00
S 1  1
6.347995917500e+00  1.000000000000e+00
S 1  1
3.014116601300e+00  1.000000000000e+00
S 1  1
8.339608729600e-01  1.000000000000e+00
S 1  1
4.796473061500e-01  1.000000000000e+00
P 1  1
8.690513563100e+00  1.000000000000e+00
P 1  1
2.579676754800e+00  1.000000000000e+00
P 1  1
1.194330370400e+00  1.000000000000e+00
P 1  1
7.127886794000e-01  1.000000000000e+00
D 1  1
7.294483461700e+00  1.000000000000e+00
D 1  1
4.363220827500e+00  1.000000000000e+00
D 1  1
1.734590040400e+00  1.000000000000e+00
F 1  1
4.350706912700e+00  1.000000000000e+00
F 1  1
2.708297961800e+00  1.000000000000e+00
@END

@ATOMBASIS LI
S 1  1
1.090550000000e+02  1.000000000000e+00
S 1  1
2.087830000000e+01  1.000000000000e+00
S 1  1
6.486990000000e+00  1.000000000000e+00
S 1  1
1.954500000000e+00  1.000000000000e+00
S 1  1
1.040230000000e+00  1.000000000000e+00
S 1  1
4.290790000000e-01  1.000000000000e+00
S 1  1
1.617180000000e-01  1.000000000000e+00
S 1  1
8.292820000000e-02  1.000000000000e+00
P 1  1
1.754940000000e+01  1.000000000000e+00
P 1  1
5.444220000000e+00  1.000000000000e+00
P 1  1
1.875610000000e+00  1.000000000000e+00
P 1  1
7.752040000000e-01  1.000000000000e+00
P 1  1
3.714840000000e-01  1.000000000000e+00
P 1  1
1.632010000000e-01  1.000000000000e+00
P 1  1
7.656500000000e-02  1.000000000000e+00
D 1  1
6.801790000000e+00  1.000000000000e+00
D 1  1
2.217260000000e+00  1.000000000000e+00
D 1  1
1.007600000000e+00  1.000000000000e+00
D 1  1
4.978010000000e-01  1.000000000000e+00
D 1  1
2.025320000000e-01  1.000000000000e+00
D 1  1
1.180600000000e-01  1.000000000000e+00
F 1  1
2.785790000000e+00  1.000000000000e+00
F 1  1
1.034420000000e+00  1.000000000000e+00
F 1  1
5.324210000000e-01  1.000000000000e+00
F 1  1
2.774150000000e-01  1.000000000000e+00
F 1  1
1.170900000000e-01  1.000000000000e+00
G 1  1
9.735730000000e-01  1.000000000000e+00
G 1  1
4.135630000000e-01  1.000000000000e+00
G 1  1
2.034620000000e-01  1.000000000000e+00
H 1  1
4.285650000000e-01  1.000000000000e+00
@END

@ATOMBASIS BE
S 1  1
1.366460000000e+02  1.000000000000e+00
S 1  1
2.839210000000e+01  1.000000000000e+00
S 1  1
8.689180000000e+00  1.000000000000e+00
S 1  1
3.780200000000e+00  1.000000000000e+00
S 1  1
1.162780000000e+00  1.000000000000e+00
S 1  1
4.306440000000e-01  1.000000000000e+00
S 1  1
1.860100000000e-01  1.000000000000e+00
S 1  1
9.739070000000e-02  1.000000000000e+00
P 1  1
2.223940000000e+01  1.000000000000e+00
P 1  1
6.381570000000e+00  1.000000000000e+00
P 1  1
2.554600000000e+00  1.000000000000e+00
P 1  1
1.015980000000e+00  1.000000000000e+00
P 1  1
4.444950000000e-01  1.000000000000e+00
P 1  1
2.018320000000e-01  1.000000000000e+00
P 1  1
9.481270000000e-02  1.000000000000e+00
D 1  1
8.496130000000e+00  1.000000000000e+00
D 1  1
3.042720000000e+00  1.000000000000e+00
D 1  1
1.184510000000e+00  1.000000000000e+00
D 1  1
5.840730000000e-01  1.000000000000e+00
D 1  1
2.780410000000e-01  1.000000000000e+00
D 1  1
1.626190000000e-01  1.000000000000e+00
F 1  1
3.401820000000e+00  1.000000000000e+00
F 1  1
1.481350000000e+00  1.000000000000e+00
F 1  1
6.233180000000e-01  1.000000000000e+00
F 1  1
3.440310000000e-01  1.000000000000e+00
F 1  1
1.405470000000e-01  1.000000000000e+00
G 1  1
1.860070000000e+00  1.000000000000e+00
G 1  1
5.362200000000e-01  1.000000000000e+00
G 1  1
2.728430000000e-01  1.000000000000e+00
H 1  1
5.357040000000e-01  1.000000000000e+00
@END

@ATOMBASIS B
S 1  1
1.571149161300e+02  1.000000000000e+00
S 1  1
3.288167117000e+01  1.000000000000e+00
S 1  1
7.639259740000e+00  1.000000000000e+00
S 1  1
4.901104210000e+00  1.000000000000e+00
S 1  1
1.657612720000e+00  1.000000000000e+00
S 1  1
7.835981500000e-01  1.000000000000e+00
S 1  1
3.215648700000e-01  1.000000000000e+00
S 1  1
1.720166300000e-01  1.000000000000e+00
P 1  1
3.992621698000e+01  1.000000000000e+00
P 1  1
1.002234258000e+01  1.000000000000e+00
P 1  1
3.795521900000e+00  1.000000000000e+00
P 1  1
1.687383030000e+00  1.000000000000e+00
P 1  1
7.374411100000e-01  1.000000000000e+00
P 1  1
3.365945300000e-01  1.000000000000e+00
P 1  1
1.584923000000e-01  1.000000000000e+00
D 1  1
1.483108749000e+01  1.000000000000e+00
D 1  1
4.053247890000e+00  1.000000000000e+00
D 1  1
1.343136190000e+00  1.000000000000e+00
D 1  1
6.804698300000e-01  1.000000000000e+00
D 1  1
4.701314700000e-01  1.000000000000e+00
D 1  1
2.446812900000e-01  1.000000000000e+00
F 1  1
4.297756930000e+00  1.000000000000e+00
F 1  1
1.757108850000e+00  1.000000000000e+00
F 1  1
1.090730890000e+00  1.000000000000e+00
F 1  1
4.739032400000e-01  1.000000000000e+00
F 1  1
2.127495300000e-01  1.000000000000e+00
G 1  1
1.704946100000e+00  1.000000000000e+00
G 1  1
8.744721700000e-01  1.000000000000e+00
G 1  1
4.744165100000e-01  1.000000000000e+00
H 1  1
9.614448300000e-01  1.000000000000e+00
@END

@ATOMBASIS C
S 1  1
2.213097081600e+02  1.000000000000e+00
S 1  1
4.711856582000e+01  1.000000000000e+00
S 1  1
9.171526760000e+00  1.000000000000e+00
S 1  1
4.179168230000e+00  1.000000000000e+00
S 1  1
1.639209380000e+00  1.000000000000e+00
S 1  1
8.723713400000e-01  1.000000000000e+00
S 1  1
4.896456200000e-01  1.000000000000e+00
S 1  1
2.492614500000e-01  1.000000000000e+00
P 1  1
4.986226498000e+01  1.000000000000e+00
P 1  1
1.232598201000e+01  1.000000000000e+00
P 1  1
3.590642310000e+00  1.000000000000e+00
P 1  1
1.688444020000e+00  1.000000000000e+00
P 1  1
1.053381830000e+00  1.000000000000e+00
P 1  1
5.171681700000e-01  1.000000000000e+00
P 1  1
2.454517300000e-01  1.000000000000e+00
D 1  1
1.693543364000e+01  1.000000000000e+00
D 1  1
5.640286910000e+00  1.000000000000e+00
D 1  1
2.204215290000e+00  1.000000000000e+00
D 1  1
1.031012400000e+00  1.000000000000e+00
D 1  1
5.994555400000e-01  1.000000000000e+00
D 1  1
3.521450200000e-01  1.000000000000e+00
F 1  1
5.448411150000e+00  1.000000000000e+00
F 1  1
2.263013960000e+00  1.000000000000e+00
F 1  1
1.738978440000e+00  1.000000000000e+00
F 1  1
7.297948700000e-01  1.000000000000e+00
F 1  1
3.486325600000e-01  1.000000000000e+00
G 1  1
2.812776150000e+00  1.000000000000e+00
G 1  1
1.349557580000e+00  1.000000000000e+00
G 1  1
7.132567400000e-01  1.000000000000e+00
H 1  1
1.486936110000e+00  1.000000000000e+00
@END

@ATOMBASIS N
S 1  1
2.847297683300e+02  1.000000000000e+00
S 1  1
6.181213016000e+01  1.000000000000e+00
S 1  1
1.413337878000e+01  1.000000000000e+00
S 1  1
5.158710760000e+00  1.000000000000e+00
S 1  1
2.054915050000e+00  1.000000000000e+00
S 1  1
1.137057300000e+00  1.000000000000e+00
S 1  1
5.948152800000e-01  1.000000000000e+00
S 1  1
3.586068000000e-01  1.000000000000e+00
P 1  1
6.674995588000e+01  1.000000000000e+00
P 1  1
1.692478644000e+01  1.000000000000e+00
P 1  1
5.030349280000e+00  1.000000000000e+00
P 1  1
2.821223800000e+00  1.000000000000e+00
P 1  1
1.700336200000e+00  1.000000000000e+00
P 1  1
6.950735200000e-01  1.000000000000e+00
P 1  1
3.495370000000e-01  1.000000000000e+00
D 1  1
2.513620752000e+01  1.000000000000e+00
D 1  1
8.355224010000e+00  1.000000000000e+00
D 1  1
3.362528700000e+00  1.000000000000e+00
D 1  1
1.498977080000e+00  1.000000000000e+00
D 1  1
7.409317900000e-01  1.000000000000e+00
D 1  1
4.694882900000e-01  1.000000000000e+00
F 1  1
8.479765090000e+00  1.000000000000e+00
F 1  1
3.617357000000e+00  1.000000000000e+00
F 1  1
2.495359940000e+00  1.000000000000e+00
F 1  1
1.033133990000e+00  1.000000000000e+00
F 1  1
4.815335100000e-01  1.000000000000e+00
G 1  1
4.185084700000e+00  1.000000000000e+00
G 1  1
1.925534880000e+00  1.000000000000e+00
G 1  1
9.707736300000e-01  1.000000000000e+00
H 1  1
2.128191520000e+00  1.000000000000e+00
@END

@ATOMBASIS O
S 1  1
3.538303567800e+02  1.000000000000e+00
S 1  1
7.535726171000e+01  1.000000000000e+00
S 1  1
2.111740690000e+01  1.000000000000e+00
S 1  1
5.225255620000e+00  1.000000000000e+00
S 1  1
2.588087970000e+00  1.000000000000e+00
S 1  1
1.525331350000e+00  1.000000000000e+00
S 1  1
7.185318800000e-01  1.000000000000e+00
S 1  1
3.185017600000e-01  1.000000000000e+00
P 1  1
8.855717036000e+01  1.000000000000e+00
P 1  1
2.229439460000e+01  1.000000000000e+00
P 1  1
6.566306460000e+00  1.000000000000e+00
P 1  1
3.341961980000e+00  1.000000000000e+00
P 1  1
1.853895180000e+00  1.000000000000e+00
P 1  1
8.679898900000e-01  1.000000000000e+00
P 1  1
4.780518500000e-01  1.000000000000e+00
D 1  1
2.539448946000e+01  1.000000000000e+00
D 1  1
8.636088710000e+00  1.000000000000e+00
D 1  1
3.910667800000e+00  1.000000000000e+00
D 1  1
2.140281960000e+00  1.000000000000e+00
D 1  1
9.894620600000e-01  1.000000000000e+00
D 1  1
4.230908300000e-01  1.000000000000e+00
F 1  1
1.050238809000e+01  1.000000000000e+00
F 1  1
4.449559300000e+00  1.000000000000e+00
F 1  1
2.958020050000e+00  1.000000000000e+00
F 1  1
1.320839060000e+00  1.000000000000e+00
F 1  1
7.387235200000e-01  1.000000000000e+00
G 1  1
4.947622890000e+00  1.000000000000e+00
G 1  1
2.540195000000e+00  1.000000000000e+00
G 1  1
1.259508500000e+00  1.000000000000e+00
H 1  1
2.765540500000e+00  1.000000000000e+00
@END

@ATOMBASIS F
S 1  1
4.316769582000e+02  1.000000000000e+00
S 1  1
9.346192976000e+01  1.000000000000e+00
S 1  1
2.762030305000e+01  1.000000000000e+00
S 1  1
6.356614380000e+00  1.000000000000e+00
S 1  1
3.589292480000e+00  1.000000000000e+00
S 1  1
1.903710310000e+00  1.000000000000e+00
S 1  1
9.283601900000e-01  1.000000000000e+00
S 1  1
3.883093300000e-01  1.000000000000e+00
P 1  1
8.100822594000e+01  1.000000000000e+00
P 1  1
2.347314424000e+01  1.000000000000e+00
P 1  1
6.791106380000e+00  1.000000000000e+00
P 1  1
4.382706260000e+00  1.000000000000e+00
P 1  1
2.214521370000e+00  1.000000000000e+00
P 1  1
1.040485270000e+00  1.000000000000e+00
P 1  1
5.991555000000e-01  1.000000000000e+00
D 1  1
2.281979725000e+01  1.000000000000e+00
D 1  1
7.297609200000e+00  1.000000000000e+00
D 1  1
4.513549980000e+00  1.000000000000e+00
D 1  1
2.405932040000e+00  1.000000000000e+00
D 1  1
1.252671170000e+00  1.000000000000e+00
D 1  1
4.924536100000e-01  1.000000000000e+00
F 1  1
1.381218602000e+01  1.000000000000e+00
F 1  1
5.972404490000e+00  1.000000000000e+00
F 1  1
4.034030230000e+00  1.000000000000e+00
F 1  1
1.822572430000e+00  1.000000000000e+00
F 1  1
1.019438460000e+00  1.000000000000e+00
G 1  1
6.490418370000e+00  1.000000000000e+00
G 1  1
3.357883360000e+00  1.000000000000e+00
G 1  1
1.743606250000e+00  1.000000000000e+00
H 1  1
3.569493240000e+00  1.000000000000e+00
@END

@ATOMBASIS NE
S 1  1
5.374910000000e+02  1.000000000000e+00
S 1  1
1.162280000000e+02  1.000000000000e+00
S 1  1
3.498620000000e+01  1.000000000000e+00
S 1  1
8.001750000000e+00  1.000000000000e+00
S 1  1
4.443780000000e+00  1.000000000000e+00
S 1  1
2.422960000000e+00  1.000000000000e+00
S 1  1
1.150120000000e+00  1.000000000000e+00
S 1  1
4.759050000000e-01  1.000000000000e+00
P 1  1
9.916600000000e+01  1.000000000000e+00
P 1  1
2.882200000000e+01  1.000000000000e+00
P 1  1
8.409420000000e+00  1.000000000000e+00
P 1  1
5.564960000000e+00  1.000000000000e+00
P 1  1
2.657440000000e+00  1.000000000000e+00
P 1  1
1.328170000000e+00  1.000000000000e+00
P 1  1
7.348500000000e-01  1.000000000000e+00
D 1  1
2.874520000000e+01  1.000000000000e+00
D 1  1
8.924010000000e+00  1.000000000000e+00
D 1  1
5.921460000000e+00  1.000000000000e+00
D 1  1
2.794800000000e+00  1.000000000000e+00
D 1  1
1.628940000000e+00  1.000000000000e+00
D 1  1
5.998950000000e-01  1.000000000000e+00
F 1  1
1.330900000000e+01  1.000000000000e+00
F 1  1
6.598760000000e+00  1.000000000000e+00
F 1  1
3.046560000000e+00  1.000000000000e+00
F 1  1
2.093800000000e+00  1.000000000000e+00
F 1  1
1.036070000000e+00  1.000000000000e+00
G 1  1
8.285810000000e+00  1.000000000000e+00
G 1  1
4.240270000000e+00  1.000000000000e+00
G 1  1
2.292500000000e+00  1.000000000000e+00
H 1  1
4.492310000000e+00  1.000000000000e+00
@END

@ATOMBASIS NA
S 1  1
2.147380000000e+02  1.000000000000e+00
S 1  1
4.864370000000e+01  1.000000000000e+00
S 1  1
1.630620000000e+01  1.000000000000e+00
S 1  1
9.606580000000e+00  1.000000000000e+00
S 1  1
3.492360000000e+00  1.000000000000e+00
S 1  1
1.310210000000e+00  1.000000000000e+00
S 1  1
6.084850000000e-01  1.000000000000e+00
S 1  1
3.521710000000e-01  1.000000000000e+00
S 1  1
1.850330000000e-01  1.000000000000e+00
S 1  1
8.820430000000e-02  1.000000000000e+00
S 1  1
5.062010000000e-02  1.000000000000e+00
P 1  1
6.789470000000e+01  1.000000000000e+00
P 1  1
2.550160000000e+01  1.000000000000e+00
P 1  1
6.269630000000e+00  1.000000000000e+00
P 1  1
2.297510000000e+00  1.000000000000e+00
P 1  1
1.325290000000e+00  1.000000000000e+00
P 1  1
5.347630000000e-01  1.000000000000e+00
P 1  1
2.806660000000e-01  1.000000000000e+00
P 1  1
1.396460000000e-01  1.000000000000e+00
P 1  1
6.709420000000e-02  1.000000000000e+00
D 1  1
2.933040000000e+01  1.000000000000e+00
D 1  1
8.491000000000e+00  1.000000000000e+00
D 1  1
3.171810000000e+00  1.000000000000e+00
D 1  1
1.400430000000e+00  1.000000000000e+00
D 1  1
7.176810000000e-01  1.000000000000e+00
D 1  1
4.078930000000e-01  1.000000000000e+00
D 1  1
2.695870000000e-01  1.000000000000e+00
D 1  1
1.210990000000e-01  1.000000000000e+00
F 1  1
4.802800000000e+00  1.000000000000e+00
F 1  1
2.190800000000e+00  1.000000000000e+00
F 1  1
8.388950000000e-01  1.000000000000e+00
F 1  1
3.586260000000e-01  1.000000000000e+00
F 1  1
2.156610000000e-01  1.000000000000e+00
F 1  1
1.175460000000e-01  1.000000000000e+00
G 1  1
1.365080000000e+00  1.000000000000e+00
G 1  1
5.787820000000e-01  1.000000000000e+00
G 1  1
2.975830000000e-01  1.000000000000e+00
H 1  1
6.489430000000e-01  1.000000000000e+00
@END

@ATOMBASIS MG
S 1  1
2.658580000000e+02  1.000000000000e+00
S 1  1
6.511230000000e+01  1.000000000000e+00
S 1  1
2.350470000000e+01  1.000000000000e+00
S 1  1
1.152470000000e+01  1.000000000000e+00
S 1  1
4.823850000000e+00  1.000000000000e+00
S 1  1
1.950430000000e+00  1.000000000000e+00
S 1  1
7.404100000000e-01  1.000000000000e+00
S 1  1
4.290620000000e-01  1.000000000000e+00
S 1  1
2.281770000000e-01  1.000000000000e+00
S 1  1
1.262160000000e-01  1.000000000000e+00
S 1  1
6.646200000000e-02  1.000000000000e+00
P 1  1
7.204050000000e+01  1.000000000000e+00
P 1  1
4.536600000000e+01  1.000000000000e+00
P 1  1
6.736730000000e+00  1.000000000000e+00
P 1  1
2.257910000000e+00  1.000000000000e+00
P 1  1
1.149910000000e+00  1.000000000000e+00
P 1  1
3.487950000000e-01  1.000000000000e+00
P 1  1
2.089050000000e-01  1.000000000000e+00
P 1  1
1.060350000000e-01  1.000000000000e+00
P 1  1
5.884640000000e-02  1.000000000000e+00
D 1  1
3.524420000000e+01  1.000000000000e+00
D 1  1
1.094730000000e+01  1.000000000000e+00
D 1  1
3.997440000000e+00  1.000000000000e+00
D 1  1
2.101850000000e+00  1.000000000000e+00
D 1  1
1.008860000000e+00  1.000000000000e+00
D 1  1
4.672480000000e-01  1.000000000000e+00
D 1  1
2.681530000000e-01  1.000000000000e+00
D 1  1
1.559640000000e-01  1.000000000000e+00
F 1  1
5.883600000000e+00  1.000000000000e+00
F 1  1
2.846580000000e+00  1.000000000000e+00
F 1  1
1.318190000000e+00  1.000000000000e+00
F 1  1
4.394460000000e-01  1.000000000000e+00
F 1  1
2.577600000000e-01  1.000000000000e+00
F 1  1
1.295030000000e-01  1.000000000000e+00
G 1  1
2.675830000000e+00  1.000000000000e+00
G 1  1
1.097110000000e+00  1.000000000000e+00
G 1  1
3.847430000000e-01  1.000000000000e+00
H 1  1
1.059800000000e+00  1.000000000000e+00
@END

@ATOMBASIS AL
S 1  1
3.035876014500e+02  1.000000000000e+00
S 1  1
1.058145673100e+02  1.000000000000e+00
S 1  1
4.041943983900e+01  1.000000000000e+00
S 1  1
1.276180020100e+01  1.000000000000e+00
S 1  1
5.548978748100e+00  1.000000000000e+00
S 1  1
3.233085523100e+00  1.000000000000e+00
S 1  1
1.065495534500e+00  1.000000000000e+00
S 1  1
4.759889459700e-01  1.000000000000e+00
S 1  1
2.917088138100e-01  1.000000000000e+00
S 1  1
1.944212594100e-01  1.000000000000e+00
S 1  1
9.156070880100e-02  1.000000000000e+00
P 1  1
1.628638566300e+02  1.000000000000e+00
P 1  1
5.481618948800e+01  1.000000000000e+00
P 1  1
8.964257806500e+00  1.000000000000e+00
P 1  1
6.006321914400e+00  1.000000000000e+00
P 1  1
2.043340790700e+00  1.000000000000e+00
P 1  1
9.302213521700e-01  1.000000000000e+00
P 1  1
4.428183198600e-01  1.000000000000e+00
P 1  1
2.204321227000e-01  1.000000000000e+00
P 1  1
1.115627281900e-01  1.000000000000e+00
D 1  1
4.707694602800e+01  1.000000000000e+00
D 1  1
1.363417569100e+01  1.000000000000e+00
D 1  1
4.565321063700e+00  1.000000000000e+00
D 1  1
2.591477220100e+00  1.000000000000e+00
D 1  1
1.313155562200e+00  1.000000000000e+00
D 1  1
5.791688808900e-01  1.000000000000e+00
D 1  1
2.995997295100e-01  1.000000000000e+00
D 1  1
1.499227061400e-01  1.000000000000e+00
F 1  1
7.361067230500e+00  1.000000000000e+00
F 1  1
3.275803862500e+00  1.000000000000e+00
F 1  1
1.297617327000e+00  1.000000000000e+00
F 1  1
5.298604504400e-01  1.000000000000e+00
F 1  1
2.899799875500e-01  1.000000000000e+00
F 1  1
1.693591068100e-01  1.000000000000e+00
G 1  1
1.754911807200e+00  1.000000000000e+00
G 1  1
5.178587517300e-01  1.000000000000e+00
G 1  1
2.452483174900e-01  1.000000000000e+00
H 1  1
5.087298878200e-01  1.000000000000e+00
@END

@ATOMBASIS SI
S 1  1
2.568308721900e+02  1.000000000000e+00
S 1  1
8.786191072600e+01  1.000000000000e+00
S 1  1
2.896086825600e+01  1.000000000000e+00
S 1  1
8.448067482500e+00  1.000000000000e+00
S 1  1
4.092252898100e+00  1.000000000000e+00
S 1  1
2.576299781700e+00  1.000000000000e+00
S 1  1
1.171830826300e+00  1.000000000000e+00
S 1  1
5.210449595700e-01  1.000000000000e+00
S 1  1
3.447352062300e-01  1.000000000000e+00
S 1  1
1.919369821300e-01  1.000000000000e+00
S 1  1
6.456488842300e-02  1.000000000000e+00
P 1  1
1.551572186400e+02  1.000000000000e+00
P 1  1
5.920883843100e+01  1.000000000000e+00
P 1  1
1.006104842500e+01  1.000000000000e+00
P 1  1
6.406964547700e+00  1.000000000000e+00
P 1  1
2.683154649100e+00  1.000000000000e+00
P 1  1
1.198227102800e+00  1.000000000000e+00
P 1  1
5.948616977200e-01  1.000000000000e+00
P 1  1
2.954377216100e-01  1.000000000000e+00
P 1  1
1.670230313200e-01  1.000000000000e+00
D 1  1
3.663314561600e+01  1.000000000000e+00
D 1  1
1.232266342100e+01  1.000000000000e+00
D 1  1
5.159730696700e+00  1.000000000000e+00
D 1  1
2.317934478900e+00  1.000000000000e+00
D 1  1
9.177812216900e-01  1.000000000000e+00
D 1  1
5.572296045400e-01  1.000000000000e+00
D 1  1
3.025902013500e-01  1.000000000000e+00
D 1  1
1.736997732500e-01  1.000000000000e+00
F 1  1
8.916073181300e+00  1.000000000000e+00
F 1  1
3.962138911400e+00  1.000000000000e+00
F 1  1
1.879060047600e+00  1.000000000000e+00
F 1  1
7.070912961700e-01  1.000000000000e+00
F 1  1
4.031544203800e-01  1.000000000000e+00
F 1  1
2.150155535400e-01  1.000000000000e+00
G 1  1
2.310970698400e+00  1.000000000000e+00
G 1  1
7.062647207400e-01  1.000000000000e+00
G 1  1
3.579228812200e-01  1.000000000000e+00
H 1  1
6.682525220700e-01  1.000000000000e+00
@END

@ATOMBASIS P
S 1  1
3.532006815400e+02  1.000000000000e+00
S 1  1
1.127754413200e+02  1.000000000000e+00
S 1  1
3.772831904800e+01  1.000000000000e+00
S 1  1
1.105898661000e+01  1.000000000000e+00
S 1  1
6.456599860900e+00  1.000000000000e+00
S 1  1
4.304399240200e+00  1.000000000000e+00
S 1  1
2.347198168500e+00  1.000000000000e+00
S 1  1
6.782731444000e-01  1.000000000000e+00
S 1  1
4.408414915800e-01  1.000000000000e+00
S 1  1
2.938943328000e-01  1.000000000000e+00
S 1  1
1.593415921600e-01  1.000000000000e+00
P 1  1
1.069091312200e+02  1.000000000000e+00
P 1  1
4.877785848900e+01  1.000000000000e+00
P 1  1
1.284953476300e+01  1.000000000000e+00
P 1  1
6.445543127400e+00  1.000000000000e+00
P 1  1
3.338727472500e+00  1.000000000000e+00
P 1  1
1.619485337700e+00  1.000000000000e+00
P 1  1
7.063721053800e-01  1.000000000000e+00
P 1  1
3.958159816100e-01  1.000000000000e+00
P 1  1
2.186517345400e-01  1.000000000000e+00
D 1  1
3.939676685900e+01  1.000000000000e+00
D 1  1
1.250186748100e+01  1.000000000000e+00
D 1  1
6.152279813000e+00  1.000000000000e+00
D 1  1
2.695287339500e+00  1.000000000000e+00
D 1  1
1.202106857800e+00  1.000000000000e+00
D 1  1
6.278276088200e-01  1.000000000000e+00
D 1  1
3.739937516800e-01  1.000000000000e+00
D 1  1
2.004255793700e-01  1.000000000000e+00
F 1  1
1.064524071000e+01  1.000000000000e+00
F 1  1
4.870685459000e+00  1.000000000000e+00
F 1  1
2.267091799700e+00  1.000000000000e+00
F 1  1
9.528294428700e-01  1.000000000000e+00
F 1  1
5.194175205000e-01  1.000000000000e+00
F 1  1
2.767413106500e-01  1.000000000000e+00
G 1  1
2.931473412100e+00  1.000000000000e+00
G 1  1
9.361271945400e-01  1.000000000000e+00
G 1  1
4.791126312300e-01  1.000000000000e+00
H 1  1
8.757383569400e-01  1.000000000000e+00
@END

@ATOMBASIS S
S 1  1
4.001157132700e+02  1.000000000000e+00
S 1  1
1.231729524400e+02  1.000000000000e+00
S 1  1
3.835630810400e+01  1.000000000000e+00
S 1  1
1.250084199400e+01  1.000000000000e+00
S 1  1
6.960909685300e+00  1.000000000000e+00
S 1  1
4.113047407500e+00  1.000000000000e+00
S 1  1
2.221999153300e+00  1.000000000000e+00
S 1  1
9.705563389200e-01  1.000000000000e+00
S 1  1
5.634000386800e-01  1.000000000000e+00
S 1  1
3.751839676200e-01  1.000000000000e+00
S 1  1
1.506489448800e-01  1.000000000000e+00
P 1  1
1.804144720000e+02  1.000000000000e+00
P 1  1
8.851856491700e+01  1.000000000000e+00
P 1  1
1.343233375700e+01  1.000000000000e+00
P 1  1
5.663550746300e+00  1.000000000000e+00
P 1  1
2.932503542600e+00  1.000000000000e+00
P 1  1
1.558178559600e+00  1.000000000000e+00
P 1  1
8.861968211900e-01  1.000000000000e+00
P 1  1
4.946177770400e-01  1.000000000000e+00
P 1  1
2.672753311900e-01  1.000000000000e+00
D 1  1
4.181678592700e+01  1.000000000000e+00
D 1  1
1.609006251500e+01  1.000000000000e+00
D 1  1
7.472938112800e+00  1.000000000000e+00
D 1  1
3.587874904000e+00  1.000000000000e+00
D 1  1
1.636336394900e+00  1.000000000000e+00
D 1  1
9.441607863200e-01  1.000000000000e+00
D 1  1
4.502661489500e-01  1.000000000000e+00
D 1  1
2.321367810800e-01  1.000000000000e+00
F 1  1
1.227613160500e+01  1.000000000000e+00
F 1  1
5.024623740700e+00  1.000000000000e+00
F 1  1
2.343299167900e+00  1.000000000000e+00
F 1  1
1.264794727200e+00  1.000000000000e+00
F 1  1
7.312219180400e-01  1.000000000000e+00
F 1  1
3.608601723200e-01  1.000000000000e+00
G 1  1
3.463466173500e+00  1.000000000000e+00
G 1  1
1.186741300800e+00  1.000000000000e+00
G 1  1
5.765594888000e-01  1.000000000000e+00
H 1  1
1.017935500300e+00  1.000000000000e+00
@END

@ATOMBASIS CL
S 1  1
4.405885825000e+02  1.000000000000e+00
S 1  1
1.389012214500e+02  1.000000000000e+00
S 1  1
4.400719457800e+01  1.000000000000e+00
S 1  1
1.330318301100e+01  1.000000000000e+00
S 1  1
7.477261432400e+00  1.000000000000e+00
S 1  1
4.070137551600e+00  1.000000000000e+00
S 1  1
1.945362587100e+00  1.000000000000e+00
S 1  1
1.078715991200e+00  1.000000000000e+00
S 1  1
7.121961942200e-01  1.000000000000e+00
S 1  1
3.324267481600e-01  1.000000000000e+00
S 1  1
1.953303952200e-01  1.000000000000e+00
P 1  1
2.050340216700e+02  1.000000000000e+00
P 1  1
9.473459689900e+01  1.000000000000e+00
P 1  1
1.560621795700e+01  1.000000000000e+00
P 1  1
6.613285705300e+00  1.000000000000e+00
P 1  1
3.136918405900e+00  1.000000000000e+00
P 1  1
1.748211729700e+00  1.000000000000e+00
P 1  1
1.030402454300e+00  1.000000000000e+00
P 1  1
5.628134210000e-01  1.000000000000e+00
P 1  1
3.278939603900e-01  1.000000000000e+00
D 1  1
6.298770793000e+01  1.000000000000e+00
D 1  1
1.965955962400e+01  1.000000000000e+00
D 1  1
8.429288007200e+00  1.000000000000e+00
D 1  1
4.269817398100e+00  1.000000000000e+00
D 1  1
1.877260892000e+00  1.000000000000e+00
D 1  1
1.119533434200e+00  1.000000000000e+00
D 1  1
5.426949850000e-01  1.000000000000e+00
D 1  1
2.678349458600e-01  1.000000000000e+00
F 1  1
1.516930093600e+01  1.000000000000e+00
F 1  1
5.964324446000e+00  1.000000000000e+00
F 1  1
2.787449878800e+00  1.000000000000e+00
F 1  1
1.688778880600e+00  1.000000000000e+00
F 1  1
9.477613527000e-01  1.000000000000e+00
F 1  1
4.365387639600e-01  1.000000000000e+00
G 1  1
4.242416867900e+00  1.000000000000e+00
G 1  1
1.500928242400e+00  1.000000000000e+00
G 1  1
7.225539076800e-01  1.000000000000e+00
H 1  1
1.242255415900e+00  1.000000000000e+00
@END

@ATOMBASIS AR
S 1  1
4.549453689600e+02  1.000000000000e+00
S 1  1
1.436219395400e+02  1.000000000000e+00
S 1  1
4.648761990500e+01  1.000000000000e+00
S 1  1
1.370439436100e+01  1.000000000000e+00
S 1  1
7.614589891400e+00  1.000000000000e+00
S 1  1
4.083329483100e+00  1.000000000000e+00
S 1  1
1.943322990600e+00  1.000000000000e+00
S 1  1
1.076139063800e+00  1.000000000000e+00
S 1  1
7.107231017000e-01  1.000000000000e+00
S 1  1
3.335601340400e-01  1.000000000000e+00
S 1  1
1.966842583200e-01  1.000000000000e+00
P 1  1
2.053821072600e+02  1.000000000000e+00
P 1  1
9.661785330800e+01  1.000000000000e+00
P 1  1
1.715904464600e+01  1.000000000000e+00
P 1  1
8.996148529300e+00  1.000000000000e+00
P 1  1
3.648907103600e+00  1.000000000000e+00
P 1  1
2.029917102000e+00  1.000000000000e+00
P 1  1
1.128479780300e+00  1.000000000000e+00
P 1  1
6.745388701200e-01  1.000000000000e+00
P 1  1
3.974911567900e-01  1.000000000000e+00
D 1  1
5.619060470100e+01  1.000000000000e+00
D 1  1
1.941475089300e+01  1.000000000000e+00
D 1  1
1.023553102700e+01  1.000000000000e+00
D 1  1
5.254922760200e+00  1.000000000000e+00
D 1  1
2.115196086300e+00  1.000000000000e+00
D 1  1
1.307946952500e+00  1.000000000000e+00
D 1  1
6.677781906800e-01  1.000000000000e+00
D 1  1
3.001079081400e-01  1.000000000000e+00
F 1  1
1.830065791400e+01  1.000000000000e+00
F 1  1
7.961573027300e+00  1.000000000000e+00
F 1  1
3.554508376800e+00  1.000000000000e+00
F 1  1
1.929374897400e+00  1.000000000000e+00
F 1  1
1.120240556600e+00  1.000000000000e+00
F 1  1
5.497893118600e-01  1.000000000000e+00
G 1  1
5.196767526300e+00  1.000000000000e+00
G 1  1
1.851292115800e+00  1.000000000000e+00
G 1  1
9.114469089500e-01  1.000000000000e+00
H 1  1
1.514355101400e+00  1.000000000000e+00
@END

@ATOMBASIS SC
S 1  1
2.156790000000e+02  1.000000000000e+00
S 1  1
1.266830000000e+02  1.000000000000e+00
S 1  1
5.217950000000e+01  1.000000000000e+00
S 1  1
2.064490000000e+01  1.000000000000e+00
S 1  1
8.295240000000e+00  1.000000000000e+00
S 1  1
3.498870000000e+00  1.000000000000e+00
S 1  1
1.898660000000e+00  1.000000000000e+00
S 1  1
1.227160000000e+00  1.000000000000e+00
S 1  1
7.584390000000e-01  1.000000000000e+00
S 1  1
4.723890000000e-01  1.000000000000e+00
S 1  1
1.692090000000e-01  1.000000000000e+00
S 1  1
9.090700000000e-02  1.000000000000e+00
S 1  1
5.096700000000e-02  1.000000000000e+00
P 1  1
1.069170000000e+02  1.000000000000e+00
P 1  1
3.737160000000e+01  1.000000000000e+00
P 1  1
1.810650000000e+01  1.000000000000e+00
P 1  1
7.913300000000e+00  1.000000000000e+00
P 1  1
3.242840000000e+00  1.000000000000e+00
P 1  1
1.672690000000e+00  1.000000000000e+00
P 1  1
8.150120000000e-01  1.000000000000e+00
P 1  1
6.079970000000e-01  1.000000000000e+00
P 1  1
4.283020000000e-01  1.000000000000e+00
P 1  1
1.788320000000e-01  1.000000000000e+00
P 1  1
1.023810000000e-01  1.000000000000e+00
P 1  1
5.268200000000e-02  1.000000000000e+00
D 1  1
2.746210000000e+01  1.000000000000e+00
D 1  1
8.602490000000e+00  1.000000000000e+00
D 1  1
5.372230000000e+00  1.000000000000e+00
D 1  1
2.579290000000e+00  1.000000000000e+00
D 1  1
1.499240000000e+00  1.000000000000e+00
D 1  1
7.743910000000e-01  1.000000000000e+00
D 1  1
3.675720000000e-01  1.000000000000e+00
D 1  1
1.859760000000e-01  1.000000000000e+00
D 1  1
1.049200000000e-01  1.000000000000e+00
D 1  1
5.272900000000e-02  1.000000000000e+00
F 1  1
1.836450000000e+01  1.000000000000e+00
F 1  1
7.449800000000e+00  1.000000000000e+00
F 1  1
2.864960000000e+00  1.000000000000e+00
F 1  1
1.709660000000e+00  1.000000000000e+00
F 1  1
8.508920000000e-01  1.000000000000e+00
F 1  1
5.235400000000e-01  1.000000000000e+00
F 1  1
2.536730000000e-01  1.000000000000e+00
F 1  1
1.508660000000e-01  1.000000000000e+00
F 1  1
7.269100000000e-02  1.000000000000e+00
G 1  1
1.186690000000e+01  1.000000000000e+00
G 1  1
4.183210000000e+00  1.000000000000e+00
G 1  1
1.749910000000e+00  1.000000000000e+00
G 1  1
1.013490000000e+00  1.000000000000e+00
G 1  1
3.030700000000e-01  1.000000000000e+00
G 1  1
1.762710000000e-01  1.000000000000e+00
G 1  1
8.742200000000e-02  1.000000000000e+00
H 1  1
4.897530000000e+00  1.000000000000e+00
H 1  1
2.232510000000e+00  1.000000000000e+00
H 1  1
9.895890000000e-01  1.000000000000e+00
H 1  1
5.648920000000e-01  1.000000000000e+00
H 1  1
2.532280000000e-01  1.000000000000e+00
I 1  1
4.066410000000e+00  1.000000000000e+00
I 1  1
1.703790000000e+00  1.000000000000e+00
I 1  1
9.028570000000e-01  1.000000000000e+00
I 1  1
4.455150000000e-01  1.000000000000e+00
K 1  1
1.880730000000e+00  1.000000000000e+00
K 1  1
7.995290000000e-01  1.000000000000e+00
@END

@ATOMBASIS TI
S 1  1
2.333170000000e+02  1.000000000000e+00
S 1  1
1.425390000000e+02  1.000000000000e+00
S 1  1
6.123130000000e+01  1.000000000000e+00
S 1  1
2.476380000000e+01  1.000000000000e+00
S 1  1
9.474400000000e+00  1.000000000000e+00
S 1  1
3.621280000000e+00  1.000000000000e+00
S 1  1
1.913220000000e+00  1.000000000000e+00
S 1  1
1.230500000000e+00  1.000000000000e+00
S 1  1
7.594350000000e-01  1.000000000000e+00
S 1  1
4.941400000000e-01  1.000000000000e+00
S 1  1
2.120330000000e-01  1.000000000000e+00
S 1  1
1.114080000000e-01  1.000000000000e+00
S 1  1
5.467200000000e-02  1.000000000000e+00
P 1  1
1.125550000000e+02  1.000000000000e+00
P 1  1
4.027670000000e+01  1.000000000000e+00
P 1  1
1.945930000000e+01  1.000000000000e+00
P 1  1
8.768470000000e+00  1.000000000000e+00
P 1  1
4.247070000000e+00  1.000000000000e+00
P 1  1
1.978940000000e+00  1.000000000000e+00
P 1  1
8.349170000000e-01  1.000000000000e+00
P 1  1
6.422020000000e-01  1.000000000000e+00
P 1  1
4.705880000000e-01  1.000000000000e+00
P 1  1
2.135510000000e-01  1.000000000000e+00
P 1  1
1.166570000000e-01  1.000000000000e+00
P 1  1
5.600400000000e-02  1.000000000000e+00
D 1  1
3.266150000000e+01  1.000000000000e+00
D 1  1
1.523740000000e+01  1.000000000000e+00
D 1  1
7.423900000000e+00  1.000000000000e+00
D 1  1
3.422610000000e+00  1.000000000000e+00
D 1  1
1.620360000000e+00  1.000000000000e+00
D 1  1
8.022810000000e-01  1.000000000000e+00
D 1  1
4.245090000000e-01  1.000000000000e+00
D 1  1
1.993150000000e-01  1.000000000000e+00
D 1  1
1.314080000000e-01  1.000000000000e+00
D 1  1
6.218100000000e-02  1.000000000000e+00
F 1  1
2.054650000000e+01  1.000000000000e+00
F 1  1
8.023520000000e+00  1.000000000000e+00
F 1  1
3.205000000000e+00  1.000000000000e+00
F 1  1
1.781880000000e+00  1.000000000000e+00
F 1  1
9.793350000000e-01  1.000000000000e+00
F 1  1
6.264680000000e-01  1.000000000000e+00
F 1  1
2.745170000000e-01  1.000000000000e+00
F 1  1
1.600850000000e-01  1.000000000000e+00
F 1  1
8.425000000000e-02  1.000000000000e+00
G 1  1
1.287870000000e+01  1.000000000000e+00
G 1  1
4.665290000000e+00  1.000000000000e+00
G 1  1
1.956080000000e+00  1.000000000000e+00
G 1  1
8.952370000000e-01  1.000000000000e+00
G 1  1
4.687060000000e-01  1.000000000000e+00
G 1  1
1.982770000000e-01  1.000000000000e+00
G 1  1
9.730300000000e-02  1.000000000000e+00
H 1  1
5.518430000000e+00  1.000000000000e+00
H 1  1
2.945910000000e+00  1.000000000000e+00
H 1  1
1.393680000000e+00  1.000000000000e+00
H 1  1
8.961590000000e-01  1.000000000000e+00
H 1  1
3.410490000000e-01  1.000000000000e+00
I 1  1
4.234220000000e+00  1.000000000000e+00
I 1  1
2.218580000000e+00  1.000000000000e+00
I 1  1
1.247140000000e+00  1.000000000000e+00
I 1  1
6.153230000000e-01  1.000000000000e+00
K 1  1
2.494110000000e+00  1.000000000000e+00
K 1  1
1.242650000000e+00  1.000000000000e+00
@END

@ATOMBASIS V
S 1  1
2.869330000000e+02  1.000000000000e+00
S 1  1
1.577470000000e+02  1.000000000000e+00
S 1  1
6.915820000000e+01  1.000000000000e+00
S 1  1
2.853220000000e+01  1.000000000000e+00
S 1  1
1.121220000000e+01  1.000000000000e+00
S 1  1
6.192100000000e+00  1.000000000000e+00
S 1  1
3.243350000000e+00  1.000000000000e+00
S 1  1
1.884260000000e+00  1.000000000000e+00
S 1  1
9.050660000000e-01  1.000000000000e+00
S 1  1
5.435840000000e-01  1.000000000000e+00
S 1  1
2.235610000000e-01  1.000000000000e+00
S 1  1
8.909800000000e-02  1.000000000000e+00
S 1  1
6.426700000000e-02  1.000000000000e+00
P 1  1
1.242770000000e+02  1.000000000000e+00
P 1  1
5.233160000000e+01  1.000000000000e+00
P 1  1
2.175220000000e+01  1.000000000000e+00
P 1  1
9.833070000000e+00  1.000000000000e+00
P 1  1
5.295290000000e+00  1.000000000000e+00
P 1  1
2.570390000000e+00  1.000000000000e+00
P 1  1
1.017060000000e+00  1.000000000000e+00
P 1  1
7.864650000000e-01  1.000000000000e+00
P 1  1
5.750130000000e-01  1.000000000000e+00
P 1  1
2.175350000000e-01  1.000000000000e+00
P 1  1
1.171890000000e-01  1.000000000000e+00
P 1  1
6.260400000000e-02  1.000000000000e+00
D 1  1
5.027110000000e+01  1.000000000000e+00
D 1  1
1.677600000000e+01  1.000000000000e+00
D 1  1
8.179150000000e+00  1.000000000000e+00
D 1  1
3.527300000000e+00  1.000000000000e+00
D 1  1
2.111150000000e+00  1.000000000000e+00
D 1  1
8.968620000000e-01  1.000000000000e+00
D 1  1
6.762530000000e-01  1.000000000000e+00
D 1  1
3.021950000000e-01  1.000000000000e+00
D 1  1
1.580750000000e-01  1.000000000000e+00
D 1  1
7.947600000000e-02  1.000000000000e+00
F 1  1
2.986870000000e+01  1.000000000000e+00
F 1  1
9.564470000000e+00  1.000000000000e+00
F 1  1
4.653890000000e+00  1.000000000000e+00
F 1  1
2.392310000000e+00  1.000000000000e+00
F 1  1
1.397010000000e+00  1.000000000000e+00
F 1  1
7.892970000000e-01  1.000000000000e+00
F 1  1
3.940030000000e-01  1.000000000000e+00
F 1  1
2.468090000000e-01  1.000000000000e+00
F 1  1
1.265300000000e-01  1.000000000000e+00
G 1  1
1.919130000000e+01  1.000000000000e+00
G 1  1
6.762440000000e+00  1.000000000000e+00
G 1  1
2.765180000000e+00  1.000000000000e+00
G 1  1
1.498100000000e+00  1.000000000000e+00
G 1  1
6.838040000000e-01  1.000000000000e+00
G 1  1
4.421030000000e-01  1.000000000000e+00
G 1  1
1.504660000000e-01  1.000000000000e+00
H 1  1
9.610750000000e+00  1.000000000000e+00
H 1  1
4.579770000000e+00  1.000000000000e+00
H 1  1
2.190890000000e+00  1.000000000000e+00
H 1  1
1.339580000000e+00  1.000000000000e+00
H 1  1
5.421980000000e-01  1.000000000000e+00
I 1  1
5.949320000000e+00  1.000000000000e+00
I 1  1
3.174030000000e+00  1.000000000000e+00
I 1  1
1.805350000000e+00  1.000000000000e+00
I 1  1
9.253370000000e-01  1.000000000000e+00
K 1  1
3.778320000000e+00  1.000000000000e+00
K 1  1
1.929760000000e+00  1.000000000000e+00
@END

@ATOMBASIS CR
S 1  1
3.288940000000e+02  1.000000000000e+00
S 1  1
1.657300000000e+02  1.000000000000e+00
S 1  1
7.515350000000e+01  1.000000000000e+00
S 1  1
3.153210000000e+01  1.000000000000e+00
S 1  1
1.318860000000e+01  1.000000000000e+00
S 1  1
7.068880000000e+00  1.000000000000e+00
S 1  1
3.759070000000e+00  1.000000000000e+00
S 1  1
1.965010000000e+00  1.000000000000e+00
S 1  1
8.985760000000e-01  1.000000000000e+00
S 1  1
5.210470000000e-01  1.000000000000e+00
S 1  1
2.175680000000e-01  1.000000000000e+00
S 1  1
8.621300000000e-02  1.000000000000e+00
S 1  1
6.491800000000e-02  1.000000000000e+00
P 1  1
1.393180000000e+02  1.000000000000e+00
P 1  1
5.843580000000e+01  1.000000000000e+00
P 1  1
2.588580000000e+01  1.000000000000e+00
P 1  1
1.177260000000e+01  1.000000000000e+00
P 1  1
6.554350000000e+00  1.000000000000e+00
P 1  1
3.338630000000e+00  1.000000000000e+00
P 1  1
1.119530000000e+00  1.000000000000e+00
P 1  1
7.623470000000e-01  1.000000000000e+00
P 1  1
5.542060000000e-01  1.000000000000e+00
P 1  1
2.794210000000e-01  1.000000000000e+00
P 1  1
1.220900000000e-01  1.000000000000e+00
P 1  1
6.692800000000e-02  1.000000000000e+00
D 1  1
8.629130000000e+01  1.000000000000e+00
D 1  1
1.843900000000e+01  1.000000000000e+00
D 1  1
9.140720000000e+00  1.000000000000e+00
D 1  1
3.615880000000e+00  1.000000000000e+00
D 1  1
2.492820000000e+00  1.000000000000e+00
D 1  1
9.828200000000e-01  1.000000000000e+00
D 1  1
7.225860000000e-01  1.000000000000e+00
D 1  1
3.443910000000e-01  1.000000000000e+00
D 1  1
1.665210000000e-01  1.000000000000e+00
D 1  1
8.510300000000e-02  1.000000000000e+00
F 1  1
4.157210000000e+01  1.000000000000e+00
F 1  1
1.171710000000e+01  1.000000000000e+00
F 1  1
5.642520000000e+00  1.000000000000e+00
F 1  1
2.521250000000e+00  1.000000000000e+00
F 1  1
1.610970000000e+00  1.000000000000e+00
F 1  1
7.366710000000e-01  1.000000000000e+00
F 1  1
4.469730000000e-01  1.000000000000e+00
F 1  1
2.815540000000e-01  1.000000000000e+00
F 1  1
1.473640000000e-01  1.000000000000e+00
G 1  1
2.591760000000e+01  1.000000000000e+00
G 1  1
8.505180000000e+00  1.000000000000e+00
G 1  1
3.387280000000e+00  1.000000000000e+00
G 1  1
1.609880000000e+00  1.000000000000e+00
G 1  1
8.051420000000e-01  1.000000000000e+00
G 1  1
3.466380000000e-01  1.000000000000e+00
G 1  1
1.604490000000e-01  1.000000000000e+00
H 1  1
1.444730000000e+01  1.000000000000e+00
H 1  1
6.112030000000e+00  1.000000000000e+00
H 1  1
2.507960000000e+00  1.000000000000e+00
H 1  1
1.547460000000e+00  1.000000000000e+00
H 1  1
6.052380000000e-01  1.000000000000e+00
I 1  1
7.258570000000e+00  1.000000000000e+00
I 1  1
3.794170000000e+00  1.000000000000e+00
I 1  1
1.894730000000e+00  1.000000000000e+00
I 1  1
1.024050000000e+00  1.000000000000e+00
K 1  1
4.440650000000e+00  1.000000000000e+00
K 1  1
2.338570000000e+00  1.000000000000e+00
@END

@ATOMBASIS MN
S 1  1
3.964500000000e+02  1.000000000000e+00
S 1  1
1.782130000000e+02  1.000000000000e+00
S 1  1
7.944730000000e+01  1.000000000000e+00
S 1  1
3.363020000000e+01  1.000000000000e+00
S 1  1
1.480970000000e+01  1.000000000000e+00
S 1  1
7.291180000000e+00  1.000000000000e+00
S 1  1
4.257870000000e+00  1.000000000000e+00
S 1  1
2.039290000000e+00  1.000000000000e+00
S 1  1
9.907890000000e-01  1.000000000000e+00
S 1  1
5.483150000000e-01  1.000000000000e+00
S 1  1
2.429700000000e-01  1.000000000000e+00
S 1  1
9.279300000000e-02  1.000000000000e+00
S 1  1
7.040300000000e-02  1.000000000000e+00
P 1  1
1.487080000000e+02  1.000000000000e+00
P 1  1
6.221120000000e+01  1.000000000000e+00
P 1  1
2.607010000000e+01  1.000000000000e+00
P 1  1
1.235470000000e+01  1.000000000000e+00
P 1  1
7.260520000000e+00  1.000000000000e+00
P 1  1
4.170810000000e+00  1.000000000000e+00
P 1  1
1.393210000000e+00  1.000000000000e+00
P 1  1
8.122440000000e-01  1.000000000000e+00
P 1  1
5.847270000000e-01  1.000000000000e+00
P 1  1
2.989110000000e-01  1.000000000000e+00
P 1  1
1.227890000000e-01  1.000000000000e+00
P 1  1
7.077400000000e-02  1.000000000000e+00
D 1  1
1.118230000000e+02  1.000000000000e+00
D 1  1
2.034360000000e+01  1.000000000000e+00
D 1  1
9.440240000000e+00  1.000000000000e+00
D 1  1
4.159130000000e+00  1.000000000000e+00
D 1  1
2.912080000000e+00  1.000000000000e+00
D 1  1
1.185380000000e+00  1.000000000000e+00
D 1  1
8.454790000000e-01  1.000000000000e+00
D 1  1
3.893500000000e-01  1.000000000000e+00
D 1  1
1.907820000000e-01  1.000000000000e+00
D 1  1
9.350000000000e-02  1.000000000000e+00
F 1  1
4.488670000000e+01  1.000000000000e+00
F 1  1
1.207520000000e+01  1.000000000000e+00
F 1  1
6.118810000000e+00  1.000000000000e+00
F 1  1
2.757550000000e+00  1.000000000000e+00
F 1  1
1.806850000000e+00  1.000000000000e+00
F 1  1
8.121220000000e-01  1.000000000000e+00
F 1  1
4.862330000000e-01  1.000000000000e+00
F 1  1
2.829960000000e-01  1.000000000000e+00
F 1  1
1.495920000000e-01  1.000000000000e+00
G 1  1
2.961870000000e+01  1.000000000000e+00
G 1  1
9.727410000000e+00  1.000000000000e+00
G 1  1
3.954910000000e+00  1.000000000000e+00
G 1  1
1.821660000000e+00  1.000000000000e+00
G 1  1
9.446910000000e-01  1.000000000000e+00
G 1  1
3.838840000000e-01  1.000000000000e+00
G 1  1
1.866240000000e-01  1.000000000000e+00
H 1  1
1.857110000000e+01  1.000000000000e+00
H 1  1
7.378560000000e+00  1.000000000000e+00
H 1  1
2.977210000000e+00  1.000000000000e+00
H 1  1
1.853300000000e+00  1.000000000000e+00
H 1  1
7.278420000000e-01  1.000000000000e+00
I 1  1
8.121560000000e+00  1.000000000000e+00
I 1  1
4.416880000000e+00  1.000000000000e+00
I 1  1
1.861060000000e+00  1.000000000000e+00
I 1  1
1.111120000000e+00  1.000000000000e+00
K 1  1
5.399260000000e+00  1.000000000000e+00
K 1  1
2.807860000000e+00  1.000000000000e+00
@END

@ATOMBASIS FE
S 1  1
4.238440000000e+02  1.000000000000e+00
S 1  1
1.866100000000e+02  1.000000000000e+00
S 1  1
8.237590000000e+01  1.000000000000e+00
S 1  1
3.512980000000e+01  1.000000000000e+00
S 1  1
1.523030000000e+01  1.000000000000e+00
S 1  1
8.109320000000e+00  1.000000000000e+00
S 1  1
4.479840000000e+00  1.000000000000e+00
S 1  1
2.232450000000e+00  1.000000000000e+00
S 1  1
1.109130000000e+00  1.000000000000e+00
S 1  1
6.916570000000e-01  1.000000000000e+00
S 1  1
2.634300000000e-01  1.000000000000e+00
S 1  1
1.044300000000e-01  1.000000000000e+00
S 1  1
7.276400000000e-02  1.000000000000e+00
P 1  1
1.551060000000e+02  1.000000000000e+00
P 1  1
6.930540000000e+01  1.000000000000e+00
P 1  1
2.818610000000e+01  1.000000000000e+00
P 1  1
1.341050000000e+01  1.000000000000e+00
P 1  1
8.552480000000e+00  1.000000000000e+00
P 1  1
4.820250000000e+00  1.000000000000e+00
P 1  1
1.623550000000e+00  1.000000000000e+00
P 1  1
9.495730000000e-01  1.000000000000e+00
P 1  1
6.425840000000e-01  1.000000000000e+00
P 1  1
3.147260000000e-01  1.000000000000e+00
P 1  1
1.303630000000e-01  1.000000000000e+00
P 1  1
7.601200000000e-02  1.000000000000e+00
D 1  1
1.327750000000e+02  1.000000000000e+00
D 1  1
2.300750000000e+01  1.000000000000e+00
D 1  1
9.790150000000e+00  1.000000000000e+00
D 1  1
4.415340000000e+00  1.000000000000e+00
D 1  1
3.140070000000e+00  1.000000000000e+00
D 1  1
1.311000000000e+00  1.000000000000e+00
D 1  1
8.772670000000e-01  1.000000000000e+00
D 1  1
4.141220000000e-01  1.000000000000e+00
D 1  1
2.107230000000e-01  1.000000000000e+00
D 1  1
1.014780000000e-01  1.000000000000e+00
F 1  1
4.683430000000e+01  1.000000000000e+00
F 1  1
1.199760000000e+01  1.000000000000e+00
F 1  1
6.654970000000e+00  1.000000000000e+00
F 1  1
2.973830000000e+00  1.000000000000e+00
F 1  1
1.917870000000e+00  1.000000000000e+00
F 1  1
9.105230000000e-01  1.000000000000e+00
F 1  1
5.837290000000e-01  1.000000000000e+00
F 1  1
3.297620000000e-01  1.000000000000e+00
F 1  1
1.615100000000e-01  1.000000000000e+00
G 1  1
3.077280000000e+01  1.000000000000e+00
G 1  1
1.077820000000e+01  1.000000000000e+00
G 1  1
4.651210000000e+00  1.000000000000e+00
G 1  1
2.111530000000e+00  1.000000000000e+00
G 1  1
1.131450000000e+00  1.000000000000e+00
G 1  1
4.477460000000e-01  1.000000000000e+00
G 1  1
2.090830000000e-01  1.000000000000e+00
H 1  1
1.995670000000e+01  1.000000000000e+00
H 1  1
8.296630000000e+00  1.000000000000e+00
H 1  1
3.308860000000e+00  1.000000000000e+00
H 1  1
1.971830000000e+00  1.000000000000e+00
H 1  1
8.510110000000e-01  1.000000000000e+00
I 1  1
8.805840000000e+00  1.000000000000e+00
I 1  1
5.024560000000e+00  1.000000000000e+00
I 1  1
2.069900000000e+00  1.000000000000e+00
I 1  1
1.186060000000e+00  1.000000000000e+00
K 1  1
6.753170000000e+00  1.000000000000e+00
K 1  1
3.381380000000e+00  1.000000000000e+00
@END

@ATOMBASIS CO
S 1  1
4.472700000000e+02  1.000000000000e+00
S 1  1
2.024970000000e+02  1.000000000000e+00
S 1  1
8.967110000000e+01  1.000000000000e+00
S 1  1
4.026740000000e+01  1.000000000000e+00
S 1  1
1.643370000000e+01  1.000000000000e+00
S 1  1
8.713300000000e+00  1.000000000000e+00
S 1  1
4.878250000000e+00  1.000000000000e+00
S 1  1
2.630040000000e+00  1.000000000000e+00
S 1  1
1.146480000000e+00  1.000000000000e+00
S 1  1
6.941590000000e-01  1.000000000000e+00
S 1  1
2.729720000000e-01  1.000000000000e+00
S 1  1
1.133450000000e-01  1.000000000000e+00
S 1  1
6.866600000000e-02  1.000000000000e+00
P 1  1
1.672990000000e+02  1.000000000000e+00
P 1  1
7.703680000000e+01  1.000000000000e+00
P 1  1
3.111510000000e+01  1.000000000000e+00
P 1  1
1.484110000000e+01  1.000000000000e+00
P 1  1
9.209360000000e+00  1.000000000000e+00
P 1  1
5.387920000000e+00  1.000000000000e+00
P 1  1
1.804780000000e+00  1.000000000000e+00
P 1  1
1.065970000000e+00  1.000000000000e+00
P 1  1
6.649480000000e-01  1.000000000000e+00
P 1  1
3.302710000000e-01  1.000000000000e+00
P 1  1
1.375200000000e-01  1.000000000000e+00
P 1  1
7.910000000000e-02  1.000000000000e+00
D 1  1
1.380450000000e+02  1.000000000000e+00
D 1  1
2.602410000000e+01  1.000000000000e+00
D 1  1
1.033360000000e+01  1.000000000000e+00
D 1  1
4.829250000000e+00  1.000000000000e+00
D 1  1
3.268660000000e+00  1.000000000000e+00
D 1  1
1.432670000000e+00  1.000000000000e+00
D 1  1
7.668870000000e-01  1.000000000000e+00
D 1  1
4.106890000000e-01  1.000000000000e+00
D 1  1
2.276390000000e-01  1.000000000000e+00
D 1  1
1.087070000000e-01  1.000000000000e+00
F 1  1
5.117310000000e+01  1.000000000000e+00
F 1  1
1.347320000000e+01  1.000000000000e+00
F 1  1
7.988750000000e+00  1.000000000000e+00
F 1  1
3.574160000000e+00  1.000000000000e+00
F 1  1
2.400590000000e+00  1.000000000000e+00
F 1  1
1.019770000000e+00  1.000000000000e+00
F 1  1
6.295740000000e-01  1.000000000000e+00
F 1  1
2.740730000000e-01  1.000000000000e+00
F 1  1
1.520760000000e-01  1.000000000000e+00
G 1  1
3.336250000000e+01  1.000000000000e+00
G 1  1
1.191460000000e+01  1.000000000000e+00
G 1  1
5.293520000000e+00  1.000000000000e+00
G 1  1
2.333110000000e+00  1.000000000000e+00
G 1  1
1.272890000000e+00  1.000000000000e+00
G 1  1
4.888900000000e-01  1.000000000000e+00
G 1  1
2.169050000000e-01  1.000000000000e+00
H 1  1
2.112530000000e+01  1.000000000000e+00
H 1  1
9.426830000000e+00  1.000000000000e+00
H 1  1
3.750760000000e+00  1.000000000000e+00
H 1  1
2.201250000000e+00  1.000000000000e+00
H 1  1
9.779990000000e-01  1.000000000000e+00
I 1  1
9.293320000000e+00  1.000000000000e+00
I 1  1
5.258240000000e+00  1.000000000000e+00
I 1  1
2.533840000000e+00  1.000000000000e+00
I 1  1
1.586370000000e+00  1.000000000000e+00
K 1  1
7.362990000000e+00  1.000000000000e+00
K 1  1
3.869420000000e+00  1.000000000000e+00
@END

@ATOMBASIS NI
S 1  1
4.755460000000e+02  1.000000000000e+00
S 1  1
2.138270000000e+02  1.000000000000e+00
S 1  1
9.823170000000e+01  1.000000000000e+00
S 1  1
4.448740000000e+01  1.000000000000e+00
S 1  1
1.879650000000e+01  1.000000000000e+00
S 1  1
9.314240000000e+00  1.000000000000e+00
S 1  1
5.379310000000e+00  1.000000000000e+00
S 1  1
2.982760000000e+00  1.000000000000e+00
S 1  1
1.230940000000e+00  1.000000000000e+00
S 1  1
7.364370000000e-01  1.000000000000e+00
S 1  1
3.155310000000e-01  1.000000000000e+00
S 1  1
1.181720000000e-01  1.000000000000e+00
S 1  1
7.511300000000e-02  1.000000000000e+00
P 1  1
1.735680000000e+02  1.000000000000e+00
P 1  1
8.112790000000e+01  1.000000000000e+00
P 1  1
3.273580000000e+01  1.000000000000e+00
P 1  1
1.603680000000e+01  1.000000000000e+00
P 1  1
9.712220000000e+00  1.000000000000e+00
P 1  1
6.297370000000e+00  1.000000000000e+00
P 1  1
2.008600000000e+00  1.000000000000e+00
P 1  1
1.146760000000e+00  1.000000000000e+00
P 1  1
7.151250000000e-01  1.000000000000e+00
P 1  1
3.308180000000e-01  1.000000000000e+00
P 1  1
1.374560000000e-01  1.000000000000e+00
P 1  1
8.002700000000e-02  1.000000000000e+00
D 1  1
1.414450000000e+02  1.000000000000e+00
D 1  1
2.741290000000e+01  1.000000000000e+00
D 1  1
1.136690000000e+01  1.000000000000e+00
D 1  1
5.313220000000e+00  1.000000000000e+00
D 1  1
3.379980000000e+00  1.000000000000e+00
D 1  1
1.583070000000e+00  1.000000000000e+00
D 1  1
8.226000000000e-01  1.000000000000e+00
D 1  1
4.272240000000e-01  1.000000000000e+00
D 1  1
2.360220000000e-01  1.000000000000e+00
D 1  1
1.196960000000e-01  1.000000000000e+00
F 1  1
5.510770000000e+01  1.000000000000e+00
F 1  1
1.459720000000e+01  1.000000000000e+00
F 1  1
9.104310000000e+00  1.000000000000e+00
F 1  1
3.733690000000e+00  1.000000000000e+00
F 1  1
2.735420000000e+00  1.000000000000e+00
F 1  1
1.116840000000e+00  1.000000000000e+00
F 1  1
7.147430000000e-01  1.000000000000e+00
F 1  1
3.046700000000e-01  1.000000000000e+00
F 1  1
1.783140000000e-01  1.000000000000e+00
G 1  1
3.785860000000e+01  1.000000000000e+00
G 1  1
1.466500000000e+01  1.000000000000e+00
G 1  1
6.680580000000e+00  1.000000000000e+00
G 1  1
2.987160000000e+00  1.000000000000e+00
G 1  1
1.578930000000e+00  1.000000000000e+00
G 1  1
6.125280000000e-01  1.000000000000e+00
G 1  1
3.053170000000e-01  1.000000000000e+00
H 1  1
2.217520000000e+01  1.000000000000e+00
H 1  1
1.038310000000e+01  1.000000000000e+00
H 1  1
4.366080000000e+00  1.000000000000e+00
H 1  1
2.547070000000e+00  1.000000000000e+00
H 1  1
1.182270000000e+00  1.000000000000e+00
I 1  1
1.144710000000e+01  1.000000000000e+00
I 1  1
6.614250000000e+00  1.000000000000e+00
I 1  1
2.860160000000e+00  1.000000000000e+00
I 1  1
1.586650000000e+00  1.000000000000e+00
K 1  1
8.981420000000e+00  1.000000000000e+00
K 1  1
4.696430000000e+00  1.000000000000e+00
@END

@ATOMBASIS CU
S 1  1
4.925130000000e+02  1.000000000000e+00
S 1  1
2.214740000000e+02  1.000000000000e+00
S 1  1
1.056640000000e+02  1.000000000000e+00
S 1  1
4.956620000000e+01  1.000000000000e+00
S 1  1
2.169850000000e+01  1.000000000000e+00
S 1  1
1.011040000000e+01  1.000000000000e+00
S 1  1
5.561280000000e+00  1.000000000000e+00
S 1  1
3.093570000000e+00  1.000000000000e+00
S 1  1
1.295580000000e+00  1.000000000000e+00
S 1  1
7.874210000000e-01  1.000000000000e+00
S 1  1
3.451280000000e-01  1.000000000000e+00
S 1  1
1.238220000000e-01  1.000000000000e+00
S 1  1
8.378500000000e-02  1.000000000000e+00
P 1  1
1.874000000000e+02  1.000000000000e+00
P 1  1
8.622780000000e+01  1.000000000000e+00
P 1  1
3.496410000000e+01  1.000000000000e+00
P 1  1
1.814700000000e+01  1.000000000000e+00
P 1  1
1.009930000000e+01  1.000000000000e+00
P 1  1
6.630760000000e+00  1.000000000000e+00
P 1  1
2.279260000000e+00  1.000000000000e+00
P 1  1
1.235670000000e+00  1.000000000000e+00
P 1  1
7.469870000000e-01  1.000000000000e+00
P 1  1
3.606480000000e-01  1.000000000000e+00
P 1  1
1.597550000000e-01  1.000000000000e+00
P 1  1
8.046600000000e-02  1.000000000000e+00
D 1  1
1.535820000000e+02  1.000000000000e+00
D 1  1
2.957360000000e+01  1.000000000000e+00
D 1  1
1.293490000000e+01  1.000000000000e+00
D 1  1
6.046760000000e+00  1.000000000000e+00
D 1  1
3.658910000000e+00  1.000000000000e+00
D 1  1
1.743380000000e+00  1.000000000000e+00
D 1  1
9.554960000000e-01  1.000000000000e+00
D 1  1
4.988270000000e-01  1.000000000000e+00
D 1  1
2.429250000000e-01  1.000000000000e+00
D 1  1
1.292370000000e-01  1.000000000000e+00
F 1  1
5.954520000000e+01  1.000000000000e+00
F 1  1
1.679220000000e+01  1.000000000000e+00
F 1  1
9.852190000000e+00  1.000000000000e+00
F 1  1
4.077190000000e+00  1.000000000000e+00
F 1  1
2.826420000000e+00  1.000000000000e+00
F 1  1
1.174040000000e+00  1.000000000000e+00
F 1  1
7.635340000000e-01  1.000000000000e+00
F 1  1
3.364560000000e-01  1.000000000000e+00
F 1  1
2.034120000000e-01  1.000000000000e+00
G 1  1
4.060480000000e+01  1.000000000000e+00
G 1  1
1.584690000000e+01  1.000000000000e+00
G 1  1
7.442920000000e+00  1.000000000000e+00
G 1  1
3.305600000000e+00  1.000000000000e+00
G 1  1
1.808420000000e+00  1.000000000000e+00
G 1  1
6.968530000000e-01  1.000000000000e+00
G 1  1
3.264040000000e-01  1.000000000000e+00
H 1  1
2.247490000000e+01  1.000000000000e+00
H 1  1
1.124000000000e+01  1.000000000000e+00
H 1  1
4.775740000000e+00  1.000000000000e+00
H 1  1
2.667510000000e+00  1.000000000000e+00
H 1  1
1.285410000000e+00  1.000000000000e+00
I 1  1
1.259640000000e+01  1.000000000000e+00
I 1  1
7.232390000000e+00  1.000000000000e+00
I 1  1
3.429970000000e+00  1.000000000000e+00
I 1  1
2.041380000000e+00  1.000000000000e+00
K 1  1
1.006050000000e+01  1.000000000000e+00
K 1  1
5.289150000000e+00  1.000000000000e+00
@END

@ATOMBASIS ZN
S 1  1
5.184800000000e+02  1.000000000000e+00
S 1  1
2.464610000000e+02  1.000000000000e+00
S 1  1
1.166600000000e+02  1.000000000000e+00
S 1  1
5.455980000000e+01  1.000000000000e+00
S 1  1
2.473420000000e+01  1.000000000000e+00
S 1  1
1.212990000000e+01  1.000000000000e+00
S 1  1
5.808810000000e+00  1.000000000000e+00
S 1  1
3.217860000000e+00  1.000000000000e+00
S 1  1
1.406870000000e+00  1.000000000000e+00
S 1  1
9.008710000000e-01  1.000000000000e+00
S 1  1
3.922820000000e-01  1.000000000000e+00
S 1  1
1.318930000000e-01  1.000000000000e+00
S 1  1
9.425200000000e-02  1.000000000000e+00
P 1  1
2.053700000000e+02  1.000000000000e+00
P 1  1
9.289680000000e+01  1.000000000000e+00
P 1  1
3.628180000000e+01  1.000000000000e+00
P 1  1
1.992790000000e+01  1.000000000000e+00
P 1  1
1.199660000000e+01  1.000000000000e+00
P 1  1
7.469400000000e+00  1.000000000000e+00
P 1  1
2.537030000000e+00  1.000000000000e+00
P 1  1
1.450630000000e+00  1.000000000000e+00
P 1  1
9.225910000000e-01  1.000000000000e+00
P 1  1
3.968230000000e-01  1.000000000000e+00
P 1  1
1.775290000000e-01  1.000000000000e+00
P 1  1
8.928600000000e-02  1.000000000000e+00
D 1  1
1.639130000000e+02  1.000000000000e+00
D 1  1
3.261760000000e+01  1.000000000000e+00
D 1  1
1.389330000000e+01  1.000000000000e+00
D 1  1
6.495620000000e+00  1.000000000000e+00
D 1  1
3.855580000000e+00  1.000000000000e+00
D 1  1
1.977040000000e+00  1.000000000000e+00
D 1  1
9.867360000000e-01  1.000000000000e+00
D 1  1
5.116610000000e-01  1.000000000000e+00
D 1  1
2.458970000000e-01  1.000000000000e+00
D 1  1
1.324020000000e-01  1.000000000000e+00
F 1  1
6.709930000000e+01  1.000000000000e+00
F 1  1
1.797690000000e+01  1.000000000000e+00
F 1  1
1.097880000000e+01  1.000000000000e+00
F 1  1
4.243230000000e+00  1.000000000000e+00
F 1  1
2.988500000000e+00  1.000000000000e+00
F 1  1
1.309250000000e+00  1.000000000000e+00
F 1  1
8.353810000000e-01  1.000000000000e+00
F 1  1
3.551460000000e-01  1.000000000000e+00
F 1  1
2.205440000000e-01  1.000000000000e+00
G 1  1
4.335170000000e+01  1.000000000000e+00
G 1  1
1.700200000000e+01  1.000000000000e+00
G 1  1
8.158500000000e+00  1.000000000000e+00
G 1  1
3.828930000000e+00  1.000000000000e+00
G 1  1
2.164750000000e+00  1.000000000000e+00
G 1  1
9.123600000000e-01  1.000000000000e+00
G 1  1
4.617570000000e-01  1.000000000000e+00
H 1  1
2.432300000000e+01  1.000000000000e+00
H 1  1
1.247250000000e+01  1.000000000000e+00
H 1  1
5.621910000000e+00  1.000000000000e+00
H 1  1
3.274090000000e+00  1.000000000000e+00
H 1  1
1.552830000000e+00  1.000000000000e+00
I 1  1
1.581820000000e+01  1.000000000000e+00
I 1  1
9.062170000000e+00  1.000000000000e+00
I 1  1
3.894450000000e+00  1.000000000000e+00
I 1  1
2.214780000000e+00  1.000000000000e+00
K 1  1
1.102220000000e+01  1.000000000000e+00
K 1  1
6.070030000000e+00  1.000000000000e+00
@END

@ATOMBASIS GA
S 1  1
4.595492300000e-01  1.000000000000e+00
S 1  1
2.526054200000e-01  1.000000000000e+00
S 1  1
1.075989600000e-01  1.000000000000e+00
S 1  1
5.714478000000e-02  1.000000000000e+00
S 1  1
5.505555928000e+01  1.000000000000e+00
S 1  1
3.169163283000e+01  1.000000000000e+00
S 1  1
1.455523453000e+01  1.000000000000e+00
S 1  1
5.630262680000e+00  1.000000000000e+00
S 1  1
3.578067080000e+00  1.000000000000e+00
S 1  1
1.599050870000e+00  1.000000000000e+00
S 1  1
7.836582000000e-01  1.000000000000e+00
P 1  1
4.549550651000e+01  1.000000000000e+00
P 1  1
2.330807501000e+01  1.000000000000e+00
P 1  1
3.645579990000e+00  1.000000000000e+00
P 1  1
1.825319140000e+00  1.000000000000e+00
P 1  1
1.033678780000e+00  1.000000000000e+00
P 1  1
4.684718700000e-01  1.000000000000e+00
P 1  1
2.518740400000e-01  1.000000000000e+00
P 1  1
1.366339500000e-01  1.000000000000e+00
P 1  1
7.514581000000e-02  1.000000000000e+00
P 1  1
6.040595010000e+00  1.000000000000e+00
D 1  1
1.046560389900e+02  1.000000000000e+00
D 1  1
2.681065455000e+01  1.000000000000e+00
D 1  1
9.014332780000e+00  1.000000000000e+00
D 1  1
3.298785860000e+00  1.000000000000e+00
D 1  1
2.196702170000e+00  1.000000000000e+00
D 1  1
6.842971600000e-01  1.000000000000e+00
D 1  1
4.380778900000e-01  1.000000000000e+00
D 1  1
2.589376200000e-01  1.000000000000e+00
D 1  1
1.578203200000e-01  1.000000000000e+00
F 1  1
6.421094600000e-01  1.000000000000e+00
F 1  1
3.262796000000e-01  1.000000000000e+00
F 1  1
1.593139300000e-01  1.000000000000e+00
F 1  1
6.820067722000e+01  1.000000000000e+00
F 1  1
1.039801461000e+01  1.000000000000e+00
F 1  1
4.538184220000e+00  1.000000000000e+00
F 1  1
1.708866960000e+00  1.000000000000e+00
G 1  1
2.072775972000e+01  1.000000000000e+00
G 1  1
7.005880110000e+00  1.000000000000e+00
G 1  1
1.612877570000e+00  1.000000000000e+00
G 1  1
5.979678700000e-01  1.000000000000e+00
G 1  1
3.011438000000e-01  1.000000000000e+00
H 1  1
3.028116620000e+00  1.000000000000e+00
H 1  1
1.201341370000e+00  1.000000000000e+00
H 1  1
5.163121500000e-01  1.000000000000e+00
I 1  1
1.173366880000e+00  1.000000000000e+00
@END

@ATOMBASIS GE
S 1  1
6.983458100000e-01  1.000000000000e+00
S 1  1
3.025268200000e-01  1.000000000000e+00
S 1  1
2.021131800000e-01  1.000000000000e+00
S 1  1
8.884205000000e-02  1.000000000000e+00
S 1  1
4.978025461000e+01  1.000000000000e+00
S 1  1
3.318683641000e+01  1.000000000000e+00
S 1  1
1.494999173000e+01  1.000000000000e+00
S 1  1
7.668508650000e+00  1.000000000000e+00
S 1  1
3.955396780000e+00  1.000000000000e+00
S 1  1
2.412479030000e+00  1.000000000000e+00
S 1  1
1.050940090000e+00  1.000000000000e+00
P 1  1
4.692473057000e+01  1.000000000000e+00
P 1  1
2.650034092000e+01  1.000000000000e+00
P 1  1
3.645836920000e+00  1.000000000000e+00
P 1  1
1.972883560000e+00  1.000000000000e+00
P 1  1
1.130862360000e+00  1.000000000000e+00
P 1  1
5.779520900000e-01  1.000000000000e+00
P 1  1
3.104865400000e-01  1.000000000000e+00
P 1  1
1.465403100000e-01  1.000000000000e+00
P 1  1
7.720956000000e-02  1.000000000000e+00
P 1  1
6.764924320000e+00  1.000000000000e+00
D 1  1
1.168633041100e+02  1.000000000000e+00
D 1  1
2.900225331000e+01  1.000000000000e+00
D 1  1
9.939966230000e+00  1.000000000000e+00
D 1  1
3.863781060000e+00  1.000000000000e+00
D 1  1
2.458868610000e+00  1.000000000000e+00
D 1  1
8.672578800000e-01  1.000000000000e+00
D 1  1
5.483905000000e-01  1.000000000000e+00
D 1  1
2.740484900000e-01  1.000000000000e+00
D 1  1
1.334264400000e-01  1.000000000000e+00
F 1  1
7.611733900000e-01  1.000000000000e+00
F 1  1
4.340243700000e-01  1.000000000000e+00
F 1  1
2.057549500000e-01  1.000000000000e+00
F 1  1
7.448754205000e+01  1.000000000000e+00
F 1  1
1.145779296000e+01  1.000000000000e+00
F 1  1
6.302565130000e+00  1.000000000000e+00
F 1  1
1.856213780000e+00  1.000000000000e+00
G 1  1
2.361521876000e+01  1.000000000000e+00
G 1  1
8.172523100000e+00  1.000000000000e+00
G 1  1
1.983583550000e+00  1.000000000000e+00
G 1  1
7.257603900000e-01  1.000000000000e+00
G 1  1
3.670574100000e-01  1.000000000000e+00
H 1  1
3.830155150000e+00  1.000000000000e+00
H 1  1
1.514263660000e+00  1.000000000000e+00
H 1  1
6.181104400000e-01  1.000000000000e+00
I 1  1
1.427434290000e+00  1.000000000000e+00
@END

@ATOMBASIS AS
S 1  1
5.790600300000e-01  1.000000000000e+00
S 1  1
2.413554800000e-01  1.000000000000e+00
S 1  1
1.292908100000e-01  1.000000000000e+00
S 1  1
6.053492000000e-02  1.000000000000e+00
S 1  1
1.193272731100e+02  1.000000000000e+00
S 1  1
2.337868783000e+01  1.000000000000e+00
S 1  1
1.564504502000e+01  1.000000000000e+00
S 1  1
1.043003002000e+01  1.000000000000e+00
S 1  1
2.719474290000e+00  1.000000000000e+00
S 1  1
1.669450070000e+00  1.000000000000e+00
S 1  1
8.694235400000e-01  1.000000000000e+00
P 1  1
4.660798076000e+01  1.000000000000e+00
P 1  1
3.119247326000e+01  1.000000000000e+00
P 1  1
3.790504530000e+00  1.000000000000e+00
P 1  1
2.534754740000e+00  1.000000000000e+00
P 1  1
1.149217950000e+00  1.000000000000e+00
P 1  1
7.271315500000e-01  1.000000000000e+00
P 1  1
3.621274000000e-01  1.000000000000e+00
P 1  1
1.926175500000e-01  1.000000000000e+00
P 1  1
1.043039900000e-01  1.000000000000e+00
P 1  1
7.251439720000e+00  1.000000000000e+00
D 1  1
1.192138234200e+02  1.000000000000e+00
D 1  1
3.292617102000e+01  1.000000000000e+00
D 1  1
1.039447560000e+01  1.000000000000e+00
D 1  1
4.659092500000e+00  1.000000000000e+00
D 1  1
2.498681420000e+00  1.000000000000e+00
D 1  1
1.088968090000e+00  1.000000000000e+00
D 1  1
6.591546900000e-01  1.000000000000e+00
D 1  1
3.259548900000e-01  1.000000000000e+00
D 1  1
1.534706000000e-01  1.000000000000e+00
F 1  1
9.127837600000e-01  1.000000000000e+00
F 1  1
5.378068200000e-01  1.000000000000e+00
F 1  1
2.429558500000e-01  1.000000000000e+00
F 1  1
8.319947108000e+01  1.000000000000e+00
F 1  1
1.217578632000e+01  1.000000000000e+00
F 1  1
7.089471190000e+00  1.000000000000e+00
F 1  1
2.151125880000e+00  1.000000000000e+00
G 1  1
2.628737592000e+01  1.000000000000e+00
G 1  1
9.281628000000e+00  1.000000000000e+00
G 1  1
2.369831080000e+00  1.000000000000e+00
G 1  1
8.703470800000e-01  1.000000000000e+00
G 1  1
4.356438300000e-01  1.000000000000e+00
H 1  1
4.368476840000e+00  1.000000000000e+00
H 1  1
1.787302340000e+00  1.000000000000e+00
H 1  1
7.561584100000e-01  1.000000000000e+00
I 1  1
1.712477330000e+00  1.000000000000e+00
@END

@ATOMBASIS SE
S 1  1
5.202633560100e-01  1.000000000000e+00
S 1  1
2.942598099100e-01  1.000000000000e+00
S 1  1
1.264843757800e-01  1.000000000000e+00
S 1  1
8.250930327700e-02  1.000000000000e+00
S 1  1
8.291003268900e+01  1.000000000000e+00
S 1  1
2.555559040700e+01  1.000000000000e+00
S 1  1
1.703706027100e+01  1.000000000000e+00
S 1  1
1.139110776800e+01  1.000000000000e+00
S 1  1
3.405912743100e+00  1.000000000000e+00
S 1  1
1.620811293800e+00  1.000000000000e+00
S 1  1
9.970779025600e-01  1.000000000000e+00
P 1  1
5.059326893600e+01  1.000000000000e+00
P 1  1
3.372884595700e+01  1.000000000000e+00
P 1  1
4.044326010900e+00  1.000000000000e+00
P 1  1
2.486740616300e+00  1.000000000000e+00
P 1  1
1.104201508500e+00  1.000000000000e+00
P 1  1
7.361343393800e-01  1.000000000000e+00
P 1  1
4.644349601300e-01  1.000000000000e+00
P 1  1
2.180928448400e-01  1.000000000000e+00
P 1  1
1.065973664800e-01  1.000000000000e+00
P 1  1
7.613428741800e+00  1.000000000000e+00
D 1  1
1.401971555300e+02  1.000000000000e+00
D 1  1
3.567710856000e+01  1.000000000000e+00
D 1  1
1.103472744900e+01  1.000000000000e+00
D 1  1
4.552687583700e+00  1.000000000000e+00
D 1  1
2.754021551300e+00  1.000000000000e+00
D 1  1
1.149973565500e+00  1.000000000000e+00
D 1  1
7.211467787000e-01  1.000000000000e+00
D 1  1
3.456663844900e-01  1.000000000000e+00
D 1  1
1.710486349200e-01  1.000000000000e+00
F 1  1
9.811930479600e-01  1.000000000000e+00
F 1  1
6.200857024100e-01  1.000000000000e+00
F 1  1
2.875979026300e-01  1.000000000000e+00
F 1  1
1.005781836000e+02  1.000000000000e+00
F 1  1
1.183755941600e+01  1.000000000000e+00
F 1  1
3.502600830000e+00  1.000000000000e+00
F 1  1
2.335067220000e+00  1.000000000000e+00
G 1  1
2.867434639800e+01  1.000000000000e+00
G 1  1
1.033430163900e+01  1.000000000000e+00
G 1  1
2.729018368500e+00  1.000000000000e+00
G 1  1
9.810831162300e-01  1.000000000000e+00
G 1  1
4.873116042700e-01  1.000000000000e+00
H 1  1
4.702927979300e+00  1.000000000000e+00
H 1  1
1.973093099100e+00  1.000000000000e+00
H 1  1
8.117658693700e-01  1.000000000000e+00
I 1  1
1.903703397200e+00  1.000000000000e+00
@END

@ATOMBASIS BR
S 1  1
5.988164252300e-01  1.000000000000e+00
S 1  1
3.352277893400e-01  1.000000000000e+00
S 1  1
1.579787510000e-01  1.000000000000e+00
S 1  1
7.264497377300e-02  1.000000000000e+00
S 1  1
9.976727110900e+01  1.000000000000e+00
S 1  1
2.899927583600e+01  1.000000000000e+00
S 1  1
1.933285055700e+01  1.000000000000e+00
S 1  1
8.448492573100e+00  1.000000000000e+00
S 1  1
5.298329265400e+00  1.000000000000e+00
S 1  1
2.025624997100e+00  1.000000000000e+00
S 1  1
9.479121344100e-01  1.000000000000e+00
P 1  1
5.395833308300e+01  1.000000000000e+00
P 1  1
3.597222205500e+01  1.000000000000e+00
P 1  1
4.199310828400e+00  1.000000000000e+00
P 1  1
2.049385957800e+00  1.000000000000e+00
P 1  1
1.356452318900e+00  1.000000000000e+00
P 1  1
8.062848336100e-01  1.000000000000e+00
P 1  1
4.739662324400e-01  1.000000000000e+00
P 1  1
2.569589302900e-01  1.000000000000e+00
P 1  1
9.306256699400e-02  1.000000000000e+00
P 1  1
8.492002983900e+00  1.000000000000e+00
D 1  1
1.501869050900e+02  1.000000000000e+00
D 1  1
3.937868293600e+01  1.000000000000e+00
D 1  1
1.157711082500e+01  1.000000000000e+00
D 1  1
4.965534904800e+00  1.000000000000e+00
D 1  1
2.606797357000e+00  1.000000000000e+00
D 1  1
1.458092573800e+00  1.000000000000e+00
D 1  1
7.281232637600e-01  1.000000000000e+00
D 1  1
4.183547615800e-01  1.000000000000e+00
D 1  1
1.854598063300e-01  1.000000000000e+00
F 1  1
1.079214131200e+00  1.000000000000e+00
F 1  1
6.969288512400e-01  1.000000000000e+00
F 1  1
3.301026340500e-01  1.000000000000e+00
F 1  1
1.063821268600e+02  1.000000000000e+00
F 1  1
1.302956724300e+01  1.000000000000e+00
F 1  1
3.391818894472e+00  1.000000000000e+00
F 1  1
2.261212596315e+00  1.000000000000e+00
G 1  1
3.155564920200e+01  1.000000000000e+00
G 1  1
1.151325346300e+01  1.000000000000e+00
G 1  1
3.146029634400e+00  1.000000000000e+00
G 1  1
1.151479503000e+00  1.000000000000e+00
G 1  1
5.788426847300e-01  1.000000000000e+00
H 1  1
5.304271527900e+00  1.000000000000e+00
H 1  1
2.277116484700e+00  1.000000000000e+00
H 1  1
9.336587348500e-01  1.000000000000e+00
I 1  1
2.211445472500e+00  1.000000000000e+00
@END

@ATOMBASIS KR
S 1  1
6.804297679300e-01  1.000000000000e+00
S 1  1
3.603558637300e-01  1.000000000000e+00
S 1  1
1.612593844700e-01  1.000000000000e+00
S 1  1
7.300584940900e-02  1.000000000000e+00
S 1  1
1.013380335800e+02  1.000000000000e+00
S 1  1
3.046785152500e+01  1.000000000000e+00
S 1  1
2.096963477400e+01  1.000000000000e+00
S 1  1
9.465724463500e+00  1.000000000000e+00
S 1  1
5.828119927400e+00  1.000000000000e+00
S 1  1
2.217041736200e+00  1.000000000000e+00
S 1  1
1.092085572200e+00  1.000000000000e+00
P 1  1
5.666447835800e+01  1.000000000000e+00
P 1  1
3.842472143700e+01  1.000000000000e+00
P 1  1
4.537221957100e+00  1.000000000000e+00
P 1  1
2.165062311700e+00  1.000000000000e+00
P 1  1
1.407066615200e+00  1.000000000000e+00
P 1  1
8.200980556200e-01  1.000000000000e+00
P 1  1
4.808543802800e-01  1.000000000000e+00
P 1  1
2.620435356800e-01  1.000000000000e+00
P 1  1
9.329486741000e-02  1.000000000000e+00
P 1  1
9.420049323600e+00  1.000000000000e+00
D 1  1
1.571697173600e+02  1.000000000000e+00
D 1  1
4.300881340400e+01  1.000000000000e+00
D 1  1
1.224761121100e+01  1.000000000000e+00
D 1  1
4.989702853500e+00  1.000000000000e+00
D 1  1
2.593509741000e+00  1.000000000000e+00
D 1  1
1.466811041300e+00  1.000000000000e+00
D 1  1
9.021177999500e-01  1.000000000000e+00
D 1  1
4.458139797000e-01  1.000000000000e+00
D 1  1
1.907913918100e-01  1.000000000000e+00
F 1  1
1.097579720200e+00  1.000000000000e+00
F 1  1
7.448455364300e-01  1.000000000000e+00
F 1  1
3.648577972200e-01  1.000000000000e+00
F 1  1
1.100536543600e+02  1.000000000000e+00
F 1  1
1.426467705200e+01  1.000000000000e+00
F 1  1
3.362497912500e+00  1.000000000000e+00
F 1  1
2.212199216400e+00  1.000000000000e+00
G 1  1
3.270797947500e+01  1.000000000000e+00
G 1  1
1.184906878200e+01  1.000000000000e+00
G 1  1
3.652918176500e+00  1.000000000000e+00
G 1  1
1.340554968300e+00  1.000000000000e+00
G 1  1
6.909540251100e-01  1.000000000000e+00
H 1  1
5.352637458900e+00  1.000000000000e+00
H 1  1
2.289974361000e+00  1.000000000000e+00
H 1  1
1.064407171400e+00  1.000000000000e+00
I 1  1
2.604768580700e+00  1.000000000000e+00
@END
333804f7c3a56968ce8c63686475033b