@BASIS_SET CC-PVTZ-RIFIT  !CC-PVTZ-RIFIT

@ATOMBASIS H
S 1  1
8.512827591000e+00  1.000000000000e+00
S 1  1
1.873089116600e+00  1.000000000000e+00
S 1  1
5.261842694100e-01  1.000000000000e+00
S 1  1
2.897398993600e-01  1.000000000000e+00
P 1  1
2.372549163500e+00  1.000000000000e+00
P 1  1
1.180408446800e+00  1.000000000000e+00
P 1  1
6.038220424100e-01  1.000000000000e+00
D 1  1
1.809637318900e+00  1.000000000000e+00
D 1  1
1.143972605500e+00  1.000000000000e+00
F 1  1
1.806306057600e+00  1.000000000000e+00
@END

@ATOMBASIS HE
S 1  1
2.347678518000e+01  1.000000000000e+00
S 1  1
5.058369704800e+00  1.000000000000e+00
S 1  1
1.185425865600e+00  1.000000000000e+00
S 1  1
6.414253860700e-01  1.000000000000e+00
S 1  1
2.398074906300e-01  1.000000000000e+00
P 1  1
7.369432355100e+00  1.000000000000e+00
P 1  1
3.513828420600e+00  1.000000000000e+00
P 1  1
1.322397538500e+00  1.000000000000e+00
P 1  1
5.024979211800e-01  1.000000000000e+00
D 1  1
4.857289224200e+00  1.000000000000e+00
D 1  1
2.475791471500e+00  1.000000000000e+00
@END

@ATOMBASIS LI
S 1  1
9.802090000000e+01  1.000000000000e+00
S 1  1
2.049060000000e+01  1.000000000000e+00
S 1  1
6.230050000000e+00  1.000000000000e+00
S 1  1
1.979950000000e+00  1.000000000000e+00
S 1  1
8.124800000000e-01  1.000000000000e+00
S 1  1
3.028210000000e-01  1.000000000000e+00
S 1  1
1.328170000000e-01  1.000000000000e+00
S 1  1
6.871510000000e-02  1.000000000000e+00
P 1  1
9.981530000000e+00  1.000000000000e+00
P 1  1
2.742120000000e+00  1.000000000000e+00
P 1  1
9.951320000000e-01  1.000000000000e+00
P 1  1
4.554490000000e-01  1.000000000000e+00
P 1  1
1.906150000000e-01  1.000000000000e+00
P 1  1
8.592030000000e-02  1.000000000000e+00
D 1  1
3.908950000000e+00  1.000000000000e+00
D 1  1
9.503640000000e-01  1.000000000000e+00
D 1  1
2.737030000000e-01  1.000000000000e+00
D 1  1
1.488390000000e-01  1.000000000000e+00
D 1  1
7.464770000000e-02  1.000000000000e+00
F 1  1
9.794940000000e-01  1.000000000000e+00
F 1  1
3.621710000000e-01  1.000000000000e+00
F 1  1
1.825260000000e-01  1.000000000000e+00
G 1  1
3.000000000000e-01  1.000000000000e+00
@END

@ATOMBASIS BE
S 1  1
1.154100000000e+02  1.000000000000e+00
S 1  1
2.742010000000e+01  1.000000000000e+00
S 1  1
8.957890000000e+00  1.000000000000e+00
S 1  1
3.300360000000e+00  1.000000000000e+00
S 1  1
1.079390000000e+00  1.000000000000e+00
S 1  1
4.506450000000e-01  1.000000000000e+00
S 1  1
1.862930000000e-01  1.000000000000e+00
S 1  1
1.020490000000e-01  1.000000000000e+00
P 1  1
1.295850000000e+01  1.000000000000e+00
P 1  1
3.563240000000e+00  1.000000000000e+00
P 1  1
1.152630000000e+00  1.000000000000e+00
P 1  1
5.500860000000e-01  1.000000000000e+00
P 1  1
2.445000000000e-01  1.000000000000e+00
P 1  1
1.075620000000e-01  1.000000000000e+00
D 1  1
5.022910000000e+00  1.000000000000e+00
D 1  1
1.698000000000e+00  1.000000000000e+00
D 1  1
4.889120000000e-01  1.000000000000e+00
D 1  1
2.653570000000e-01  1.000000000000e+00
D 1  1
1.006980000000e-01  1.000000000000e+00
F 1  1
1.670530000000e+00  1.000000000000e+00
F 1  1
4.526960000000e-01  1.000000000000e+00
F 1  1
2.546720000000e-01  1.000000000000e+00
G 1  1
5.000000000000e-01  1.000000000000e+00
@END

@ATOMBASIS B
S 1  1
1.437660729200e+02  1.000000000000e+00
S 1  1
3.241535999400e+01  1.000000000000e+00
S 1  1
1.229969392500e+01  1.000000000000e+00
S 1  1
4.566409191700e+00  1.000000000000e+00
S 1  1
1.500975845500e+00  1.000000000000e+00
S 1  1
8.503669096800e-01  1.000000000000e+00
S 1  1
3.983896658000e-01  1.000000000000e+00
S 1  1
1.831322324200e-01  1.000000000000e+00
P 1  1
1.616563097400e+01  1.000000000000e+00
P 1  1
4.149989358600e+00  1.000000000000e+00
P 1  1
1.466888875200e+00  1.000000000000e+00
P 1  1
7.121491189100e-01  1.000000000000e+00
P 1  1
3.863722452900e-01  1.000000000000e+00
P 1  1
1.793166063100e-01  1.000000000000e+00
D 1  1
6.424445391400e+00  1.000000000000e+00
D 1  1
2.294292411300e+00  1.000000000000e+00
D 1  1
8.852156337500e-01  1.000000000000e+00
D 1  1
3.654829585300e-01  1.000000000000e+00
D 1  1
1.533570594500e-01  1.000000000000e+00
F 1  1
2.010344970700e+00  1.000000000000e+00
F 1  1
7.126585513800e-01  1.000000000000e+00
F 1  1
3.484588080100e-01  1.000000000000e+00
G 1  1
7.593214427100e-01  1.000000000000e+00
@END

@ATOMBASIS C
S 1  1
2.805566118800e+02  1.000000000000e+00
S 1  1
6.023024719100e+01  1.000000000000e+00
S 1  1
2.211665082400e+01  1.000000000000e+00
S 1  1
6.862093289600e+00  1.000000000000e+00
S 1  1
1.562254953900e+00  1.000000000000e+00
S 1  1
9.124504549500e-01  1.000000000000e+00
S 1  1
5.027491704400e-01  1.000000000000e+00
S 1  1
2.158234874900e-01  1.000000000000e+00
P 1  1
2.423186517600e+01  1.000000000000e+00
P 1  1
6.476451418500e+00  1.000000000000e+00
P 1  1
2.129088467700e+00  1.000000000000e+00
P 1  1
1.037563974600e+00  1.000000000000e+00
P 1  1
5.494127504600e-01  1.000000000000e+00
P 1  1
2.815265223100e-01  1.000000000000e+00
D 1  1
9.718981081500e+00  1.000000000000e+00
D 1  1
3.035147500300e+00  1.000000000000e+00
D 1  1
1.467773756200e+00  1.000000000000e+00
D 1  1
5.737082790900e-01  1.000000000000e+00
D 1  1
2.905558966800e-01  1.000000000000e+00
F 1  1
2.275620130300e+00  1.000000000000e+00
F 1  1
1.196889885200e+00  1.000000000000e+00
F 1  1
5.415748721600e-01  1.000000000000e+00
G 1  1
1.216610163800e+00  1.000000000000e+00
@END

@ATOMBASIS N
S 1  1
2.875092694700e+02  1.000000000000e+00
S 1  1
6.427603089800e+01  1.000000000000e+00
S 1  1
2.168192401600e+01  1.000000000000e+00
S 1  1
7.906874319300e+00  1.000000000000e+00
S 1  1
2.431967391300e+00  1.000000000000e+00
S 1  1
1.222668147400e+00  1.000000000000e+00
S 1  1
7.667482735600e-01  1.000000000000e+00
S 1  1
3.115884699400e-01  1.000000000000e+00
P 1  1
3.496502737100e+01  1.000000000000e+00
P 1  1
1.032389664800e+01  1.000000000000e+00
P 1  1
2.898158264300e+00  1.000000000000e+00
P 1  1
1.407740455500e+00  1.000000000000e+00
P 1  1
8.508338653600e-01  1.000000000000e+00
P 1  1
3.735327414500e-01  1.000000000000e+00
D 1  1
1.390863708900e+01  1.000000000000e+00
D 1  1
4.584723253100e+00  1.000000000000e+00
D 1  1
2.210184865100e+00  1.000000000000e+00
D 1  1
8.376830120900e-01  1.000000000000e+00
D 1  1
4.194837560800e-01  1.000000000000e+00
F 1  1
3.473066578800e+00  1.000000000000e+00
F 1  1
1.558946354800e+00  1.000000000000e+00
F 1  1
8.467763823900e-01  1.000000000000e+00
G 1  1
1.776406628100e+00  1.000000000000e+00
@END

@ATOMBASIS O
S 1  1
3.665453150300e+02  1.000000000000e+00
S 1  1
7.669331485800e+01  1.000000000000e+00
S 1  1
2.457383509100e+01  1.000000000000e+00
S 1  1
8.416558507200e+00  1.000000000000e+00
S 1  1
3.020208035600e+00  1.000000000000e+00
S 1  1
1.333156361700e+00  1.000000000000e+00
S 1  1
8.125065872700e-01  1.000000000000e+00
S 1  1
3.650525366200e-01  1.000000000000e+00
P 1  1
5.285438642300e+01  1.000000000000e+00
P 1  1
1.502179582400e+01  1.000000000000e+00
P 1  1
3.913771948200e+00  1.000000000000e+00
P 1  1
2.167884061100e+00  1.000000000000e+00
P 1  1
9.741924398400e-01  1.000000000000e+00
P 1  1
5.184561541200e-01  1.000000000000e+00
D 1  1
1.590773313200e+01  1.000000000000e+00
D 1  1
5.379932921500e+00  1.000000000000e+00
D 1  1
2.955262392100e+00  1.000000000000e+00
D 1  1
1.162445899700e+00  1.000000000000e+00
D 1  1
5.035339942100e-01  1.000000000000e+00
F 1  1
4.687384670100e+00  1.000000000000e+00
F 1  1
2.151278948900e+00  1.000000000000e+00
F 1  1
1.089406816900e+00  1.000000000000e+00
G 1  1
2.327096487800e+00  1.000000000000e+00
@END

@ATOMBASIS F
S 1  1
4.229261644300e+02  1.000000000000e+00
S 1  1
9.457498093100e+01  1.000000000000e+00
S 1  1
3.290124299700e+01  1.000000000000e+00
S 1  1
1.154389645700e+01  1.000000000000e+00
S 1  1
3.665445275800e+00  1.000000000000e+00
S 1  1
1.762717017400e+00  1.000000000000e+00
S 1  1
1.055048433500e+00  1.000000000000e+00
S 1  1
4.524931780300e-01  1.000000000000e+00
P 1  1
5.172583643600e+01  1.000000000000e+00
P 1  1
1.392562528700e+01  1.000000000000e+00
P 1  1
4.756681430000e+00  1.000000000000e+00
P 1  1
2.636687236600e+00  1.000000000000e+00
P 1  1
1.260978829200e+00  1.000000000000e+00
P 1  1
6.487962288700e-01  1.000000000000e+00
D 1  1
1.871362192200e+01  1.000000000000e+00
D 1  1
6.421169731400e+00  1.000000000000e+00
D 1  1
3.818509568300e+00  1.000000000000e+00
D 1  1
1.523280486500e+00  1.000000000000e+00
D 1  1
6.269873182600e-01  1.000000000000e+00
F 1  1
6.194742872300e+00  1.000000000000e+00
F 1  1
2.969812848200e+00  1.000000000000e+00
F 1  1
1.439372598000e+00  1.000000000000e+00
G 1  1
3.115636799000e+00  1.000000000000e+00
@END

@ATOMBASIS NE
S 1  1
6.653890000000e+02  1.000000000000e+00
S 1  1
1.367780000000e+02  1.000000000000e+00
S 1  1
3.747400000000e+01  1.000000000000e+00
S 1  1
1.724020000000e+01  1.000000000000e+00
S 1  1
4.134000000000e+00  1.000000000000e+00
S 1  1
2.104680000000e+00  1.000000000000e+00
S 1  1
1.100950000000e+00  1.000000000000e+00
S 1  1
6.080610000000e-01  1.000000000000e+00
P 1  1
7.848850000000e+01  1.000000000000e+00
P 1  1
2.272850000000e+01  1.000000000000e+00
P 1  1
6.440890000000e+00  1.000000000000e+00
P 1  1
3.808840000000e+00  1.000000000000e+00
P 1  1
1.603980000000e+00  1.000000000000e+00
P 1  1
8.288990000000e-01  1.000000000000e+00
D 1  1
2.312670000000e+01  1.000000000000e+00
D 1  1
7.857430000000e+00  1.000000000000e+00
D 1  1
4.839550000000e+00  1.000000000000e+00
D 1  1
1.923370000000e+00  1.000000000000e+00
D 1  1
7.765760000000e-01  1.000000000000e+00
F 1  1
8.178920000000e+00  1.000000000000e+00
F 1  1
3.886870000000e+00  1.000000000000e+00
F 1  1
1.846070000000e+00  1.000000000000e+00
G 1  1
4.110880000000e+00  1.000000000000e+00
@END

@ATOMBASIS NA
S 1  1
2.629450000000e+02  1.000000000000e+00
S 1  1
5.932720000000e+01  1.000000000000e+00
S 1  1
2.441060000000e+01  1.000000000000e+00
S 1  1
1.031530000000e+01  1.000000000000e+00
S 1  1
3.824670000000e+00  1.000000000000e+00
S 1  1
1.211380000000e+00  1.000000000000e+00
S 1  1
6.260250000000e-01  1.000000000000e+00
S 1  1
2.311360000000e-01  1.000000000000e+00
S 1  1
9.961600000000e-02  1.000000000000e+00
S 1  1
6.085380000000e-02  1.000000000000e+00
P 1  1
4.596020000000e+01  1.000000000000e+00
P 1  1
5.926730000000e+00  1.000000000000e+00
P 1  1
2.448010000000e+00  1.000000000000e+00
P 1  1
1.251730000000e+00  1.000000000000e+00
P 1  1
5.550560000000e-01  1.000000000000e+00
P 1  1
3.236530000000e-01  1.000000000000e+00
P 1  1
1.317380000000e-01  1.000000000000e+00
P 1  1
6.794660000000e-02  1.000000000000e+00
D 1  1
2.372620000000e+01  1.000000000000e+00
D 1  1
7.203370000000e+00  1.000000000000e+00
D 1  1
2.548530000000e+00  1.000000000000e+00
D 1  1
9.659660000000e-01  1.000000000000e+00
D 1  1
4.234260000000e-01  1.000000000000e+00
D 1  1
2.508620000000e-01  1.000000000000e+00
D 1  1
1.028380000000e-01  1.000000000000e+00
F 1  1
3.719550000000e+00  1.000000000000e+00
F 1  1
1.167540000000e+00  1.000000000000e+00
F 1  1
5.293880000000e-01  1.000000000000e+00
F 1  1
2.651250000000e-01  1.000000000000e+00
F 1  1
1.466590000000e-01  1.000000000000e+00
G 1  1
1.446880000000e+00  1.000000000000e+00
G 1  1
5.143720000000e-01  1.000000000000e+00
@END

@ATOMBASIS MG
S 1  1
2.474820000000e+02  1.000000000000e+00
S 1  1
8.230650000000e+01  1.000000000000e+00
S 1  1
3.188820000000e+01  1.000000000000e+00
S 1  1
1.236280000000e+01  1.000000000000e+00
S 1  1
4.993410000000e+00  1.000000000000e+00
S 1  1
1.707810000000e+00  1.000000000000e+00
S 1  1
7.904490000000e-01  1.000000000000e+00
S 1  1
2.751530000000e-01  1.000000000000e+00
S 1  1
1.234430000000e-01  1.000000000000e+00
S 1  1
7.712330000000e-02  1.000000000000e+00
P 1  1
5.864020000000e+01  1.000000000000e+00
P 1  1
7.176800000000e+00  1.000000000000e+00
P 1  1
3.498730000000e+00  1.000000000000e+00
P 1  1
1.518220000000e+00  1.000000000000e+00
P 1  1
8.068480000000e-01  1.000000000000e+00
P 1  1
3.265590000000e-01  1.000000000000e+00
P 1  1
1.547200000000e-01  1.000000000000e+00
P 1  1
7.247740000000e-02  1.000000000000e+00
D 1  1
2.992120000000e+01  1.000000000000e+00
D 1  1
9.113940000000e+00  1.000000000000e+00
D 1  1
3.171490000000e+00  1.000000000000e+00
D 1  1
1.488380000000e+00  1.000000000000e+00
D 1  1
5.720010000000e-01  1.000000000000e+00
D 1  1
3.928160000000e-01  1.000000000000e+00
D 1  1
1.847200000000e-01  1.000000000000e+00
F 1  1
4.609120000000e+00  1.000000000000e+00
F 1  1
1.543470000000e+00  1.000000000000e+00
F 1  1
6.449900000000e-01  1.000000000000e+00
F 1  1
3.342250000000e-01  1.000000000000e+00
F 1  1
1.745750000000e-01  1.000000000000e+00
G 1  1
1.764550000000e+00  1.000000000000e+00
G 1  1
7.172190000000e-01  1.000000000000e+00
@END

@ATOMBASIS AL
S 1  1
3.006264090300e+02  1.000000000000e+00
S 1  1
1.047739527500e+02  1.000000000000e+00
S 1  1
4.051245052600e+01  1.000000000000e+00
S 1  1
1.625516882300e+01  1.000000000000e+00
S 1  1
6.740579350600e+00  1.000000000000e+00
S 1  1
3.085572664300e+00  1.000000000000e+00
S 1  1
1.348204125400e+00  1.000000000000e+00
S 1  1
5.421425040400e-01  1.000000000000e+00
S 1  1
2.297646722700e-01  1.000000000000e+00
S 1  1
1.328970406700e-01  1.000000000000e+00
P 1  1
7.620234432500e+01  1.000000000000e+00
P 1  1
9.732374822200e+00  1.000000000000e+00
P 1  1
5.430097625700e+00  1.000000000000e+00
P 1  1
2.049895450200e+00  1.000000000000e+00
P 1  1
8.784678191300e-01  1.000000000000e+00
P 1  1
3.439161963600e-01  1.000000000000e+00
P 1  1
1.651227032900e-01  1.000000000000e+00
P 1  1
6.907734343000e-02  1.000000000000e+00
D 1  1
3.733015683300e+01  1.000000000000e+00
D 1  1
1.104715250000e+01  1.000000000000e+00
D 1  1
3.743439593600e+00  1.000000000000e+00
D 1  1
1.882568168000e+00  1.000000000000e+00
D 1  1
7.453126153400e-01  1.000000000000e+00
D 1  1
4.569540206500e-01  1.000000000000e+00
D 1  1
1.947989641700e-01  1.000000000000e+00
F 1  1
5.781499220600e+00  1.000000000000e+00
F 1  1
2.629588042200e+00  1.000000000000e+00
F 1  1
6.840435099400e-01  1.000000000000e+00
F 1  1
4.583670664200e-01  1.000000000000e+00
F 1  1
2.067709632000e-01  1.000000000000e+00
G 1  1
1.301047317500e+00  1.000000000000e+00
G 1  1
3.511123942600e-01  1.000000000000e+00
@END

@ATOMBASIS SI
S 1  1
2.548988636800e+02  1.000000000000e+00
S 1  1
9.336933602200e+01  1.000000000000e+00
S 1  1
3.484818831600e+01  1.000000000000e+00
S 1  1
1.110181665900e+01  1.000000000000e+00
S 1  1
5.964581708200e+00  1.000000000000e+00
S 1  1
2.782704512100e+00  1.000000000000e+00
S 1  1
1.131451360900e+00  1.000000000000e+00
S 1  1
6.252109607600e-01  1.000000000000e+00
S 1  1
2.810522154200e-01  1.000000000000e+00
S 1  1
1.636361289400e-01  1.000000000000e+00
P 1  1
9.383111415600e+01  1.000000000000e+00
P 1  1
9.865737557500e+00  1.000000000000e+00
P 1  1
3.788508808600e+00  1.000000000000e+00
P 1  1
1.971136160100e+00  1.000000000000e+00
P 1  1
1.122508320500e+00  1.000000000000e+00
P 1  1
4.504019846300e-01  1.000000000000e+00
P 1  1
2.333556169500e-01  1.000000000000e+00
P 1  1
1.528121245100e-01  1.000000000000e+00
D 1  1
3.380182011400e+01  1.000000000000e+00
D 1  1
9.676144648500e+00  1.000000000000e+00
D 1  1
4.610793901800e+00  1.000000000000e+00
D 1  1
1.936839016100e+00  1.000000000000e+00
D 1  1
7.194864647000e-01  1.000000000000e+00
D 1  1
3.611840546900e-01  1.000000000000e+00
D 1  1
2.051470090300e-01  1.000000000000e+00
F 1  1
7.940197495700e+00  1.000000000000e+00
F 1  1
3.548999828200e+00  1.000000000000e+00
F 1  1
1.300006062000e+00  1.000000000000e+00
F 1  1
6.156394217100e-01  1.000000000000e+00
F 1  1
2.915506774900e-01  1.000000000000e+00
G 1  1
1.844334104500e+00  1.000000000000e+00
G 1  1
5.122436930900e-01  1.000000000000e+00
@END

@ATOMBASIS P
S 1  1
3.004106881000e+02  1.000000000000e+00
S 1  1
1.062884095800e+02  1.000000000000e+00
S 1  1
3.906099222900e+01  1.000000000000e+00
S 1  1
1.302607458200e+01  1.000000000000e+00
S 1  1
7.070193259300e+00  1.000000000000e+00
S 1  1
3.275330264100e+00  1.000000000000e+00
S 1  1
1.305567025200e+00  1.000000000000e+00
S 1  1
7.346534178300e-01  1.000000000000e+00
S 1  1
3.903215908400e-01  1.000000000000e+00
S 1  1
1.809962911800e-01  1.000000000000e+00
P 1  1
1.029093551400e+02  1.000000000000e+00
P 1  1
1.191467772400e+01  1.000000000000e+00
P 1  1
4.255294037900e+00  1.000000000000e+00
P 1  1
2.519938717200e+00  1.000000000000e+00
P 1  1
9.022591469000e-01  1.000000000000e+00
P 1  1
6.064917200700e-01  1.000000000000e+00
P 1  1
3.116346072000e-01  1.000000000000e+00
P 1  1
1.915807578600e-01  1.000000000000e+00
D 1  1
3.607651940100e+01  1.000000000000e+00
D 1  1
1.079600532500e+01  1.000000000000e+00
D 1  1
6.395849645700e+00  1.000000000000e+00
D 1  1
2.416351574700e+00  1.000000000000e+00
D 1  1
1.020778076200e+00  1.000000000000e+00
D 1  1
4.905637537400e-01  1.000000000000e+00
D 1  1
2.357312640000e-01  1.000000000000e+00
F 1  1
9.073810284300e+00  1.000000000000e+00
F 1  1
3.504646832200e+00  1.000000000000e+00
F 1  1
1.380790129100e+00  1.000000000000e+00
F 1  1
7.561513921700e-01  1.000000000000e+00
F 1  1
3.848138669200e-01  1.000000000000e+00
G 1  1
2.541255675300e+00  1.000000000000e+00
G 1  1
6.963092469100e-01  1.000000000000e+00
@END

@ATOMBASIS S
S 1  1
3.461601733200e+02  1.000000000000e+00
S 1  1
1.180687690800e+02  1.000000000000e+00
S 1  1
4.257879104400e+01  1.000000000000e+00
S 1  1
1.507184696600e+01  1.000000000000e+00
S 1  1
8.165998510700e+00  1.000000000000e+00
S 1  1
3.928003876900e+00  1.000000000000e+00
S 1  1
1.677761748300e+00  1.000000000000e+00
S 1  1
9.182005756300e-01  1.000000000000e+00
S 1  1
4.498011943100e-01  1.000000000000e+00
S 1  1
1.930313266900e-01  1.000000000000e+00
P 1  1
1.153216148700e+02  1.000000000000e+00
P 1  1
1.325473207700e+01  1.000000000000e+00
P 1  1
4.940750943400e+00  1.000000000000e+00
P 1  1
3.204935163100e+00  1.000000000000e+00
P 1  1
1.128990457000e+00  1.000000000000e+00
P 1  1
7.538513316100e-01  1.000000000000e+00
P 1  1
4.741571913200e-01  1.000000000000e+00
P 1  1
2.514473603800e-01  1.000000000000e+00
D 1  1
4.843822835600e+01  1.000000000000e+00
D 1  1
1.350209942800e+01  1.000000000000e+00
D 1  1
6.457534855100e+00  1.000000000000e+00
D 1  1
2.957204276000e+00  1.000000000000e+00
D 1  1
1.244739902800e+00  1.000000000000e+00
D 1  1
6.034929250600e-01  1.000000000000e+00
D 1  1
2.556835000400e-01  1.000000000000e+00
F 1  1
1.130273032600e+01  1.000000000000e+00
F 1  1
4.950345570700e+00  1.000000000000e+00
F 1  1
1.815427928500e+00  1.000000000000e+00
F 1  1
1.029009709700e+00  1.000000000000e+00
F 1  1
4.892003139900e-01  1.000000000000e+00
G 1  1
2.956947455900e+00  1.000000000000e+00
G 1  1
8.638382499300e-01  1.000000000000e+00
@END

@ATOMBASIS CL
S 1  1
3.963291985200e+02  1.000000000000e+00
S 1  1
1.316402077700e+02  1.000000000000e+00
S 1  1
4.677730392400e+01  1.000000000000e+00
S 1  1
1.703229010600e+01  1.000000000000e+00
S 1  1
8.925587770600e+00  1.000000000000e+00
S 1  1
4.049631910700e+00  1.000000000000e+00
S 1  1
1.723282016800e+00  1.000000000000e+00
S 1  1
1.057999607300e+00  1.000000000000e+00
S 1  1
5.415667883100e-01  1.000000000000e+00
S 1  1
2.273180070500e-01  1.000000000000e+00
P 1  1
1.308637970800e+02  1.000000000000e+00
P 1  1
1.568345499600e+01  1.000000000000e+00
P 1  1
5.333079008200e+00  1.000000000000e+00
P 1  1
3.621088868300e+00  1.000000000000e+00
P 1  1
1.363314027600e+00  1.000000000000e+00
P 1  1
8.433512927700e-01  1.000000000000e+00
P 1  1
5.666178493500e-01  1.000000000000e+00
P 1  1
2.945464490100e-01  1.000000000000e+00
D 1  1
4.436900759500e+01  1.000000000000e+00
D 1  1
1.305677602000e+01  1.000000000000e+00
D 1  1
6.121269642000e+00  1.000000000000e+00
D 1  1
3.048550714100e+00  1.000000000000e+00
D 1  1
1.457028873700e+00  1.000000000000e+00
D 1  1
7.112139742800e-01  1.000000000000e+00
D 1  1
3.041381653100e-01  1.000000000000e+00
F 1  1
1.333463563000e+01  1.000000000000e+00
F 1  1
5.106077529000e+00  1.000000000000e+00
F 1  1
2.006848569300e+00  1.000000000000e+00
F 1  1
1.281522863500e+00  1.000000000000e+00
F 1  1
5.965838225600e-01  1.000000000000e+00
G 1  1
3.695300774100e+00  1.000000000000e+00
G 1  1
1.094690809800e+00  1.000000000000e+00
@END

@ATOMBASIS AR
S 1  1
3.983357124800e+02  1.000000000000e+00
S 1  1
1.310611401700e+02  1.000000000000e+00
S 1  1
4.598081782200e+01  1.000000000000e+00
S 1  1
1.670179381400e+01  1.000000000000e+00
S 1  1
8.872272429400e+00  1.000000000000e+00
S 1  1
3.997395026200e+00  1.000000000000e+00
S 1  1
1.717619675000e+00  1.000000000000e+00
S 1  1
1.091790441700e+00  1.000000000000e+00
S 1  1
5.744424877000e-01  1.000000000000e+00
S 1  1
2.726581033400e-01  1.000000000000e+00
S 1  1
1.555319798900e-01  1.000000000000e+00
P 1  1
1.445468670300e+02  1.000000000000e+00
P 1  1
1.768237325100e+01  1.000000000000e+00
P 1  1
6.866434692400e+00  1.000000000000e+00
P 1  1
4.231657335100e+00  1.000000000000e+00
P 1  1
1.524592665300e+00  1.000000000000e+00
P 1  1
8.959959606700e-01  1.000000000000e+00
P 1  1
5.745530530600e-01  1.000000000000e+00
P 1  1
3.001630400200e-01  1.000000000000e+00
D 1  1
5.075229468400e+01  1.000000000000e+00
D 1  1
1.256896325100e+01  1.000000000000e+00
D 1  1
8.078960423500e+00  1.000000000000e+00
D 1  1
2.886955503900e+00  1.000000000000e+00
D 1  1
1.667092013700e+00  1.000000000000e+00
D 1  1
8.366181105100e-01  1.000000000000e+00
D 1  1
3.626873113500e-01  1.000000000000e+00
F 1  1
1.558630420700e+01  1.000000000000e+00
F 1  1
6.027176979600e+00  1.000000000000e+00
F 1  1
2.341011374800e+00  1.000000000000e+00
F 1  1
1.486538083800e+00  1.000000000000e+00
F 1  1
7.037088556300e-01  1.000000000000e+00
G 1  1
4.693275251900e+00  1.000000000000e+00
G 1  1
1.374054926300e+00  1.000000000000e+00
@END

@ATOMBASIS SC
S 1  1
1.829847272500e+03  1.000000000000e+00
S 1  1
1.014599853200e+03  1.000000000000e+00
S 1  1
4.647501462800e+02  1.000000000000e+00
S 1  1
1.877179371500e+02  1.000000000000e+00
S 1  1
8.521786452800e+01  1.000000000000e+00
S 1  1
3.812267295100e+01  1.000000000000e+00
S 1  1
1.457035228100e+01  1.000000000000e+00
S 1  1
4.680289094100e+00  1.000000000000e+00
S 1  1
2.183763612600e+00  1.000000000000e+00
S 1  1
1.163341191100e+00  1.000000000000e+00
S 1  1
6.882418328200e-01  1.000000000000e+00
S 1  1
2.832953636600e-01  1.000000000000e+00
S 1  1
1.065684943800e-01  1.000000000000e+00
P 1  1
6.022266818600e+02  1.000000000000e+00
P 1  1
1.736643329300e+02  1.000000000000e+00
P 1  1
5.407666090200e+01  1.000000000000e+00
P 1  1
1.715847623700e+01  1.000000000000e+00
P 1  1
7.628172559900e+00  1.000000000000e+00
P 1  1
3.993339251300e+00  1.000000000000e+00
P 1  1
1.952462532800e+00  1.000000000000e+00
P 1  1
9.113807163600e-01  1.000000000000e+00
P 1  1
5.387718948500e-01  1.000000000000e+00
P 1  1
2.086942180200e-01  1.000000000000e+00
P 1  1
5.202340927900e-02  1.000000000000e+00
D 1  1
1.415643553300e+02  1.000000000000e+00
D 1  1
4.292298501400e+01  1.000000000000e+00
D 1  1
1.931513036400e+01  1.000000000000e+00
D 1  1
9.806341905500e+00  1.000000000000e+00
D 1  1
4.941091807600e+00  1.000000000000e+00
D 1  1
2.254782719600e+00  1.000000000000e+00
D 1  1
9.064181439900e-01  1.000000000000e+00
D 1  1
5.677264021100e-01  1.000000000000e+00
D 1  1
1.391774352000e-01  1.000000000000e+00
F 1  1
5.626732499000e+01  1.000000000000e+00
F 1  1
1.933387245800e+01  1.000000000000e+00
F 1  1
8.002853362900e+00  1.000000000000e+00
F 1  1
2.305273928300e+00  1.000000000000e+00
F 1  1
8.748124687000e-01  1.000000000000e+00
F 1  1
2.913108089400e-01  1.000000000000e+00
F 1  1
8.618679679400e-02  1.000000000000e+00
G 1  1
1.923809793100e+01  1.000000000000e+00
G 1  1
6.590981893500e+00  1.000000000000e+00
G 1  1
1.536238222900e+00  1.000000000000e+00
G 1  1
7.125761048500e-01  1.000000000000e+00
G 1  1
1.824236035900e-01  1.000000000000e+00
H 1  1
1.614362586400e+00  1.000000000000e+00
H 1  1
6.836253610600e-01  1.000000000000e+00
H 1  1
3.224256324700e-01  1.000000000000e+00
I 1  1
2.191997908600e+00  1.000000000000e+00
I 1  1
6.010099116200e-01  1.000000000000e+00
@END

@ATOMBASIS TI
S 1  1
2.011906641200e+03  1.000000000000e+00
S 1  1
1.104592519100e+03  1.000000000000e+00
S 1  1
5.015289207900e+02  1.000000000000e+00
S 1  1
1.988212905400e+02  1.000000000000e+00
S 1  1
8.794985161800e+01  1.000000000000e+00
S 1  1
3.800670054100e+01  1.000000000000e+00
S 1  1
1.558928628100e+01  1.000000000000e+00
S 1  1
6.211453034600e+00  1.000000000000e+00
S 1  1
2.271519850300e+00  1.000000000000e+00
S 1  1
1.132694363900e+00  1.000000000000e+00
S 1  1
8.425646202700e-01  1.000000000000e+00
S 1  1
4.393314230100e-01  1.000000000000e+00
S 1  1
1.148702610000e-01  1.000000000000e+00
P 1  1
6.535052607200e+02  1.000000000000e+00
P 1  1
1.813451087000e+02  1.000000000000e+00
P 1  1
5.309714403300e+01  1.000000000000e+00
P 1  1
1.847002084200e+01  1.000000000000e+00
P 1  1
8.619047266400e+00  1.000000000000e+00
P 1  1
4.628480125700e+00  1.000000000000e+00
P 1  1
2.180601606300e+00  1.000000000000e+00
P 1  1
1.047285435200e+00  1.000000000000e+00
P 1  1
6.751836437600e-01  1.000000000000e+00
P 1  1
4.151193616300e-01  1.000000000000e+00
P 1  1
2.351328597100e-01  1.000000000000e+00
D 1  1
1.511534693900e+02  1.000000000000e+00
D 1  1
4.440386126600e+01  1.000000000000e+00
D 1  1
1.991351736700e+01  1.000000000000e+00
D 1  1
9.686717848600e+00  1.000000000000e+00
D 1  1
3.462787983900e+00  1.000000000000e+00
D 1  1
1.337275191100e+00  1.000000000000e+00
D 1  1
6.065159890400e-01  1.000000000000e+00
D 1  1
2.891045609100e-01  1.000000000000e+00
D 1  1
1.372500273100e-01  1.000000000000e+00
F 1  1
5.468930660700e+01  1.000000000000e+00
F 1  1
1.915652139200e+01  1.000000000000e+00
F 1  1
5.251551974700e+00  1.000000000000e+00
F 1  1
1.881405113600e+00  1.000000000000e+00
F 1  1
8.812580454100e-01  1.000000000000e+00
F 1  1
3.471022729600e-01  1.000000000000e+00
F 1  1
1.057317109400e-01  1.000000000000e+00
G 1  1
6.725598148400e+00  1.000000000000e+00
G 1  1
2.164295649600e+00  1.000000000000e+00
G 1  1
8.780428201000e-01  1.000000000000e+00
G 1  1
3.304245652200e-01  1.000000000000e+00
G 1  1
1.020674688000e-01  1.000000000000e+00
H 1  1
1.888943657300e+00  1.000000000000e+00
H 1  1
6.480625297400e-01  1.000000000000e+00
H 1  1
1.692363608500e-01  1.000000000000e+00
I 1  1
1.306590510800e+00  1.000000000000e+00
I 1  1
3.715641827300e-01  1.000000000000e+00
@END

@ATOMBASIS V
S 1  1
1.999151710200e+03  1.000000000000e+00
S 1  1
1.098367270800e+03  1.000000000000e+00
S 1  1
4.986903503500e+02  1.000000000000e+00
S 1  1
1.982499280100e+02  1.000000000000e+00
S 1  1
8.781283124300e+01  1.000000000000e+00
S 1  1
3.793453321100e+01  1.000000000000e+00
S 1  1
1.393213003600e+01  1.000000000000e+00
S 1  1
6.109710038700e+00  1.000000000000e+00
S 1  1
2.510232278700e+00  1.000000000000e+00
S 1  1
9.817511663800e-01  1.000000000000e+00
S 1  1
7.311773242900e-01  1.000000000000e+00
S 1  1
4.173162660200e-01  1.000000000000e+00
S 1  1
1.584178431700e-01  1.000000000000e+00
P 1  1
6.510062116600e+02  1.000000000000e+00
P 1  1
1.807027475900e+02  1.000000000000e+00
P 1  1
4.780352288800e+01  1.000000000000e+00
P 1  1
1.796784408400e+01  1.000000000000e+00
P 1  1
8.155698283700e+00  1.000000000000e+00
P 1  1
3.080173826700e+00  1.000000000000e+00
P 1  1
1.759770922900e+00  1.000000000000e+00
P 1  1
7.285814812800e-01  1.000000000000e+00
P 1  1
4.215734099900e-01  1.000000000000e+00
P 1  1
2.547082623900e-01  1.000000000000e+00
P 1  1
1.585579525800e-01  1.000000000000e+00
D 1  1
1.499133142500e+02  1.000000000000e+00
D 1  1
4.500906089700e+01  1.000000000000e+00
D 1  1
2.009027914200e+01  1.000000000000e+00
D 1  1
9.837122963300e+00  1.000000000000e+00
D 1  1
4.451014823500e+00  1.000000000000e+00
D 1  1
2.093646210500e+00  1.000000000000e+00
D 1  1
1.096817270100e+00  1.000000000000e+00
D 1  1
5.580219210300e-01  1.000000000000e+00
D 1  1
2.211052744100e-01  1.000000000000e+00
F 1  1
3.255676639100e+01  1.000000000000e+00
F 1  1
5.846654625500e+00  1.000000000000e+00
F 1  1
2.979052247700e+00  1.000000000000e+00
F 1  1
1.479712176700e+00  1.000000000000e+00
F 1  1
7.328845434900e-01  1.000000000000e+00
F 1  1
3.960390354600e-01  1.000000000000e+00
F 1  1
1.861571383800e-01  1.000000000000e+00
G 1  1
9.239209616200e+00  1.000000000000e+00
G 1  1
3.241092244400e+00  1.000000000000e+00
G 1  1
1.712974865300e+00  1.000000000000e+00
G 1  1
8.640764272600e-01  1.000000000000e+00
G 1  1
3.082305068800e-01  1.000000000000e+00
H 1  1
3.900612842200e+00  1.000000000000e+00
H 1  1
1.954050571100e+00  1.000000000000e+00
H 1  1
7.287383768300e-01  1.000000000000e+00
I 1  1
3.757234104000e+00  1.000000000000e+00
I 1  1
1.689390357900e+00  1.000000000000e+00
@END

@ATOMBASIS CR
S 1  1
1.996024541500e+03  1.000000000000e+00
S 1  1
1.094099135300e+03  1.000000000000e+00
S 1  1
4.955445695400e+02  1.000000000000e+00
S 1  1
1.934731900700e+02  1.000000000000e+00
S 1  1
7.878835419800e+01  1.000000000000e+00
S 1  1
2.889251717600e+01  1.000000000000e+00
S 1  1
7.038868904300e+00  1.000000000000e+00
S 1  1
3.611746366800e+00  1.000000000000e+00
S 1  1
2.106569270600e+00  1.000000000000e+00
S 1  1
1.244166022300e+00  1.000000000000e+00
S 1  1
7.292180858300e-01  1.000000000000e+00
S 1  1
2.622303195500e-01  1.000000000000e+00
S 1  1
1.084999176200e-01  1.000000000000e+00
P 1  1
6.517730856100e+02  1.000000000000e+00
P 1  1
1.815414370500e+02  1.000000000000e+00
P 1  1
4.986749069000e+01  1.000000000000e+00
P 1  1
1.770237754200e+01  1.000000000000e+00
P 1  1
6.689914109400e+00  1.000000000000e+00
P 1  1
3.869528703700e+00  1.000000000000e+00
P 1  1
2.143188014100e+00  1.000000000000e+00
P 1  1
7.678431471500e-01  1.000000000000e+00
P 1  1
4.392158121200e-01  1.000000000000e+00
P 1  1
1.411390636200e-01  1.000000000000e+00
P 1  1
1.042331283900e-01  1.000000000000e+00
D 1  1
1.489613551600e+02  1.000000000000e+00
D 1  1
4.530076321300e+01  1.000000000000e+00
D 1  1
2.015282046800e+01  1.000000000000e+00
D 1  1
9.739014057700e+00  1.000000000000e+00
D 1  1
4.047005326300e+00  1.000000000000e+00
D 1  1
1.877318320600e+00  1.000000000000e+00
D 1  1
1.015699224300e+00  1.000000000000e+00
D 1  1
3.371255026500e-01  1.000000000000e+00
D 1  1
1.321388877500e-01  1.000000000000e+00
F 1  1
3.301516645700e+01  1.000000000000e+00
F 1  1
6.436311151000e+00  1.000000000000e+00
F 1  1
2.987237114800e+00  1.000000000000e+00
F 1  1
1.439013241300e+00  1.000000000000e+00
F 1  1
5.954916211300e-01  1.000000000000e+00
F 1  1
3.044486007300e-01  1.000000000000e+00
F 1  1
1.607478598500e-01  1.000000000000e+00
G 1  1
1.063199239100e+01  1.000000000000e+00
G 1  1
3.527677785700e+00  1.000000000000e+00
G 1  1
1.537672937900e+00  1.000000000000e+00
G 1  1
5.242975568000e-01  1.000000000000e+00
G 1  1
1.977534468200e-01  1.000000000000e+00
H 1  1
5.052224621700e+00  1.000000000000e+00
H 1  1
2.609994038300e+00  1.000000000000e+00
H 1  1
9.371150020400e-01  1.000000000000e+00
I 1  1
4.214584287400e+00  1.000000000000e+00
I 1  1
2.073590814700e+00  1.000000000000e+00
@END

@ATOMBASIS MN
S 1  1
2.000461686500e+03  1.000000000000e+00
S 1  1
1.097600606900e+03  1.000000000000e+00
S 1  1
4.977146920200e+02  1.000000000000e+00
S 1  1
1.971349666400e+02  1.000000000000e+00
S 1  1
8.617929301100e+01  1.000000000000e+00
S 1  1
3.464806296400e+01  1.000000000000e+00
S 1  1
1.228892554600e+01  1.000000000000e+00
S 1  1
4.785907683800e+00  1.000000000000e+00
S 1  1
2.898032086900e+00  1.000000000000e+00
S 1  1
1.267209248500e+00  1.000000000000e+00
S 1  1
4.314715815900e-01  1.000000000000e+00
S 1  1
3.095336342000e-01  1.000000000000e+00
S 1  1
1.079563057200e-01  1.000000000000e+00
P 1  1
6.516485339700e+02  1.000000000000e+00
P 1  1
1.858965674000e+02  1.000000000000e+00
P 1  1
5.549430720300e+01  1.000000000000e+00
P 1  1
1.700734544900e+01  1.000000000000e+00
P 1  1
7.854591494400e+00  1.000000000000e+00
P 1  1
4.069361518000e+00  1.000000000000e+00
P 1  1
2.193000553000e+00  1.000000000000e+00
P 1  1
1.113678619500e+00  1.000000000000e+00
P 1  1
4.645602827800e-01  1.000000000000e+00
P 1  1
1.846377136300e-01  1.000000000000e+00
P 1  1
1.118208877500e-01  1.000000000000e+00
D 1  1
1.474267801000e+02  1.000000000000e+00
D 1  1
4.477747367600e+01  1.000000000000e+00
D 1  1
1.989909064100e+01  1.000000000000e+00
D 1  1
9.229986535000e+00  1.000000000000e+00
D 1  1
3.445713760700e+00  1.000000000000e+00
D 1  1
1.696174567100e+00  1.000000000000e+00
D 1  1
6.931177189100e-01  1.000000000000e+00
D 1  1
3.376161792300e-01  1.000000000000e+00
D 1  1
1.513128102400e-01  1.000000000000e+00
F 1  1
3.678805881500e+01  1.000000000000e+00
F 1  1
7.425018129500e+00  1.000000000000e+00
F 1  1
3.564648683900e+00  1.000000000000e+00
F 1  1
1.729153199100e+00  1.000000000000e+00
F 1  1
7.299574504200e-01  1.000000000000e+00
F 1  1
3.896124137100e-01  1.000000000000e+00
F 1  1
1.972169491500e-01  1.000000000000e+00
G 1  1
1.270123435300e+01  1.000000000000e+00
G 1  1
4.191894994200e+00  1.000000000000e+00
G 1  1
1.853384290100e+00  1.000000000000e+00
G 1  1
6.265338134600e-01  1.000000000000e+00
G 1  1
2.421976647900e-01  1.000000000000e+00
H 1  1
5.776292720000e+00  1.000000000000e+00
H 1  1
2.774697330100e+00  1.000000000000e+00
H 1  1
1.147998442400e+00  1.000000000000e+00
I 1  1
5.510327050400e+00  1.000000000000e+00
I 1  1
2.538833465900e+00  1.000000000000e+00
@END

@ATOMBASIS FE
S 1  1
1.991666116300e+03  1.000000000000e+00
S 1  1
1.092691889600e+03  1.000000000000e+00
S 1  1
4.979533090100e+02  1.000000000000e+00
S 1  1
1.976287329700e+02  1.000000000000e+00
S 1  1
8.583945743600e+01  1.000000000000e+00
S 1  1
3.085151527100e+01  1.000000000000e+00
S 1  1
9.901230655700e+00  1.000000000000e+00
S 1  1
4.258379732800e+00  1.000000000000e+00
S 1  1
2.796551937300e+00  1.000000000000e+00
S 1  1
1.332684178000e+00  1.000000000000e+00
S 1  1
4.347251519000e-01  1.000000000000e+00
S 1  1
2.878921174500e-01  1.000000000000e+00
S 1  1
1.182496383500e-01  1.000000000000e+00
P 1  1
6.525160230100e+02  1.000000000000e+00
P 1  1
1.812419592500e+02  1.000000000000e+00
P 1  1
4.099842384800e+01  1.000000000000e+00
P 1  1
1.650875007200e+01  1.000000000000e+00
P 1  1
8.407046598200e+00  1.000000000000e+00
P 1  1
3.529588679900e+00  1.000000000000e+00
P 1  1
2.014750700700e+00  1.000000000000e+00
P 1  1
7.742217531900e-01  1.000000000000e+00
P 1  1
4.308624620900e-01  1.000000000000e+00
P 1  1
1.804730024700e-01  1.000000000000e+00
P 1  1
5.098512317300e-02  1.000000000000e+00
D 1  1
1.473167050100e+02  1.000000000000e+00
D 1  1
4.682615998100e+01  1.000000000000e+00
D 1  1
2.015303041900e+01  1.000000000000e+00
D 1  1
8.716114724200e+00  1.000000000000e+00
D 1  1
4.524542235300e+00  1.000000000000e+00
D 1  1
1.842995233000e+00  1.000000000000e+00
D 1  1
9.417768578600e-01  1.000000000000e+00
D 1  1
3.920384411000e-01  1.000000000000e+00
D 1  1
1.756004829800e-01  1.000000000000e+00
F 1  1
4.112049029700e+01  1.000000000000e+00
F 1  1
8.528771214300e+00  1.000000000000e+00
F 1  1
4.191109534600e+00  1.000000000000e+00
F 1  1
2.061841631400e+00  1.000000000000e+00
F 1  1
8.998142635400e-01  1.000000000000e+00
F 1  1
4.680174064700e-01  1.000000000000e+00
F 1  1
2.185332532500e-01  1.000000000000e+00
G 1  1
1.457239730900e+01  1.000000000000e+00
G 1  1
4.883236918100e+00  1.000000000000e+00
G 1  1
2.171479416100e+00  1.000000000000e+00
G 1  1
7.303505066900e-01  1.000000000000e+00
G 1  1
2.685431609900e-01  1.000000000000e+00
H 1  1
6.876744735600e+00  1.000000000000e+00
H 1  1
3.280147878700e+00  1.000000000000e+00
H 1  1
1.370897096300e+00  1.000000000000e+00
I 1  1
6.659774638000e+00  1.000000000000e+00
I 1  1
3.039784446300e+00  1.000000000000e+00
@END

@ATOMBASIS CO
S 1  1
1.998191725500e+03  1.000000000000e+00
S 1  1
1.098798345900e+03  1.000000000000e+00
S 1  1
4.956373013900e+02  1.000000000000e+00
S 1  1
1.958323290200e+02  1.000000000000e+00
S 1  1
8.582396092000e+01  1.000000000000e+00
S 1  1
3.393282681900e+01  1.000000000000e+00
S 1  1
1.030663936700e+01  1.000000000000e+00
S 1  1
3.777577559100e+00  1.000000000000e+00
S 1  1
1.642667815000e+00  1.000000000000e+00
S 1  1
8.345151203800e-01  1.000000000000e+00
S 1  1
3.081516153500e-01  1.000000000000e+00
S 1  1
1.207137332900e-01  1.000000000000e+00
S 1  1
8.382391808000e-02  1.000000000000e+00
P 1  1
6.566705335200e+02  1.000000000000e+00
P 1  1
1.814817196100e+02  1.000000000000e+00
P 1  1
4.566966760900e+01  1.000000000000e+00
P 1  1
1.489468815200e+01  1.000000000000e+00
P 1  1
6.958041752600e+00  1.000000000000e+00
P 1  1
3.204504658100e+00  1.000000000000e+00
P 1  1
1.757211995500e+00  1.000000000000e+00
P 1  1
8.968924640800e-01  1.000000000000e+00
P 1  1
4.047088624100e-01  1.000000000000e+00
P 1  1
1.899713681100e-01  1.000000000000e+00
P 1  1
9.077719240100e-02  1.000000000000e+00
D 1  1
1.503169316100e+02  1.000000000000e+00
D 1  1
4.482706417400e+01  1.000000000000e+00
D 1  1
1.995781288000e+01  1.000000000000e+00
D 1  1
8.853311725700e+00  1.000000000000e+00
D 1  1
4.111514317300e+00  1.000000000000e+00
D 1  1
2.115190455500e+00  1.000000000000e+00
D 1  1
1.014704039800e+00  1.000000000000e+00
D 1  1
4.559234910200e-01  1.000000000000e+00
D 1  1
1.813819738500e-01  1.000000000000e+00
F 1  1
4.944604161800e+01  1.000000000000e+00
F 1  1
9.729624007700e+00  1.000000000000e+00
F 1  1
5.735186181600e+00  1.000000000000e+00
F 1  1
2.843011278100e+00  1.000000000000e+00
F 1  1
1.412259958900e+00  1.000000000000e+00
F 1  1
8.035649013200e-01  1.000000000000e+00
F 1  1
3.590712888100e-01  1.000000000000e+00
G 1  1
1.722660871200e+01  1.000000000000e+00
G 1  1
5.925107597900e+00  1.000000000000e+00
G 1  1
2.927234763700e+00  1.000000000000e+00
G 1  1
1.237910029900e+00  1.000000000000e+00
G 1  1
5.987438471600e-01  1.000000000000e+00
H 1  1
8.264651428900e+00  1.000000000000e+00
H 1  1
4.166255838800e+00  1.000000000000e+00
H 1  1
1.750063857000e+00  1.000000000000e+00
I 1  1
8.165020510400e+00  1.000000000000e+00
I 1  1
3.721777702500e+00  1.000000000000e+00
@END

@ATOMBASIS NI
S 1  1
1.997823770100e+03  1.000000000000e+00
S 1  1
1.097241659100e+03  1.000000000000e+00
S 1  1
4.962898626300e+02  1.000000000000e+00
S 1  1
1.965153991100e+02  1.000000000000e+00
S 1  1
8.721697165200e+01  1.000000000000e+00
S 1  1
3.513741788400e+01  1.000000000000e+00
S 1  1
1.145490904300e+01  1.000000000000e+00
S 1  1
4.104298742400e+00  1.000000000000e+00
S 1  1
2.785977887500e+00  1.000000000000e+00
S 1  1
1.596516549100e+00  1.000000000000e+00
S 1  1
4.918610314900e-01  1.000000000000e+00
S 1  1
2.841665401200e-01  1.000000000000e+00
S 1  1
1.261626584400e-01  1.000000000000e+00
P 1  1
6.503519920000e+02  1.000000000000e+00
P 1  1
1.844320875500e+02  1.000000000000e+00
P 1  1
4.780936468800e+01  1.000000000000e+00
P 1  1
1.558022406500e+01  1.000000000000e+00
P 1  1
7.514860407500e+00  1.000000000000e+00
P 1  1
3.805657010700e+00  1.000000000000e+00
P 1  1
2.346457649900e+00  1.000000000000e+00
P 1  1
9.378232454600e-01  1.000000000000e+00
P 1  1
5.183819451100e-01  1.000000000000e+00
P 1  1
2.183765769800e-01  1.000000000000e+00
P 1  1
4.821909478000e-02  1.000000000000e+00
D 1  1
1.466415578200e+02  1.000000000000e+00
D 1  1
4.443019123200e+01  1.000000000000e+00
D 1  1
1.945108252600e+01  1.000000000000e+00
D 1  1
8.437182758900e+00  1.000000000000e+00
D 1  1
4.110790567200e+00  1.000000000000e+00
D 1  1
2.321032533900e+00  1.000000000000e+00
D 1  1
9.742793687800e-01  1.000000000000e+00
D 1  1
4.672122482900e-01  1.000000000000e+00
D 1  1
2.077038617500e-01  1.000000000000e+00
F 1  1
4.861696078800e+01  1.000000000000e+00
F 1  1
1.101768950000e+01  1.000000000000e+00
F 1  1
5.497528385900e+00  1.000000000000e+00
F 1  1
2.786305531600e+00  1.000000000000e+00
F 1  1
1.232847332900e+00  1.000000000000e+00
F 1  1
6.119166650800e-01  1.000000000000e+00
F 1  1
2.707253327600e-01  1.000000000000e+00
G 1  1
1.877542743400e+01  1.000000000000e+00
G 1  1
6.322404910400e+00  1.000000000000e+00
G 1  1
2.878977180700e+00  1.000000000000e+00
G 1  1
9.338506559600e-01  1.000000000000e+00
G 1  1
3.534226826000e-01  1.000000000000e+00
H 1  1
9.604909734000e+00  1.000000000000e+00
H 1  1
5.024973232300e+00  1.000000000000e+00
H 1  1
1.965904986100e+00  1.000000000000e+00
I 1  1
9.870266855400e+00  1.000000000000e+00
I 1  1
4.512768352000e+00  1.000000000000e+00
@END

@ATOMBASIS CU
S 1  1
1.989844228400e+03  1.000000000000e+00
S 1  1
1.099182159500e+03  1.000000000000e+00
S 1  1
4.892459140900e+02  1.000000000000e+00
S 1  1
1.906777144100e+02  1.000000000000e+00
S 1  1
8.965983723000e+01  1.000000000000e+00
S 1  1
4.356166980500e+01  1.000000000000e+00
S 1  1
1.381874722100e+01  1.000000000000e+00
S 1  1
4.053194534300e+00  1.000000000000e+00
S 1  1
2.482533523000e+00  1.000000000000e+00
S 1  1
1.038595935800e+00  1.000000000000e+00
S 1  1
6.458675332800e-01  1.000000000000e+00
S 1  1
2.573317136400e-01  1.000000000000e+00
S 1  1
1.423555483500e-01  1.000000000000e+00
P 1  1
5.518406239000e+02  1.000000000000e+00
P 1  1
1.715387824600e+02  1.000000000000e+00
P 1  1
4.671891762600e+01  1.000000000000e+00
P 1  1
1.799441258900e+01  1.000000000000e+00
P 1  1
6.861367639400e+00  1.000000000000e+00
P 1  1
4.242225728500e+00  1.000000000000e+00
P 1  1
1.646923938600e+00  1.000000000000e+00
P 1  1
1.066144029800e+00  1.000000000000e+00
P 1  1
4.739246318500e-01  1.000000000000e+00
P 1  1
2.063748074100e-01  1.000000000000e+00
P 1  1
9.236276357000e-02  1.000000000000e+00
D 1  1
1.528642470300e+02  1.000000000000e+00
D 1  1
4.536091908800e+01  1.000000000000e+00
D 1  1
1.736155846200e+01  1.000000000000e+00
D 1  1
1.230571575900e+01  1.000000000000e+00
D 1  1
4.514551002900e+00  1.000000000000e+00
D 1  1
2.989477549600e+00  1.000000000000e+00
D 1  1
1.162346749900e+00  1.000000000000e+00
D 1  1
6.713397750700e-01  1.000000000000e+00
D 1  1
2.591405508700e-01  1.000000000000e+00
F 1  1
5.736372845200e+01  1.000000000000e+00
F 1  1
1.245870500500e+01  1.000000000000e+00
F 1  1
6.716871839900e+00  1.000000000000e+00
F 1  1
3.590635605900e+00  1.000000000000e+00
F 1  1
1.610723214600e+00  1.000000000000e+00
F 1  1
8.154841337600e-01  1.000000000000e+00
F 1  1
3.496243802000e-01  1.000000000000e+00
G 1  1
2.132657922500e+01  1.000000000000e+00
G 1  1
7.289106297900e+00  1.000000000000e+00
G 1  1
3.572271800000e+00  1.000000000000e+00
G 1  1
1.313597216900e+00  1.000000000000e+00
G 1  1
5.408696446500e-01  1.000000000000e+00
H 1  1
1.085337441100e+01  1.000000000000e+00
H 1  1
5.579530253500e+00  1.000000000000e+00
H 1  1
2.271645714500e+00  1.000000000000e+00
I 1  1
9.611898512100e+00  1.000000000000e+00
I 1  1
5.054296476900e+00  1.000000000000e+00
@END

@ATOMBASIS ZN
S 1  1
2.009883065300e+03  1.000000000000e+00
S 1  1
1.106370040100e+03  1.000000000000e+00
S 1  1
5.013656297200e+02  1.000000000000e+00
S 1  1
1.991733361900e+02  1.000000000000e+00
S 1  1
9.178432672700e+01  1.000000000000e+00
S 1  1
4.468511296000e+01  1.000000000000e+00
S 1  1
1.329478835000e+01  1.000000000000e+00
S 1  1
5.119419389800e+00  1.000000000000e+00
S 1  1
2.423623726400e+00  1.000000000000e+00
S 1  1
9.703199121400e-01  1.000000000000e+00
S 1  1
3.964995826700e-01  1.000000000000e+00
S 1  1
1.399786423700e-01  1.000000000000e+00
S 1  1
9.575510988200e-02  1.000000000000e+00
P 1  1
5.805632052800e+02  1.000000000000e+00
P 1  1
1.687541220300e+02  1.000000000000e+00
P 1  1
5.257582330800e+01  1.000000000000e+00
P 1  1
1.774444063200e+01  1.000000000000e+00
P 1  1
8.520631836300e+00  1.000000000000e+00
P 1  1
4.611203626900e+00  1.000000000000e+00
P 1  1
1.880364859500e+00  1.000000000000e+00
P 1  1
1.180640453200e+00  1.000000000000e+00
P 1  1
5.129684361800e-01  1.000000000000e+00
P 1  1
2.243307670800e-01  1.000000000000e+00
P 1  1
1.027964234600e-01  1.000000000000e+00
D 1  1
1.356810375600e+02  1.000000000000e+00
D 1  1
3.544280661100e+01  1.000000000000e+00
D 1  1
1.714912300900e+01  1.000000000000e+00
D 1  1
1.047291679900e+01  1.000000000000e+00
D 1  1
4.966235306300e+00  1.000000000000e+00
D 1  1
3.049109069800e+00  1.000000000000e+00
D 1  1
1.534847296500e+00  1.000000000000e+00
D 1  1
8.137249934900e-01  1.000000000000e+00
D 1  1
3.431345543500e-01  1.000000000000e+00
F 1  1
6.426377519400e+01  1.000000000000e+00
F 1  1
1.360386824300e+01  1.000000000000e+00
F 1  1
7.990529491100e+00  1.000000000000e+00
F 1  1
4.227656519100e+00  1.000000000000e+00
F 1  1
1.926298366800e+00  1.000000000000e+00
F 1  1
9.988200911100e-01  1.000000000000e+00
F 1  1
4.369592970800e-01  1.000000000000e+00
G 1  1
2.430192540800e+01  1.000000000000e+00
G 1  1
8.391627325000e+00  1.000000000000e+00
G 1  1
4.375032899500e+00  1.000000000000e+00
G 1  1
1.730181975100e+00  1.000000000000e+00
G 1  1
7.425260538700e-01  1.000000000000e+00
H 1  1
1.253709634700e+01  1.000000000000e+00
H 1  1
6.489399874500e+00  1.000000000000e+00
H 1  1
2.690425840600e+00  1.000000000000e+00
I 1  1
1.058432330600e+01  1.000000000000e+00
I 1  1
5.708913119700e+00  1.000000000000e+00
@END

@ATOMBASIS GA
S 1  1
5.494635667800e+01  1.000000000000e+00
S 1  1
2.859363536300e+01  1.000000000000e+00
S 1  1
1.106534230300e+01  1.000000000000e+00
S 1  1
4.914230102100e+00  1.000000000000e+00
S 1  1
3.451026896500e+00  1.000000000000e+00
S 1  1
1.537513830700e+00  1.000000000000e+00
S 1  1
5.977244887300e-01  1.000000000000e+00
S 1  1
4.084288245300e-01  1.000000000000e+00
S 1  1
1.978506220800e-01  1.000000000000e+00
S 1  1
1.161848729000e-01  1.000000000000e+00
P 1  1
4.085135109400e+01  1.000000000000e+00
P 1  1
2.705238316300e+01  1.000000000000e+00
P 1  1
6.284820097100e+00  1.000000000000e+00
P 1  1
3.300283311600e-01  1.000000000000e+00
P 1  1
1.947517395200e-01  1.000000000000e+00
P 1  1
1.222976062800e-01  1.000000000000e+00
P 1  1
3.435322806700e+00  1.000000000000e+00
P 1  1
2.020046543000e+00  1.000000000000e+00
P 1  1
1.076364078600e+00  1.000000000000e+00
D 1  1
1.135121515000e+02  1.000000000000e+00
D 1  1
2.797117893100e+01  1.000000000000e+00
D 1  1
7.139446414200e+00  1.000000000000e+00
D 1  1
2.319072772300e+00  1.000000000000e+00
D 1  1
1.546048514800e+00  1.000000000000e+00
D 1  1
4.973452535000e-01  1.000000000000e+00
D 1  1
3.088111618400e-01  1.000000000000e+00
D 1  1
1.927644269100e-01  1.000000000000e+00
F 1  1
7.865541427800e+01  1.000000000000e+00
F 1  1
8.809003911000e+00  1.000000000000e+00
F 1  1
2.535104661100e+00  1.000000000000e+00
F 1  1
1.690069774000e+00  1.000000000000e+00
F 1  1
4.539663147400e-01  1.000000000000e+00
F 1  1
2.212726616100e-01  1.000000000000e+00
G 1  1
2.082239258200e+01  1.000000000000e+00
G 1  1
6.924654151700e+00  1.000000000000e+00
G 1  1
1.160946078400e+00  1.000000000000e+00
G 1  1
4.169285451600e-01  1.000000000000e+00
H 1  1
1.080674506200e+00  1.000000000000e+00
@END

@ATOMBASIS GE
S 1  1
6.917011077700e+01  1.000000000000e+00
S 1  1
2.949878419000e+01  1.000000000000e+00
S 1  1
1.411394802500e+01  1.000000000000e+00
S 1  1
6.061823869300e+00  1.000000000000e+00
S 1  1
4.132143558500e+00  1.000000000000e+00
S 1  1
1.791673484600e+00  1.000000000000e+00
S 1  1
6.415381962500e-01  1.000000000000e+00
S 1  1
4.337938795500e-01  1.000000000000e+00
S 1  1
2.236116478400e-01  1.000000000000e+00
S 1  1
1.275164532000e-01  1.000000000000e+00
P 1  1
4.356924956900e+01  1.000000000000e+00
P 1  1
2.935908308100e+01  1.000000000000e+00
P 1  1
6.411754119400e+00  1.000000000000e+00
P 1  1
3.818360006200e-01  1.000000000000e+00
P 1  1
2.404876594500e-01  1.000000000000e+00
P 1  1
1.440562686600e-01  1.000000000000e+00
P 1  1
3.914177259300e+00  1.000000000000e+00
P 1  1
1.642789836900e+00  1.000000000000e+00
P 1  1
8.937448444900e-01  1.000000000000e+00
D 1  1
1.249700983200e+02  1.000000000000e+00
D 1  1
3.331093371800e+01  1.000000000000e+00
D 1  1
8.417446604000e+00  1.000000000000e+00
D 1  1
2.635184531400e+00  1.000000000000e+00
D 1  1
1.458299438700e+00  1.000000000000e+00
D 1  1
6.014352759100e-01  1.000000000000e+00
D 1  1
3.338826702000e-01  1.000000000000e+00
D 1  1
1.550373336700e-01  1.000000000000e+00
F 1  1
8.617449022700e+01  1.000000000000e+00
F 1  1
1.022642218600e+01  1.000000000000e+00
F 1  1
2.898583680000e+00  1.000000000000e+00
F 1  1
1.751198174100e+00  1.000000000000e+00
F 1  1
5.724558002300e-01  1.000000000000e+00
F 1  1
2.768275430200e-01  1.000000000000e+00
G 1  1
2.451797470200e+01  1.000000000000e+00
G 1  1
8.288452305000e+00  1.000000000000e+00
G 1  1
1.464432116800e+00  1.000000000000e+00
G 1  1
5.244700604300e-01  1.000000000000e+00
H 1  1
1.354307625000e+00  1.000000000000e+00
@END

@ATOMBASIS AS
S 1  1
7.807932998800e+01  1.000000000000e+00
S 1  1
3.406156072600e+01  1.000000000000e+00
S 1  1
1.465620381200e+01  1.000000000000e+00
S 1  1
5.946256462000e+00  1.000000000000e+00
S 1  1
3.964170974700e+00  1.000000000000e+00
S 1  1
1.732618589000e+00  1.000000000000e+00
S 1  1
6.073219663300e-01  1.000000000000e+00
S 1  1
4.129685958400e-01  1.000000000000e+00
S 1  1
2.907712493100e-01  1.000000000000e+00
S 1  1
1.269712787800e-01  1.000000000000e+00
P 1  1
4.812466945700e+01  1.000000000000e+00
P 1  1
3.103268413500e+01  1.000000000000e+00
P 1  1
6.914853331100e+00  1.000000000000e+00
P 1  1
3.910926303000e-01  1.000000000000e+00
P 1  1
2.609280111100e-01  1.000000000000e+00
P 1  1
1.397556335400e-01  1.000000000000e+00
P 1  1
3.696968600400e+00  1.000000000000e+00
P 1  1
1.637751941000e+00  1.000000000000e+00
P 1  1
8.748535307500e-01  1.000000000000e+00
D 1  1
1.230329937200e+02  1.000000000000e+00
D 1  1
3.835208594500e+01  1.000000000000e+00
D 1  1
9.103359984800e+00  1.000000000000e+00
D 1  1
2.984404542000e+00  1.000000000000e+00
D 1  1
1.674662490800e+00  1.000000000000e+00
D 1  1
7.344865457500e-01  1.000000000000e+00
D 1  1
3.897730566000e-01  1.000000000000e+00
D 1  1
1.866600563500e-01  1.000000000000e+00
F 1  1
9.492038091500e+01  1.000000000000e+00
F 1  1
1.104629700800e+01  1.000000000000e+00
F 1  1
2.881550749300e+00  1.000000000000e+00
F 1  1
1.870726716800e+00  1.000000000000e+00
F 1  1
6.776727673900e-01  1.000000000000e+00
F 1  1
3.437726498600e-01  1.000000000000e+00
G 1  1
2.820052063800e+01  1.000000000000e+00
G 1  1
9.619642792900e+00  1.000000000000e+00
G 1  1
1.793999675000e+00  1.000000000000e+00
G 1  1
6.427735201500e-01  1.000000000000e+00
H 1  1
1.682842430600e+00  1.000000000000e+00
@END

@ATOMBASIS SE
S 1  1
8.250680015000e+01  1.000000000000e+00
S 1  1
3.673810891100e+01  1.000000000000e+00
S 1  1
1.586887243900e+01  1.000000000000e+00
S 1  1
6.026078809100e+00  1.000000000000e+00
S 1  1
4.038861531400e+00  1.000000000000e+00
S 1  1
2.097231943700e+00  1.000000000000e+00
S 1  1
7.826076221000e-01  1.000000000000e+00
S 1  1
5.209263981400e-01  1.000000000000e+00
S 1  1
3.328687470800e-01  1.000000000000e+00
S 1  1
1.535999685200e-01  1.000000000000e+00
P 1  1
5.273296527500e+01  1.000000000000e+00
P 1  1
3.308523674700e+01  1.000000000000e+00
P 1  1
7.484577973200e+00  1.000000000000e+00
P 1  1
5.495323900100e-01  1.000000000000e+00
P 1  1
2.971049904100e-01  1.000000000000e+00
P 1  1
1.980699936000e-01  1.000000000000e+00
P 1  1
4.144801077400e+00  1.000000000000e+00
P 1  1
1.794639279900e+00  1.000000000000e+00
P 1  1
1.064663703400e+00  1.000000000000e+00
D 1  1
1.301406060200e+02  1.000000000000e+00
D 1  1
4.089506748300e+01  1.000000000000e+00
D 1  1
9.968971155800e+00  1.000000000000e+00
D 1  1
3.300987166600e+00  1.000000000000e+00
D 1  1
1.914095210400e+00  1.000000000000e+00
D 1  1
8.553094901300e-01  1.000000000000e+00
D 1  1
4.615842442100e-01  1.000000000000e+00
D 1  1
2.001235918400e-01  1.000000000000e+00
F 1  1
9.931542360000e+01  1.000000000000e+00
F 1  1
1.195810334100e+01  1.000000000000e+00
F 1  1
2.929934477500e+00  1.000000000000e+00
F 1  1
1.757961280300e+00  1.000000000000e+00
F 1  1
8.141741660300e-01  1.000000000000e+00
F 1  1
3.951510951600e-01  1.000000000000e+00
G 1  1
3.170252422200e+01  1.000000000000e+00
G 1  1
1.093914222200e+01  1.000000000000e+00
G 1  1
2.119713759900e+00  1.000000000000e+00
G 1  1
7.200661473400e-01  1.000000000000e+00
H 1  1
1.926791264900e+00  1.000000000000e+00
@END

@ATOMBASIS BR
S 1  1
8.846015244900e+01  1.000000000000e+00
S 1  1
4.008660117200e+01  1.000000000000e+00
S 1  1
1.655620144000e+01  1.000000000000e+00
S 1  1
6.763490364100e+00  1.000000000000e+00
S 1  1
4.278670160200e+00  1.000000000000e+00
S 1  1
1.680205579300e+00  1.000000000000e+00
S 1  1
8.821182737800e-01  1.000000000000e+00
S 1  1
4.992537794200e-01  1.000000000000e+00
S 1  1
2.925172123700e-01  1.000000000000e+00
S 1  1
1.571468872800e-01  1.000000000000e+00
P 1  1
5.580613126200e+01  1.000000000000e+00
P 1  1
3.543702225000e+01  1.000000000000e+00
P 1  1
8.256888868700e+00  1.000000000000e+00
P 1  1
5.396583650400e-01  1.000000000000e+00
P 1  1
2.855829085800e-01  1.000000000000e+00
P 1  1
1.548083533800e-01  1.000000000000e+00
P 1  1
3.711300877800e+00  1.000000000000e+00
P 1  1
1.389427313300e+00  1.000000000000e+00
P 1  1
9.494762923800e-01  1.000000000000e+00
D 1  1
1.410000673500e+02  1.000000000000e+00
D 1  1
4.409241703200e+01  1.000000000000e+00
D 1  1
1.085895721000e+01  1.000000000000e+00
D 1  1
3.514096732500e+00  1.000000000000e+00
D 1  1
2.022209108800e+00  1.000000000000e+00
D 1  1
9.942503727000e-01  1.000000000000e+00
D 1  1
5.329853444400e-01  1.000000000000e+00
D 1  1
2.297076167300e-01  1.000000000000e+00
F 1  1
1.040550217400e+02  1.000000000000e+00
F 1  1
1.311520959500e+01  1.000000000000e+00
F 1  1
3.251842701900e+00  1.000000000000e+00
F 1  1
1.859128530000e+00  1.000000000000e+00
F 1  1
9.529661719700e-01  1.000000000000e+00
F 1  1
4.634945213600e-01  1.000000000000e+00
G 1  1
3.324174995800e+01  1.000000000000e+00
G 1  1
1.185133748800e+01  1.000000000000e+00
G 1  1
2.507564218000e+00  1.000000000000e+00
G 1  1
8.573402362100e-01  1.000000000000e+00
H 1  1
2.304536807700e+00  1.000000000000e+00
@END

@ATOMBASIS KR
S 1  1
8.789006328700e+01  1.000000000000e+00
S 1  1
4.142851135600e+01  1.000000000000e+00
S 1  1
1.689744644500e+01  1.000000000000e+00
S 1  1
8.121397104000e+00  1.000000000000e+00
S 1  1
5.414264736000e+00  1.000000000000e+00
S 1  1
1.567965538600e+00  1.000000000000e+00
S 1  1
1.045310359100e+00  1.000000000000e+00
S 1  1
5.508922596500e-01  1.000000000000e+00
S 1  1
3.029717742000e-01  1.000000000000e+00
S 1  1
1.839320327300e-01  1.000000000000e+00
P 1  1
5.820730066800e+01  1.000000000000e+00
P 1  1
3.880486711200e+01  1.000000000000e+00
P 1  1
9.177681582400e+00  1.000000000000e+00
P 1  1
5.654361986100e-01  1.000000000000e+00
P 1  1
3.197477788400e-01  1.000000000000e+00
P 1  1
1.683932498500e-01  1.000000000000e+00
P 1  1
3.825863005400e+00  1.000000000000e+00
P 1  1
1.708543218000e+00  1.000000000000e+00
P 1  1
1.139028812000e+00  1.000000000000e+00
D 1  1
1.647774308700e+02  1.000000000000e+00
D 1  1
4.421851207500e+01  1.000000000000e+00
D 1  1
1.233735541900e+01  1.000000000000e+00
D 1  1
3.830870702000e+00  1.000000000000e+00
D 1  1
2.553913801400e+00  1.000000000000e+00
D 1  1
1.058919142600e+00  1.000000000000e+00
D 1  1
6.539377697700e-01  1.000000000000e+00
D 1  1
2.595325826800e-01  1.000000000000e+00
F 1  1
1.114428736700e+02  1.000000000000e+00
F 1  1
1.449952013100e+01  1.000000000000e+00
F 1  1
3.811257936100e+00  1.000000000000e+00
F 1  1
2.569999724200e+00  1.000000000000e+00
F 1  1
1.121242431200e+00  1.000000000000e+00
F 1  1
5.412108250200e-01  1.000000000000e+00
G 1  1
3.688866190800e+01  1.000000000000e+00
G 1  1
1.328547342600e+01  1.000000000000e+00
G 1  1
2.909766048900e+00  1.000000000000e+00
G 1  1
1.023629735100e+00  1.000000000000e+00
H 1  1
2.767646279600e+00  1.000000000000e+00
@END
16f37051f93dd932164391ccb7da74c3