{
  "cells": [
    {
      "cell_type": "code",
      "execution_count": 1,
      "id": "minimal-nbo-imports",
      "metadata": {
        "id": "minimal-nbo-imports",
        "language": "python"
      },
      "outputs": [],
      "source": [
        "# Minimal NBO Walkthrough\n",
        "\n",
        "\n",
        "import numpy as np\n",
        "import veloxchem as vlx\n",
        "\n",
        "np.set_printoptions(precision=6, suppress=True)"
      ]
    },
    {
      "cell_type": "markdown",
      "id": "minimal-nbo-molecule-text",
      "metadata": {
        "id": "minimal-nbo-molecule-text",
        "language": "markdown"
      },
      "source": [
        "## Molecule\n",
        "\n",
        "Load water and print the atom numbers used in NBO output."
      ]
    },
    {
      "cell_type": "code",
      "execution_count": 2,
      "id": "minimal-nbo-molecule-code",
      "metadata": {
        "id": "minimal-nbo-molecule-code",
        "language": "python"
      },
      "outputs": [
        {
          "name": "stdout",
          "output_type": "stream",
          "text": [
            "atom            x            y            z\n",
            "  O1     0.000000     0.000000     0.000000\n",
            "  H2     0.758602     0.000000     0.504284\n",
            "  H3    -0.758602     0.000000     0.504284\n"
          ]
        }
      ],
      "source": [
        "water_xyz = '''\n",
        "O   0.000000   0.000000   0.000000\n",
        "H   0.758602   0.000000   0.504284\n",
        "H  -0.758602   0.000000   0.504284\n",
        "'''\n",
        "\n",
        "molecule = vlx.Molecule.read_molecule_string(water_xyz, units='angstrom')\n",
        "labels = molecule.get_labels()\n",
        "coordinates = molecule.get_coordinates_in_angstrom()\n",
        "\n",
        "print(f\"{'atom':>4} {'x':>12} {'y':>12} {'z':>12}\")\n",
        "for atom_number, (label, xyz) in enumerate(zip(labels, coordinates), start=1):\n",
        "    print(f'{label + str(atom_number):>4} {xyz[0]:12.6f} {xyz[1]:12.6f} {xyz[2]:12.6f}')"
      ]
    },
    {
      "cell_type": "markdown",
      "id": "minimal-nbo-scf-text",
      "metadata": {
        "id": "minimal-nbo-scf-text",
        "language": "markdown"
      },
      "source": [
        "## SCF\n",
        "\n",
        "Run the ordinary VeloxChem SCF calculation."
      ]
    },
    {
      "cell_type": "code",
      "execution_count": 3,
      "id": "minimal-nbo-scf-code",
      "metadata": {
        "id": "minimal-nbo-scf-code",
        "language": "python"
      },
      "outputs": [
        {
          "name": "stdout",
          "output_type": "stream",
          "text": [
            "converged: True\n",
            "energy   : -74.945880784112 Eh\n"
          ]
        }
      ],
      "source": [
        "basis = vlx.MolecularBasis.read(molecule, 'sto-3g', ostream=None)\n",
        "scf = vlx.ScfRestrictedDriver()\n",
        "scf.ostream.mute()\n",
        "scf.compute(molecule, basis)\n",
        "\n",
        "print('converged:', scf.is_converged)\n",
        "print('energy   :', f'{scf.get_scf_energy():.12f} Eh')"
      ]
    },
    {
      "cell_type": "markdown",
      "id": "minimal-nbo-run-text",
      "metadata": {
        "id": "minimal-nbo-run-text",
        "language": "markdown"
      },
      "source": [
        "## NBO\n",
        "\n",
        "Pass the SCF orbitals to the NBO driver."
      ]
    },
    {
      "cell_type": "code",
      "execution_count": 4,
      "id": "minimal-nbo-run-code",
      "metadata": {
        "id": "minimal-nbo-run-code",
        "language": "python"
      },
      "outputs": [
        {
          "name": "stdout",
          "output_type": "stream",
          "text": [
            "NBO result keys: alternatives, diagnostics, donor_acceptor_diagnostics, mo_analysis, nao_alpha_density_matrix, nao_atom_map, nao_beta_density_matrix, nao_density_matrix, nao_l_map, nao_overlap_matrix, nao_populations, nao_spin_density_matrix, nao_spin_populations, nao_transform, natural_charges, nbo_candidates, nbo_list, primary, provenance, unpaired_electrons\n"
          ]
        }
      ],
      "source": [
        "nbo = vlx.NboDriver()\n",
        "nbo.ostream.mute()\n",
        "results = nbo.compute(molecule, basis, scf.mol_orbs)\n",
        "\n",
        "print('NBO result keys:', ', '.join(sorted(results)))"
      ]
    },
    {
      "cell_type": "markdown",
      "id": "minimal-nbo-read-text",
      "metadata": {
        "id": "minimal-nbo-read-text",
        "language": "markdown"
      },
      "source": [
        "## Read the Result\n",
        "\n",
        "Inspect one NAO, the natural charges, and the selected NBOs."
      ]
    },
    {
      "cell_type": "code",
      "execution_count": 5,
      "id": "minimal-nbo-read-code",
      "metadata": {
        "id": "minimal-nbo-read-code",
        "language": "python"
      },
      "outputs": [
        {
          "name": "stdout",
          "output_type": "stream",
          "text": [
            "first NAO: O1 population = 2.000000\n",
            "\n",
            "natural charges\n",
            "  O1: -0.290747\n",
            "  H2:  0.145373\n",
            "  H3:  0.145373\n",
            "\n",
            "selected NBOs\n",
            "  CR   O1       2.000000\n",
            "  LP   O1       2.000000\n",
            "  LP   O1       2.000000\n",
            "  BD   O1-H2    2.000000\n",
            "  BD   O1-H3    2.000000\n"
          ]
        }
      ],
      "source": [
        "nao_index = 0\n",
        "atom_index = int(results['nao_atom_map'][nao_index])\n",
        "population = float(results['nao_populations'][nao_index])\n",
        "print('first NAO:', f'{labels[atom_index]}{atom_index + 1}', 'population =', f'{population:.6f}')\n",
        "\n",
        "print('\\nnatural charges')\n",
        "for atom_number, label in enumerate(labels, start=1):\n",
        "    charge = float(results['natural_charges'][atom_number - 1])\n",
        "    print(f'  {label}{atom_number}: {charge: .6f}')\n",
        "\n",
        "print('\\nselected NBOs')\n",
        "for item in results['primary']['nbo_list']:\n",
        "    atom_text = '-'.join(f'{labels[atom]}{atom + 1}' for atom in item['atoms'])\n",
        "    print(f\"  {item['type']:<4} {atom_text:<8} {item['occupation']:.6f}\")"
      ]
    },
    {
      "cell_type": "markdown",
      "id": "minimal-nbo-allyl-text",
      "metadata": {
        "id": "minimal-nbo-allyl-text",
        "language": "markdown"
      },
      "source": [
        "## Allyl Resonance\n",
        "\n",
        "Use three user inputs: left pi bond, right pi bond, and the two-structure resonance space."
      ]
    },
    {
      "cell_type": "code",
      "execution_count": 6,
      "id": "minimal-nbo-allyl-code",
      "metadata": {
        "id": "minimal-nbo-allyl-code",
        "language": "python"
      },
      "outputs": [
        {
          "data": {
            "application/3dmoljs_load.v0": "<div id=\"3dmolviewer_17773983649213347\"  style=\"position: relative; width: 400px; height: 300px;\">\n        <p id=\"3dmolwarning_17773983649213347\" style=\"background-color:#ffcccc;color:black\">3Dmol.js failed to load for some reason.  Please check your browser console for error messages.<br></p>\n        </div>\n<script>\n\nvar loadScriptAsync = function(uri){\n  return new Promise((resolve, reject) => {\n    //this is to ignore the existence of requirejs amd\n    var savedexports, savedmodule;\n    if (typeof exports !== 'undefined') savedexports = exports;\n    else exports = {}\n    if (typeof module !== 'undefined') savedmodule = module;\n    else module = {}\n\n    var tag = document.createElement('script');\n    tag.src = uri;\n    tag.async = true;\n    tag.onload = () => {\n        exports = savedexports;\n        module = savedmodule;\n        resolve();\n    };\n  var firstScriptTag = document.getElementsByTagName('script')[0];\n  firstScriptTag.parentNode.insertBefore(tag, firstScriptTag);\n});\n};\n\nif(typeof $3Dmolpromise === 'undefined') {\n$3Dmolpromise = null;\n  $3Dmolpromise = loadScriptAsync('https://cdn.jsdelivr.net/npm/3dmol@2.5.4/build/3Dmol-min.js');\n}\n\nvar viewer_17773983649213347 = null;\nvar warn = document.getElementById(\"3dmolwarning_17773983649213347\");\nif(warn) {\n    warn.parentNode.removeChild(warn);\n}\n$3Dmolpromise.then(function() {\nviewer_17773983649213347 = $3Dmol.createViewer(document.getElementById(\"3dmolviewer_17773983649213347\"),{backgroundColor:\"white\"});\nviewer_17773983649213347.zoomTo();\n\tviewer_17773983649213347.addModel(\"8\\n\\nC             -0.139258000000         0.447206000000         0.214273000000\\nC             -0.867515000000         0.702403000000         1.459373000000\\nC             -1.282098000000        -0.294407000000         2.235136000000\\nH              0.081244000000        -0.562825000000        -0.108032000000\\nH              0.186025000000         1.278086000000        -0.397259000000\\nH             -1.070253000000         1.725322000000         1.750196000000\\nH             -1.818350000000        -0.080027000000         3.150416000000\\nH             -1.093568000000        -1.327455000000         1.969491000000\\n\");\n\tviewer_17773983649213347.setViewStyle({\"style\": \"outline\", \"width\": 0.05});\n\tviewer_17773983649213347.setStyle({\"stick\": {}, \"sphere\": {\"scale\": 0.25}});\n\tviewer_17773983649213347.zoomTo();\nviewer_17773983649213347.render();\n});\n</script>",
            "text/html": [
              "<div id=\"3dmolviewer_17773983649213347\"  style=\"position: relative; width: 400px; height: 300px;\">\n",
              "        <p id=\"3dmolwarning_17773983649213347\" style=\"background-color:#ffcccc;color:black\">3Dmol.js failed to load for some reason.  Please check your browser console for error messages.<br></p>\n",
              "        </div>\n",
              "<script>\n",
              "\n",
              "var loadScriptAsync = function(uri){\n",
              "  return new Promise((resolve, reject) => {\n",
              "    //this is to ignore the existence of requirejs amd\n",
              "    var savedexports, savedmodule;\n",
              "    if (typeof exports !== 'undefined') savedexports = exports;\n",
              "    else exports = {}\n",
              "    if (typeof module !== 'undefined') savedmodule = module;\n",
              "    else module = {}\n",
              "\n",
              "    var tag = document.createElement('script');\n",
              "    tag.src = uri;\n",
              "    tag.async = true;\n",
              "    tag.onload = () => {\n",
              "        exports = savedexports;\n",
              "        module = savedmodule;\n",
              "        resolve();\n",
              "    };\n",
              "  var firstScriptTag = document.getElementsByTagName('script')[0];\n",
              "  firstScriptTag.parentNode.insertBefore(tag, firstScriptTag);\n",
              "});\n",
              "};\n",
              "\n",
              "if(typeof $3Dmolpromise === 'undefined') {\n",
              "$3Dmolpromise = null;\n",
              "  $3Dmolpromise = loadScriptAsync('https://cdn.jsdelivr.net/npm/3dmol@2.5.4/build/3Dmol-min.js');\n",
              "}\n",
              "\n",
              "var viewer_17773983649213347 = null;\n",
              "var warn = document.getElementById(\"3dmolwarning_17773983649213347\");\n",
              "if(warn) {\n",
              "    warn.parentNode.removeChild(warn);\n",
              "}\n",
              "$3Dmolpromise.then(function() {\n",
              "viewer_17773983649213347 = $3Dmol.createViewer(document.getElementById(\"3dmolviewer_17773983649213347\"),{backgroundColor:\"white\"});\n",
              "viewer_17773983649213347.zoomTo();\n",
              "\tviewer_17773983649213347.addModel(\"8\\n\\nC             -0.139258000000         0.447206000000         0.214273000000\\nC             -0.867515000000         0.702403000000         1.459373000000\\nC             -1.282098000000        -0.294407000000         2.235136000000\\nH              0.081244000000        -0.562825000000        -0.108032000000\\nH              0.186025000000         1.278086000000        -0.397259000000\\nH             -1.070253000000         1.725322000000         1.750196000000\\nH             -1.818350000000        -0.080027000000         3.150416000000\\nH             -1.093568000000        -1.327455000000         1.969491000000\\n\");\n",
              "\tviewer_17773983649213347.setViewStyle({\"style\": \"outline\", \"width\": 0.05});\n",
              "\tviewer_17773983649213347.setStyle({\"stick\": {}, \"sphere\": {\"scale\": 0.25}});\n",
              "\tviewer_17773983649213347.zoomTo();\n",
              "viewer_17773983649213347.render();\n",
              "});\n",
              "</script>"
            ]
          },
          "metadata": {},
          "output_type": "display_data"
        }
      ],
      "source": [
        "allyl = vlx.Molecule.read_smiles('[CH2+]C=C')\n",
        "allyl.set_multiplicity(1)\n",
        "allyl.show()"
      ]
    },
    {
      "cell_type": "code",
      "execution_count": 7,
      "id": "745e09d8",
      "metadata": {},
      "outputs": [
        {
          "name": "stdout",
          "output_type": "stream",
          "text": [
            "                                                                                                                          \n",
            "                                            Self Consistent Field Driver Setup                                            \n",
            "                                           ====================================                                           \n",
            "                                                                                                                          \n",
            "                   Wave Function Model             : Spin-Restricted Hartree-Fock                                         \n",
            "                   Initial Guess Model             : Superposition of Atomic Densities                                    \n",
            "                   Convergence Accelerator         : Two Level Direct Inversion of Iterative Subspace                     \n",
            "                   Max. Number of Iterations       : 50                                                                   \n",
            "                   Max. Number of Error Vectors    : 10                                                                   \n",
            "                   Convergence Threshold           : 1.0e-06                                                              \n",
            "                   ERI Screening Threshold         : 1.0e-12                                                              \n",
            "                   Linear Dependence Threshold     : 1.0e-06                                                              \n",
            "                                                                                                                          \n",
            "* Info * Starting Reduced Basis SCF calculation...                                                                        \n",
            "* Info * ...done. SCF energy in reduced basis set: -114.800217059481 a.u. Time: 0.01 sec.                                 \n",
            "                                                                                                                          \n",
            "                                                                                                                          \n",
            "               Iter. | Hartree-Fock Energy | Energy Change | Gradient Norm | Max. Gradient | Density Change               \n",
            "               --------------------------------------------------------------------------------------------               \n",
            "                  1      -114.800218702230    0.0000000000      0.00027382      0.00006346      0.00000000                \n",
            "                  2      -114.800218740493   -0.0000000383      0.00018522      0.00002094      0.00022626                \n",
            "                  3      -114.800218756284   -0.0000000158      0.00001173      0.00000131      0.00025370                \n",
            "                  4      -114.800218756309   -0.0000000000      0.00000592      0.00000086      0.00000786                \n",
            "                  5      -114.800218756315   -0.0000000000      0.00000050      0.00000008      0.00000464                \n",
            "                                                                                                                          \n",
            "               *** SCF converged in 5 iterations. Time: 0.03 sec.                                                         \n",
            "                                                                                                                          \n",
            "               Spin-Restricted Hartree-Fock:                                                                              \n",
            "               -----------------------------                                                                              \n",
            "               Total Energy                       :     -114.8002187563 a.u.                                              \n",
            "               Electronic Energy                  :     -179.6326983430 a.u.                                              \n",
            "               Nuclear Repulsion Energy           :       64.8324795866 a.u.                                              \n",
            "               ------------------------------------                                                                       \n",
            "               Gradient Norm                      :        0.0000005010 a.u.                                              \n",
            "                                                                                                                          \n",
            "                                                                                                                          \n",
            "               Ground State Information                                                                                   \n",
            "               ------------------------                                                                                   \n",
            "               Charge of Molecule            :  1.0                                                                       \n",
            "               Multiplicity (2S+1)           :  1                                                                         \n",
            "               Magnetic Quantum Number (M_S) :  0.0                                                                       \n",
            "                                                                                                                          \n"
          ]
        },
        {
          "data": {
            "text/plain": [
              "{'eri_thresh': 1e-12,\n",
              " 'scf_type': 'restricted',\n",
              " 'scf_energy': np.float64(-114.80021875631537),\n",
              " 'restart': False,\n",
              " 'filename': None,\n",
              " 'scf_history': [{'energy': np.float64(-114.80021857572031),\n",
              "   'gradient_norm': np.float64(0.0006900586487497877),\n",
              "   'max_gradient': np.float64(7.094660771617397e-05),\n",
              "   'diff_density': np.float64(0.0),\n",
              "   'diff_energy': np.float64(-1.5162392230649857e-06)},\n",
              "  {'energy': np.float64(-114.80021870222977),\n",
              "   'gradient_norm': np.float64(0.0002738226621131496),\n",
              "   'max_gradient': np.float64(6.34561901707635e-05),\n",
              "   'diff_density': np.float64(0.0004264855877934827),\n",
              "   'diff_energy': np.float64(-1.2650946246139938e-07)},\n",
              "  {'energy': np.float64(-114.80021874049329),\n",
              "   'gradient_norm': np.float64(0.00018522087817458136),\n",
              "   'max_gradient': np.float64(2.0940605985174362e-05),\n",
              "   'diff_density': np.float64(0.00022625621000555842),\n",
              "   'diff_energy': np.float64(-3.8263522128545446e-08)},\n",
              "  {'energy': np.float64(-114.80021875628405),\n",
              "   'gradient_norm': np.float64(1.1731787776234086e-05),\n",
              "   'max_gradient': np.float64(1.3145685646724724e-06),\n",
              "   'diff_density': np.float64(0.00025369703751412895),\n",
              "   'diff_energy': np.float64(-1.5790760699019302e-08)},\n",
              "  {'energy': np.float64(-114.80021875630867),\n",
              "   'gradient_norm': np.float64(5.9180370744810685e-06),\n",
              "   'max_gradient': np.float64(8.562298052363996e-07),\n",
              "   'diff_density': np.float64(7.860074828270639e-06),\n",
              "   'diff_energy': np.float64(-2.461320036672987e-11)},\n",
              "  {'energy': np.float64(-114.80021875631537),\n",
              "   'gradient_norm': np.float64(5.010439403829405e-07),\n",
              "   'max_gradient': np.float64(7.742828731607506e-08),\n",
              "   'diff_density': np.float64(4.641827504043146e-06),\n",
              "   'diff_energy': np.float64(-6.707523425575346e-12)}],\n",
              " 'S': array([[ 1.      ,  0.248362,  0.      ,  0.032053,  0.      ,  0.001706,\n",
              "          0.063317,  0.06349 ,  0.004787,  0.000088,  0.001265,  0.      ,\n",
              "         -0.009286,  0.001205,  0.      , -0.045308, -0.003284,  0.      ,\n",
              "          0.026501,  0.001857],\n",
              "        [ 0.248362,  1.      ,  0.032053,  0.333034,  0.001706,  0.058595,\n",
              "          0.494849,  0.495522,  0.088971,  0.006286,  0.035298,  0.      ,\n",
              "         -0.063444,  0.026367,  0.      , -0.30954 , -0.071849,  0.      ,\n",
              "          0.18105 ,  0.040632],\n",
              "        [ 0.      ,  0.032053,  1.      ,  0.248362,  0.000003,  0.044359,\n",
              "          0.004519,  0.004706,  0.063359,  0.006363,  0.006157,  0.009286,\n",
              "          0.      ,  0.055181,  0.045308,  0.      , -0.042944, -0.026501,\n",
              "          0.      ,  0.02295 ],\n",
              "        [ 0.032053,  0.333034,  0.248362,  1.      ,  0.044359,  0.400932,\n",
              "          0.085379,  0.087893,  0.495014,  0.109202,  0.106632,  0.063444,\n",
              "          0.      ,  0.309686,  0.30954 ,  0.      , -0.241012, -0.18105 ,\n",
              "          0.      ,  0.128801],\n",
              "        [ 0.      ,  0.001706,  0.000003,  0.044359,  1.      ,  0.248362,\n",
              "          0.001075,  0.000097,  0.006426,  0.063413,  0.063274, -0.001205,\n",
              "         -0.055181,  0.      ,  0.003284,  0.042944,  0.      , -0.001857,\n",
              "         -0.02295 ,  0.      ],\n",
              "        [ 0.001706,  0.058595,  0.044359,  0.400932,  0.248362,  1.      ,\n",
              "          0.031628,  0.006666,  0.109979,  0.495223,  0.49468 , -0.026367,\n",
              "         -0.309686,  0.      ,  0.071849,  0.241012,  0.      , -0.040632,\n",
              "         -0.128801,  0.      ],\n",
              "        [ 0.063317,  0.494849,  0.004519,  0.085379,  0.001075,  0.031628,\n",
              "          1.      ,  0.147852,  0.012822,  0.002907,  0.048947, -0.438097,\n",
              "         -0.063637, -0.004554, -0.139799, -0.078836, -0.039755,  0.095642,\n",
              "          0.04772 ,  0.023131],\n",
              "        [ 0.06349 ,  0.495522,  0.004706,  0.087893,  0.000097,  0.006666,\n",
              "          0.147852,  1.      ,  0.046993,  0.000816,  0.003344,  0.361083,\n",
              "          0.029909,  0.0051  , -0.265759, -0.096459, -0.008537,  0.141361,\n",
              "          0.054736,  0.004761],\n",
              "        [ 0.004787,  0.088971,  0.063359,  0.495014,  0.006426,  0.109979,\n",
              "          0.012822,  0.046993,  1.      ,  0.059152,  0.016051,  0.067315,\n",
              "          0.443897,  0.135054,  0.080893,  0.126203, -0.032427, -0.049033,\n",
              "         -0.087978,  0.014166],\n",
              "        [ 0.000088,  0.006286,  0.006363,  0.109202,  0.063413,  0.495223,\n",
              "          0.002907,  0.000816,  0.059152,  1.      ,  0.148331, -0.001608,\n",
              "         -0.0519  ,  0.093086,  0.008955,  0.11217 ,  0.397423, -0.005121,\n",
              "         -0.063071, -0.232845],\n",
              "        [ 0.001265,  0.035298,  0.006157,  0.106632,  0.063274,  0.49468 ,\n",
              "          0.048947,  0.003344,  0.016051,  0.148331,  1.      , -0.033898,\n",
              "         -0.131061, -0.447864,  0.033526,  0.032937, -0.115167, -0.018228,\n",
              "         -0.014595,  0.081735],\n",
              "        [ 0.      ,  0.      ,  0.009286,  0.063444, -0.001205, -0.026367,\n",
              "         -0.438097,  0.361083,  0.067315, -0.001608, -0.033898,  1.      ,\n",
              "          0.173604,  0.011337,  0.      , -0.075919,  0.035642,  0.      ,\n",
              "          0.044405, -0.020156],\n",
              "        [-0.009286, -0.063444,  0.      ,  0.      , -0.055181, -0.309686,\n",
              "         -0.063637,  0.029909,  0.443897, -0.0519  , -0.131061,  0.173604,\n",
              "          1.      , -0.078424, -0.075919,  0.      ,  0.249192,  0.044405,\n",
              "          0.      , -0.133173],\n",
              "        [ 0.001205,  0.026367,  0.055181,  0.309686,  0.      ,  0.      ,\n",
              "         -0.004554,  0.0051  ,  0.135054,  0.093086, -0.447864,  0.011337,\n",
              "         -0.078424,  1.      ,  0.035642,  0.249192,  0.      , -0.020156,\n",
              "         -0.133173,  0.      ],\n",
              "        [ 0.      ,  0.      ,  0.045308,  0.30954 ,  0.003284,  0.071849,\n",
              "         -0.139799, -0.265759,  0.080893,  0.008955,  0.033526,  0.      ,\n",
              "         -0.075919,  0.035642,  1.      , -0.181241, -0.072707,  0.      ,\n",
              "          0.216649,  0.054925],\n",
              "        [-0.045308, -0.30954 ,  0.      ,  0.      ,  0.042944,  0.241012,\n",
              "         -0.078836, -0.096459,  0.126203,  0.11217 ,  0.032937, -0.075919,\n",
              "          0.      ,  0.249192, -0.181241,  1.      ,  0.047841,  0.216649,\n",
              "          0.      ,  0.103641],\n",
              "        [-0.003284, -0.071849, -0.042944, -0.241012,  0.      ,  0.      ,\n",
              "         -0.039755, -0.008537, -0.032427,  0.397423, -0.115167,  0.035642,\n",
              "          0.249192,  0.      , -0.072707,  0.047841,  1.      ,  0.054925,\n",
              "          0.103641,  0.      ],\n",
              "        [ 0.      ,  0.      , -0.026501, -0.18105 , -0.001857, -0.040632,\n",
              "          0.095642,  0.141361, -0.049033, -0.005121, -0.018228,  0.      ,\n",
              "          0.044405, -0.020156,  0.      ,  0.216649,  0.054925,  1.      ,\n",
              "          0.062447, -0.006644],\n",
              "        [ 0.026501,  0.18105 ,  0.      ,  0.      , -0.02295 , -0.128801,\n",
              "          0.04772 ,  0.054736, -0.087978, -0.063071, -0.014595,  0.044405,\n",
              "          0.      , -0.133173,  0.216649,  0.      ,  0.103641,  0.062447,\n",
              "          1.      ,  0.186385],\n",
              "        [ 0.001857,  0.040632,  0.02295 ,  0.128801,  0.      ,  0.      ,\n",
              "          0.023131,  0.004761,  0.014166, -0.232845,  0.081735, -0.020156,\n",
              "         -0.133173,  0.      ,  0.054925,  0.103641,  0.      , -0.006644,\n",
              "          0.186385,  1.      ]]),\n",
              " 'C_alpha': array([[-0.992711, -0.000186,  0.000484, -0.124578,  0.181067,  0.059908,\n",
              "         -0.014989,  0.001913,  0.014387, -0.0314  ,  0.      ,  0.      ,\n",
              "         -0.      ,  0.137645, -0.16341 ,  0.014519,  0.026665, -0.043313,\n",
              "         -0.045916, -0.005159],\n",
              "        [-0.033161, -0.000197, -0.006348,  0.355324, -0.55223 , -0.200331,\n",
              "          0.05437 , -0.010899, -0.05252 ,  0.120932, -0.      , -0.      ,\n",
              "          0.000001, -0.867257,  1.039004, -0.109389, -0.195561,  0.2671  ,\n",
              "          0.323204,  0.034342],\n",
              "        [-0.000411, -0.005842,  0.992156, -0.173691, -0.018873, -0.13702 ,\n",
              "          0.014613,  0.008261,  0.000558,  0.018854,  0.      , -0.      ,\n",
              "          0.      , -0.030891,  0.090626,  0.053497,  0.094003,  0.17299 ,\n",
              "         -0.0284  , -0.085251],\n",
              "        [ 0.00588 ,  0.007641,  0.036609,  0.441664,  0.045485,  0.420994,\n",
              "         -0.036092, -0.019262, -0.025629, -0.082678, -0.      ,  0.      ,\n",
              "         -0.000001,  0.177246, -0.532857, -0.356997, -0.578151, -1.153209,\n",
              "          0.223436,  0.675234],\n",
              "        [ 0.000142, -0.99244 , -0.005243, -0.139762, -0.148072,  0.09991 ,\n",
              "         -0.028376, -0.012794, -0.017608, -0.013843, -0.      ,  0.      ,\n",
              "          0.      ,  0.030807, -0.003423,  0.128533, -0.15203 , -0.039183,\n",
              "          0.022561,  0.106014],\n",
              "        [-0.000207, -0.035238, -0.008341,  0.371506,  0.423609, -0.324963,\n",
              "          0.105152,  0.061128,  0.039503,  0.045758,  0.      , -0.000001,\n",
              "         -0.      , -0.193618,  0.000971, -0.843008,  0.98533 ,  0.256827,\n",
              "         -0.162936, -0.840271],\n",
              "        [ 0.00652 ,  0.00005 ,  0.000091,  0.073925, -0.158222, -0.197138,\n",
              "         -0.133504, -0.310277, -0.140499, -0.178095, -0.000001,  0.      ,\n",
              "         -0.000001,  0.079581, -1.084249,  0.043711,  0.203748,  0.559911,\n",
              "         -0.012588,  0.342817],\n",
              "        [ 0.006521,  0.000111,  0.000038,  0.064057, -0.169206, -0.096486,\n",
              "          0.292695,  0.090131,  0.305312,  0.014622,  0.000001,  0.      ,\n",
              "          0.000001,  0.706679, -0.190171,  0.65961 ,  0.589227, -0.488735,\n",
              "          0.150902, -0.290371],\n",
              "        [-0.000049, -0.000077, -0.006645,  0.079808,  0.011126,  0.217667,\n",
              "          0.152566, -0.053514, -0.144934, -0.391914, -0.000001,  0.000001,\n",
              "          0.000001,  0.484918,  0.565238,  0.14952 ,  0.260844,  0.653544,\n",
              "         -0.692666,  0.300545],\n",
              "        [ 0.000078,  0.006563,  0.000151,  0.064264,  0.120559, -0.144531,\n",
              "          0.241788, -0.074849, -0.273316,  0.244819, -0.      ,  0.      ,\n",
              "         -0.      ,  0.594061,  0.060976,  0.281863, -0.856403,  0.392542,\n",
              "          0.567091, -0.10477 ],\n",
              "        [ 0.000132,  0.006573,  0.000165,  0.074279,  0.106532, -0.215121,\n",
              "         -0.067546,  0.29219 , -0.015008, -0.308414, -0.      ,  0.      ,\n",
              "          0.      , -0.451713, -0.142042,  0.876507, -0.533857, -0.183197,\n",
              "         -0.575795, -0.049082],\n",
              "        [-0.00006 , -0.000157, -0.000578,  0.002383, -0.010857,  0.140609,\n",
              "          0.347667,  0.374053,  0.269851,  0.155429,  0.010659, -0.023701,\n",
              "         -0.014731, -0.374129, -0.538773, -0.226027, -0.148563,  0.736031,\n",
              "         -0.04993 ,  0.517142],\n",
              "        [-0.000741, -0.003406, -0.001945, -0.09277 , -0.07777 ,  0.148325,\n",
              "          0.262093,  0.026336, -0.283979, -0.378748,  0.019021,  0.000858,\n",
              "          0.024172, -0.416229, -0.289877, -0.131248,  0.011264, -0.098953,\n",
              "          0.53773 , -0.999056],\n",
              "        [ 0.000005, -0.001405, -0.0035  ,  0.07955 ,  0.03728 ,  0.221007,\n",
              "          0.072098, -0.396526,  0.167518,  0.31772 ,  0.013341,  0.017841,\n",
              "         -0.020426, -0.407689, -0.156676,  0.475863, -0.148932,  0.156463,\n",
              "         -0.719358, -0.723047],\n",
              "        [-0.000248,  0.000025, -0.003792,  0.077503,  0.03313 ,  0.208474,\n",
              "         -0.224687,  0.203575, -0.281493,  0.230229,  0.18179 , -0.404255,\n",
              "         -0.25124 , -0.087423, -0.062397,  0.620762,  0.585267,  0.24292 ,\n",
              "          0.432583, -0.008594],\n",
              "        [-0.00343 ,  0.002648,  0.000498, -0.000539,  0.184077, -0.007125,\n",
              "          0.093337, -0.259135,  0.229988, -0.176087,  0.324486,  0.01463 ,\n",
              "          0.412356, -0.395214,  0.202107,  0.35955 ,  0.143133, -0.000438,\n",
              "          0.729085,  0.578765],\n",
              "        [-0.000006,  0.001119,  0.002859, -0.078973, -0.004864, -0.09545 ,\n",
              "          0.286201, -0.05791 , -0.375667,  0.17548 ,  0.227579,  0.304358,\n",
              "         -0.348447, -0.302287, -0.043535,  0.031485,  0.342409, -0.541859,\n",
              "         -0.442491,  0.624539],\n",
              "        [ 0.000145, -0.000009,  0.002211, -0.044874, -0.01878 , -0.125252,\n",
              "          0.118079, -0.130331,  0.153545, -0.138329,  0.31454 , -0.699459,\n",
              "         -0.434706,  0.063204,  0.05432 , -0.351112, -0.333223, -0.165337,\n",
              "         -0.248322, -0.012556],\n",
              "        [ 0.002008, -0.001415, -0.000222,  0.003455, -0.103753, -0.000907,\n",
              "         -0.062825,  0.148876, -0.123302,  0.114601,  0.56144 ,  0.025314,\n",
              "          0.713476,  0.242516, -0.106989, -0.203358, -0.083106,  0.003606,\n",
              "         -0.439596, -0.300651],\n",
              "        [ 0.000003, -0.000599, -0.001534,  0.042948,  0.001548,  0.047678,\n",
              "         -0.167854,  0.046903,  0.211442, -0.112184,  0.393768,  0.526612,\n",
              "         -0.602898,  0.18852 ,  0.03047 , -0.034319, -0.19285 ,  0.307868,\n",
              "          0.280111, -0.336458]]),\n",
              " 'C_beta': array([[-0.992711, -0.000186,  0.000484, -0.124578,  0.181067,  0.059908,\n",
              "         -0.014989,  0.001913,  0.014387, -0.0314  ,  0.      ,  0.      ,\n",
              "         -0.      ,  0.137645, -0.16341 ,  0.014519,  0.026665, -0.043313,\n",
              "         -0.045916, -0.005159],\n",
              "        [-0.033161, -0.000197, -0.006348,  0.355324, -0.55223 , -0.200331,\n",
              "          0.05437 , -0.010899, -0.05252 ,  0.120932, -0.      , -0.      ,\n",
              "          0.000001, -0.867257,  1.039004, -0.109389, -0.195561,  0.2671  ,\n",
              "          0.323204,  0.034342],\n",
              "        [-0.000411, -0.005842,  0.992156, -0.173691, -0.018873, -0.13702 ,\n",
              "          0.014613,  0.008261,  0.000558,  0.018854,  0.      , -0.      ,\n",
              "          0.      , -0.030891,  0.090626,  0.053497,  0.094003,  0.17299 ,\n",
              "         -0.0284  , -0.085251],\n",
              "        [ 0.00588 ,  0.007641,  0.036609,  0.441664,  0.045485,  0.420994,\n",
              "         -0.036092, -0.019262, -0.025629, -0.082678, -0.      ,  0.      ,\n",
              "         -0.000001,  0.177246, -0.532857, -0.356997, -0.578151, -1.153209,\n",
              "          0.223436,  0.675234],\n",
              "        [ 0.000142, -0.99244 , -0.005243, -0.139762, -0.148072,  0.09991 ,\n",
              "         -0.028376, -0.012794, -0.017608, -0.013843, -0.      ,  0.      ,\n",
              "          0.      ,  0.030807, -0.003423,  0.128533, -0.15203 , -0.039183,\n",
              "          0.022561,  0.106014],\n",
              "        [-0.000207, -0.035238, -0.008341,  0.371506,  0.423609, -0.324963,\n",
              "          0.105152,  0.061128,  0.039503,  0.045758,  0.      , -0.000001,\n",
              "         -0.      , -0.193618,  0.000971, -0.843008,  0.98533 ,  0.256827,\n",
              "         -0.162936, -0.840271],\n",
              "        [ 0.00652 ,  0.00005 ,  0.000091,  0.073925, -0.158222, -0.197138,\n",
              "         -0.133504, -0.310277, -0.140499, -0.178095, -0.000001,  0.      ,\n",
              "         -0.000001,  0.079581, -1.084249,  0.043711,  0.203748,  0.559911,\n",
              "         -0.012588,  0.342817],\n",
              "        [ 0.006521,  0.000111,  0.000038,  0.064057, -0.169206, -0.096486,\n",
              "          0.292695,  0.090131,  0.305312,  0.014622,  0.000001,  0.      ,\n",
              "          0.000001,  0.706679, -0.190171,  0.65961 ,  0.589227, -0.488735,\n",
              "          0.150902, -0.290371],\n",
              "        [-0.000049, -0.000077, -0.006645,  0.079808,  0.011126,  0.217667,\n",
              "          0.152566, -0.053514, -0.144934, -0.391914, -0.000001,  0.000001,\n",
              "          0.000001,  0.484918,  0.565238,  0.14952 ,  0.260844,  0.653544,\n",
              "         -0.692666,  0.300545],\n",
              "        [ 0.000078,  0.006563,  0.000151,  0.064264,  0.120559, -0.144531,\n",
              "          0.241788, -0.074849, -0.273316,  0.244819, -0.      ,  0.      ,\n",
              "         -0.      ,  0.594061,  0.060976,  0.281863, -0.856403,  0.392542,\n",
              "          0.567091, -0.10477 ],\n",
              "        [ 0.000132,  0.006573,  0.000165,  0.074279,  0.106532, -0.215121,\n",
              "         -0.067546,  0.29219 , -0.015008, -0.308414, -0.      ,  0.      ,\n",
              "          0.      , -0.451713, -0.142042,  0.876507, -0.533857, -0.183197,\n",
              "         -0.575795, -0.049082],\n",
              "        [-0.00006 , -0.000157, -0.000578,  0.002383, -0.010857,  0.140609,\n",
              "          0.347667,  0.374053,  0.269851,  0.155429,  0.010659, -0.023701,\n",
              "         -0.014731, -0.374129, -0.538773, -0.226027, -0.148563,  0.736031,\n",
              "         -0.04993 ,  0.517142],\n",
              "        [-0.000741, -0.003406, -0.001945, -0.09277 , -0.07777 ,  0.148325,\n",
              "          0.262093,  0.026336, -0.283979, -0.378748,  0.019021,  0.000858,\n",
              "          0.024172, -0.416229, -0.289877, -0.131248,  0.011264, -0.098953,\n",
              "          0.53773 , -0.999056],\n",
              "        [ 0.000005, -0.001405, -0.0035  ,  0.07955 ,  0.03728 ,  0.221007,\n",
              "          0.072098, -0.396526,  0.167518,  0.31772 ,  0.013341,  0.017841,\n",
              "         -0.020426, -0.407689, -0.156676,  0.475863, -0.148932,  0.156463,\n",
              "         -0.719358, -0.723047],\n",
              "        [-0.000248,  0.000025, -0.003792,  0.077503,  0.03313 ,  0.208474,\n",
              "         -0.224687,  0.203575, -0.281493,  0.230229,  0.18179 , -0.404255,\n",
